issued_at,link,title,question,answer,fatwa_number,dar_ul_ifta,category_lvl_1,category_lvl_2
2022-11-09,https://almuftionline.com/2022/11/09/8020/,پبلشر سے کتاب چھپوانے کی فقہی تکییف اور غلطی کے ضمان کا حکم,"<p>زید پبلشر ہے اور کتابیں تیار کرنے کا کام کرتا ہے۔ بکر، زید سے کتابیں چھپواتا ہے۔ زید، بکر کو پہلے بھی کتابیں تیار کر کے سپلائی کرتا رہا ہے جن کی رقم بکر کتب وصول کرنے کے کچھ عرصہ بعد ادا کردیتا تھا۔ عموما کتاب کی قیمت پہلے سے طے نہیں کی جاتی تھی، زید مناسب قیمت رکھ کر بکر کو کتابیں سپلائی کرتا جس کی ادائیگی بکر کچھ عرصہ میں کردیتا تھا۔</p><p>بکر نے زید کو تقریبا <span dir=""LTR"">2,000</span> کتب تیار کرنے کا آرڈر دیا، زید نے اپنے خرچ پر یہ کتابیں تیار کیں اور تقریبا آدھی کتابیں فی کتاب 282 روپے کے حساب سے بکر کو سپلائی کردیں۔ بکر نے کتابیں وصول ہونے پر چیک کیں اور کچھ خرابی کی نشان دہی کے ساتھ واپس کردیں کہ درست کر کے بھجوائیں۔ زید نے کتابیں درست کیں جس پر مزید اخراجات ہوئے، اس کے علاوہ میٹیریل کی لاگت، <span dir=""LTR"">Cost of production</span> میں بھی اضافہ ہوگیا۔</p><p>اب زید نے درست شدہ کتابیں بکر کو 282 کی بجائے 315 روپے کے حساب سے سپلائی کیں جس پر بکر نے ادائیگی کرنے سے انکار کیا اور کہا کہ وہ 282 کے حساب سے ہی ادائیگی کرے گا۔</p><p>اس معاملے کی شرعی حیثیت کیا ہوگی؟ جب کہ زید نے کتاب اپنے خرچ پر شائع کی، بکر نے کچھ بھی ایڈوانس ادائیگی نہیں کی۔ قیمت پہلے سے طے شدہ نہیں تھی۔ قیمت کا تعین زید ہی کرتا رہا ہے۔ زید کو کتابیں ٹھیک کرنے پر مزید اخراجات برداشت کرنے پڑے ہیں، لیکن بکر مطلوبہ قیمت ادا کرنے پر تیار نہیں ہے۔ زید نے اضافی اخراجات، اور لاگت اور میٹیریل میں اضافے کی وجہ سے قیمت میں اضافہ کیا ہے۔ کیا زید ایسا کرنے میں حق بجانب ہے؟ اور کیا بکر، زید کی مطلوبہ قیمت ادا کرنے کا پابند نہیں ہے؟</p><p>یہ بات بھی معلوم کرنی ہے کہ جب زید اپنے خرچ پر تمام میٹیریل خریدتا ہے، بکر کے ساتھ فی کتاب کی قیمت پر معاملہ ہوتا ہے، اور زید بکر کو ادھار کتب تیار کر کے دیتا ہے تو کتاب سے متعلقہ چھپائی کے میٹیریل کی ملکیت کس کی ہوگی؟ جب کہ اس سے متعلق کوئی شرط پہلے سے طے شدہ نہیں ہے۔</p><p><strong>وضاحت:</strong> سائل نے فون پر بتایا کہ: کتاب میں خرابی یہ تھی کہ کچھ صفحات آگے پیچھے لگ گئے تھے۔ جب بکر زید کو کتاب چھاپنے کے لیے دیتا تھا تو پیپر کی تعیین ہوتی تھی کہ کونسا پیپر لگے گا، جلد بندی زید معیاری کرتا ہے، بکر کو پتا ہوتا تھا کہ یہ اچھی جلد بندی کرتا ہے؛ اس لیے اس کے بارے میں کوئی بات نہیں ہوتی تھی۔ قیمت کا تعین پہلے سے بالکل نہیں ہوا تھا، نہ ہی اس کے لیے کوئی فارمولہ طے ہوا تھا، چونکہ ہمارے درمیان اعتماد تھا، اس لیے کتاب چھاپنے کے بعد جو قیمت ہم ان کو بتادیتے تھے وہ ادا کردیتے تھے، یہ پہلی دفعہ اس طرح ہوا کہ کتاب میں خرابی آئی، انہوں نے واپس کی، ٹھیک کرنے پر ہمارے اضافی اخراجات آئے جس کی وجہ سے ہم نے قیمت بڑھادی اور اس کے نتیجے میں اختلاف ہوا، اس لیے میں نے سوچا کہ اس بارے میں شریعت کا حکم معلوم کرلوں۔</p><p>یہ کتاب بکر کی اپنی لکھی ہوئی ہے، کتابیں تیار ہونے کے بعد بکر خود بیچتا ہے، زید کو چھاپنے کے پیسے دیتا ہے، مثلا فی کتاب 282 یا 315۔       </p>","<h4 class=""has-text-align-center"">اَلجَوَابْ بِاسْمِ مُلْہِمِ الصَّوَابْ</h4><p>سوال کے جواب سے پہلے چند باتیں بطورِ تمہید ذکر کرنا مناسب ہے:-</p><p>(1)۔۔۔ پبلشر سے کتاب چھپوانا عقدِ اجارہ (اجرت کے بدلے خدمات فراہم کرنا) ہے، کتاب کی چھپائی کا آرڈر دینے والا مستأجِر (اجرت پر کام لینے والا) اور پبلشر اجیرِ مشترک (مختلف لوگوں کے لیے اجرت کے بدلے کام کرنے والا) ہے۔ اس معاملے کی فقہی تکییف اجارہ سے کرنے کی وجہ یہ ہے کہ کتاب میں اصل لکھا ہوا مواد ہوتا ہے، اور وہ مواد مصنف اور حقوقِ طباعت رکھنے والے کی ملکیت ہوتی ہے، پبلشر کی نہیں؛ اس لیے پبلشر کی طرف سے جو چیزیں یعنی کاغذ، گتا وغیرہ طباعت میں لگتا ہے، اس کو خدمات کے تابع سمجھا جائے گا۔ کتبِ فقہ میں اگرچہ کتاب لکھوانے کے معاملے میں کاتب پر کاغذ کی شرط لگانے کو (مقتضائے عقد کے خلاف ہونے کی وجہ سے) اجارہ فاسد کرنے کا سبب قرار دیا ہے، لیکن ایسی شرائط کا اگر عرف بن جائے تو پھر ان سے اجارہ فاسد نہیں ہوتا، اور ہمارے زمانے میں کاغذ پبلشر کی طرف سے ہونے کا عرفِ عام ہے، اس لیے اس سے معاملے پر کوئی اثر نہیں پڑے گا۔</p><p>اس معاملے کی بظاہر بیعِ استصناع کے ساتھ بھی مشابہت ہے، لیکن اس کی تکییف استصناع کے ساتھ نہیں کی جاسکتی؛ کیونکہ استصناع میں اصل چیز صانع کی طرف سے ہوتی ہے، جبکہ یہاں ایسا نہیں، یہاں اصل چیز یعنی کتاب کا مواد مستصنع (مصنفِ کتاب یا حقوقِ طباعت رکھنے والے) کی طرف سے ہوتی ہے، مزید یہ کہ استصناع میں مبیع یعنی شیئِ مصنوع (جس چیز کے بنانے کا آرڈر دیا گیا ہو) وصفاً متعین ہوتا ہے، ذاتاً متعین نہیں ہوتا، چنانچہ بائع (جس کو چیز بنانے کا آرڈر دیا گیا ہو) جب تک وہ چیز بنا کر آرڈر دینے والے کے قبضہ میں نہ دے، خود اس کا مالک ہوتا ہے اور آرڈر دینے والے کے علاوہ کسی اور کو بھی بیچ سکتا ہے، جبکہ یہاں پبلشر کتاب کسی اور کو نہیں بیچ سکتا، بلکہ وہ مصنف یا حقوقِ طباعت رکھنے والے ہی کی ہوتی ہے۔</p><p>(2)۔۔۔ کام کے دوران اجیرِ مشترک جو میٹریل اپنی رقم سے خریدے وہ اسی کی ملکیت ہوتی ہے۔ لہٰذا کتاب کی چھپائی سے متعلقہ میٹریل جب پبلشر خریدتا ہے تو کتاب تیار کر کے صاحبِ کتاب کو دینے سے پہلے اس میٹریل کا مالک پبلشر ہی ہوگا۔</p><p>(3)۔۔۔ اجارہ میں معاملہ کرتے وقت ہی اجرت متعین کرنا ضروری ہے۔ اجرت متعین نہ کرنے کی صورت میں اجارہ فاسد ہوجاتا ہے، ایسی صورت میں اگر اجیر (اجرت کے بدلے کام کرنے والے) نے وہ کام کرلیا ہو تو اس کے لیے اجرتِ مثل (مارکیٹ میں اس جیسے کام کی جو اجرت بنتی ہو) واجب ہوتی ہے۔</p><p>(4)۔۔۔ اجیرِ مشترک سے اگر کوئی غلطی ہو تو اس کا ذمہ دار وہ خود ہوتا ہے، اس کی غفلت اور لاپرواہی کی وجہ سے  اخراجات بڑھنے کی صورت میں وہ اجرت میں اضافہ کا مطالبہ نہیں کرسکتا، مستأجِر (اجرت پر کام لینے والے) پر وہی اجرت لازم ہوگی جو (اجرت متعین ہونے کی صورت میں) عقد کے وقت طے ہوئی ہو، یا (اجرت متعین نہ ہونے کی صورت میں) جو اس کام کی اجرتِ مثل بن رہی ہو۔</p><p>اس تمہید کے بعد آپ کے سوال کا جواب یہ ہے کہ صورتِ مسئولہ میں جب کتاب کی چھپائی کا معاملہ طے کرتے وقت آپ زید اور بکر نے اجرت بالکل متعین نہیں کی تھی تو تمہید میں بیان کردہ نکتہ نمبر 3 کے مطابق یہ اجارہ، اجارۂ فاسدہ تھا، پھر اس میں صفحات آگے پیچھے ہونے کی جو غلطی سامنے آئی، وہ پبلشر یعنی زید کی کوتاہی تھی، لہٰذا نکتہ نمبر 4 کے مطابق اس کا ذمہ دار وہ خود ہوگا، اس غلطی کو درست کرنے پر جو اخراجات ہوئے ہیں، زید ان کا مطالبہ بکر سے نہیں کرسکتا۔ بکر پر صرف اجرتِ مثل واجب ہوگی، یعنی غلطی درست کرنے کے بعد کتاب جس صورتِ حال میں ہے، مارکیٹ میں اس طرح کی چھپائی فی کتاب جس قیمت پر ہو، زید بکر کو وہی قیمت دینے کا پابند ہوگا، چاہے وہ 282 روپیہ ہو،  315 روپیہ ہو، یا کم وبیش۔ نیز اب تک جتنے معاملات پہلے سے اجرت طے کیے بغیر کیے ہیں، ان پر توبہ واستغفار کریں، اور آئندہ کتاب کی چھپائی سے قبل معاملہ کرتے وقت ہی اجرت متعین کرلیا کریں۔</p><h6 class=""has-text-align-right"">حوالہ جات</h6><h5><h5>الدر المختار (6/ 17):</h5>
<h5>فروع: الملبن على اللبان، والتراب على المستأجر، وإدخال الحمل المنزل على الحمال، لا صبه في الجوالق، أو صعوده للغرفة، إلا بشرط، وإيكاف دابة للحمل على المكاري، وكذا الحبال والجوالق، والحبر على الكاتب، واشتراط الورق عليه يفسدها،  ظهيرية<span dir=""LTR"">.</span></h5>
<h5>رد المحتار (6/ 17):</h5>
<h5> قوله ( واشتراط الورق عليه يفسدها ) أما اشتراط الحبر فلا،  حموي<span dir=""LTR"">.</span></h5>
<h5>الدر المختار (6/ 46):</h5>
<h5>( تفسد الإجارة بالشروط المخالفة لمقتضى العقد فكلما أفسد البيع ) مما مر ( يفسدها ) كجهالة مأجور أو أجرة أو مدة أو عمل، وكشرط طعام عبد وعلف دابة ومرمة الدار أو مغارمها وعشر أو خراج أو مؤنة رد،  أشباه<span dir=""LTR"">.</span></h5>
<h5>رد المحتار (6/ 47):</h5>
<h5>( وكشرط طعام عبد وعلف دابة ) في الظهيرية: استأجر عبدا أو دابة على أن يكون علفها علی المستأجر، ذكر في الكتاب أنه لا يجوز، وقال الفقيه أبو الليث: في الدابة نأخذ بقول المتقدمین، أما في زماننا فالعبد یأکل من مال المستأجر عادةً، اه<span dir=""LTR"">.</span> قال الحموي: أي فیصح اشتراطه<span dir=""LTR"">.</span> واعترضه ط بقوله فرق بين الأكل من مال المستأجر بلا شرط ومنه بشرط اه.   أقول: المعروف كالمشروط، وبه يشعر كلام الفقيه كما لا يخفى على النبيه، ثم ظاهر كلام الفقيه أنه لو تعورف في الدابة ذلك يجوز، تأمل. </h5>
<h5>المجلة (ص: 106):</h5>
<h5>( مادة 574): كل ما كان من توابع العمل ولم يشرط على الأجير يعتبر فيه عرف البلدة وعادتها، كما أن العادة في كون الخيط على الخياط<span dir=""LTR"">.</span></h5>
<h5>درر الحكام شرح مجلة الأحكام (1/ 563):</h5>
<h5>وقد قالوا في توابع العقود التي لا ذكر للشروط فيها إنها تحمل على عادة كل بلد، كالسلك على الخياط، والدقيق الذي يصلح الحائك به الثوب على رب الثوب، وإدخال الحنطة المنزل على المكاري، بخلاف الصعود بها إلى الغرفة أو السطح والإكاف على رب الدابة والحبال والجوالق على ما تعارفوه ( رد المحتار ) . وكما هي العادة في زماننا كون الخيط على الخياط، أو تحميل الحمل على ظهر الدابة على المكاري، والحبر على الكاتب . مثلا لو استؤجر مكار لنقل حمل على ظهره أو على دابة فعليه الحبل للتحميل؛ لأن الحبل يكون لصيانة الحمل عن الوقوع، واذا شرط عليه إحضار الجوالق فعليه استحضاره أيضا، كذلك على الطباخ الذي يستأجر لطبخ طعام لوليمة أن يصبه في أواني الأكل، وإن استؤجر لطبخ قدر خاص لا يكون ذلك على الطباخ ( الهندية ) في المحل المذكور<span dir=""LTR"">.</span> وإذا استأجر حيوانا فالإكاف والحبال والجوالق على ما تعارفوه، وکذلك اللجام والسرج فیما یستأجر للرکوب من الدواب علی ما تعارف الناس واعتادوه (الهندیة في الباب السادس عشر)<span dir=""LTR"">.</span></h5>
<h5>الفتاوى البزازية (6/ 46):</h5>
<h5>القياس يقتضي أن لا يجوز اجارة الظئر كما لو استأجر بقرة ليشرب لبنها، وجه الاستحسان قوله تعالى ""فان أرضعن لكم فآتوهن أجورهن"" الآية، <strong>والعقد يرد على التربية، واللبن تبع، كما لو استأجر كاتبا يدخل الحبر تبعا</strong><strong><span dir=""LTR"">.</span></strong></h5>
<h5>الفتاوى الهندية (4/ 495):</h5>
<h5>وسئل عمن استأجر وراقا ليكتب له مصحفا وينقطه ويعشره بكذا ويعجمه فأخطأ في بعض النقط والعواشر قال أبو جعفر لو فعل ذلك في كل ورقة فالدافع بالخيار إن شاء أخذ وأعطاه أجر مثله ولا يتجاوز به المسمى وإن شاء رد عليه وأخذ ما أعطاه وإن وافقه في البعض دون البعض أعطاه حصة ما وافق من المسمى وما خالف من المثل كذا في الحاوي<span dir=""LTR"">.</span></h5>
<h5>المحيط البرهاني (8/ 392):</h5>
<h5>استأجر وراقاً ليكتب له جميع القرآن، وينقطه، ويعجمه، ويعشره وأعطاه الكاغد والحبر، وشرط له بدلاً معلوماً، فأصاب الوراق البعض وأخطأ في البعض، فإن فعل ذلك في كل ورقة فله الخيار، إن شاء أخذه وأعطاه أجر مثل عمله لا يجاوز ما سمى، وإن شاء ترك عليه وأخذ منه قيمة ما أعطاه، وإن كان ذلك في بعض المصحف دون البعض، يعطيه حصة ما أصاب من المسمى، ويعطيه مثل عمله؛ لأنه وافق في البعض، وخالف في البعض، وقيل في النكال إذا غلط في جميع حدوده أو في بعضه، فإن لم يصلحه فلا أجر له، وإن أصلحه فللآجر الخيار، وإن رضي به فللكاتب أجر مثله.</h5>
<h5>المحيط البرهاني (8/ 22):</h5>
<h5>القياس يأبى جواز إجارة الظئر؛ لأنها ترد على استهلاك العين مقصوداً وهو اللبن، فهو بمنزلة ما لو استأجر شاة أو بقرة مدة معلومة بأجرة معلومة ليشرب لبنها لكن جوزناها استحساناً بقوله تعالى: {فإن أرضعن لكم فأتوهن أجورهن} (الطلاق: 6) ، وهذا العقد لا يرد على العين وهو اللبن مقصوداً، وإنما يرد على فعل التربية والحضانة وخدمة الصبي، واللبن يدخل فيه تبعاً لهذه الأشياء، هذا جائز. كما لو استأجر صباغاً يصبغ له الثوب فإنها جائزة، وطريق الجواز: أن يجعل العقد وارداً على فعل الصبّاغ، والصبغ يدخل فيها تبعاً فلم تكن الإجارة واردة على استهلاك العين مقصوداً<span dir=""LTR"">.</span></h5>
<h5>المبسوط للسرخسي (13/ 25):</h5>
<h5>ثم الشرط في البيع على أوجه: إما أن يشترط شرطا يقتضه العقد، كشرط الملك للمشتري في المبيع أو شرط تسليم الثمن أو تسليم المبيع، فالبيع جائز؛ لأن هذا بمطلق العقد يثبت، فالشرط لا يزيده إلا وكادة، وإن كان شرطا لا يقتضيه العقد و فيه عرف ظاهر، فذلك جائز أيضا ،كما لو اشتری نعلا وشراکا بشرط أن یحذوه البائع؛ لأن الثابت بالعرف ثابت بدلیل شرعی، ولأن في النزوع عن العادة الظاهرة حرجا بينا<span dir=""LTR"">……….</span> الخ</h5>
<h5>فقه البیوع (1/513-512):</h5>
<h5>235- الصورة المتعارفة للجمع بین صفقات:</h5>
<h5>ومما تعورف في عصرنا أن الناس یلتزمون تقدیم مجموعة من الخدمات في صفقة واحدة، بعضها ترجع إلی الإجارات، وبعضها ترجع إلی البیوع، فوکلاء السفر یقدمون خدمات الحج والعمرة مثلا، فیلتزمون جمیع حاجات المسافر في صفقة واحدة، بما فیها الحصول علی التأشیرة، وإکمال الإجراءات القانونیة، وتذاکر عدة من الأسفار الجویة والبریة، والإقامة في فنادق، أوفي الخیام في مواضع متعددة، وثلاث وجبات للأکل یومیا، مع جهالة نوعها ومقدارها، ویتقاضون لهذه المجموعة أجرًا مقطوعًا<span dir=""LTR"">.</span> فهذه مجموعة عدة عقود بعضها إجارات، وبعضها بیوع، وکل واحد منها مشروط بالعقود الأخری<span dir=""LTR"">.</span></h5>
<h5>وکذلك أجر الإقامة في بعض الفنادق تشمل الفطور، أو الوجبات الثلاثة مع الجهالة في نوعها وقدرها<span dir=""LTR"">.</span> فظاهر القیاس أن لایجوز؛ لأنه اشتراط صفقات في صفقة واحدة، مع الجهالة فیما هو مبیع، ولکن جری به التعامل من غیر نکیر، والجهالة غیر مفضیة إلی النزاع، فصار هذا المجموع جائزا<span dir=""LTR"">.</span></h5>
<h5>فقه البیوع (1/603-602):</h5>
<h5>وقد تعورف في زماننا الاستصناع في البنایات، وله صورتان:</h5>
<h5>الصورة الأولی: أن تکون الأرض ملکًا للمستصنع، ویطلب مالك الأرض من المقاول أن یبني علیها عمارةً حسب تصمیم معین<span dir=""LTR"">.</span> فإن کانت المقاولة لعمل البناء فقط، والمواد کلها من قبل صاحب الأرض، فالعقد لیس استصناعًا، وإنما هو إجارة تنطبق علیها أحکام إجارة الأشخاص<span dir=""LTR"">.</span> وأما إذا کانت المقاولة تشمل عمل البناء مع توفیر المواد من قبل المقاول، فهو استصناع<span dir=""LTR"">.</span> أما إذا کان بعض المواد من المقاول وبعضها من صاحب الأرض، فإن کان ما یقدمه المقاول شیئًا یسیراً، یمکن أن یأخذ حکم الإجارة، ویقاس علی ما ذکره الفقهاء من إجارة الکاتب لیکتب کتابًا بحبره أو إجارة الصباغ لیصبغ ثوبه بصبغ من عنده<span dir=""LTR"">.</span> جاء في المحیط البرهانی:</h5>
<h5>""لو استأجر صباغاً يصبغ له الثوب فإنها جائزة، وطريق الجواز: أن يجعل العقد وارداً علی فعل الصبّاغ، والصبغ يدخل فيها تبعاً فلم تكن الإجارة واردة على استهلاك  العين   مقصوداً<span dir=""LTR"">.</span>""</h5>
<h5>وأما إذا کانت معظم المواد، أو الجوهریة منها من قبل المقاول، فالظاهر أنه استصناع<span dir=""LTR"">.</span></h5>
<h5>المجلة (ص: 87-84):</h5>
<h5>(مادة 437): وتنعقد الإجارة بالتعاطي أيضا، كالركوب في باخرة المسافرين وزوارق المواني ودواب الكراء من دون مقاولة، فإن كانت الأجرة معلومة أعطيت، وإلا فأجرة المثل<span dir=""LTR"">.</span></h5>
<h5> ( مادة 461): الإجارة الفاسدة نافذة، لكن الآجر يملك فيها أجر المثل، ولا يملك الأجر المسمى<span dir=""LTR"">.</span></h5>
<h5>(مادة 462): فساد الإجارة ينشأ بعضه عن كون البدل مجهولا، وبعضه عن فقدان شرائط الصحة الأخر، ففي الصورة الأولى يلزم أجر المثل بالغا ما بلغ، وفي الصورة الثانية يلزم أجر المثل بشرط أن لا يتجاوز الأجر المسمى<span dir=""LTR"">.</span></h5>
</h5><p>     عبداللہ ولی غفر اللہ لہٗ</p><p>  دار الافتاء جامعۃ الرشید کراچی</p><p>  13/ربیع الثانی/1444ھ</p><h6 class=""has-text-align-center"">واللہ سبحانہ وتعالی اعلم</h6><figure class=""wp-block-table""><table><tbody><tr><td><h3>مجیب</h3></td><td>عبداللہ ولی</td><td><h3>مفتیان</h3></td><td>سیّد عابد شاہ صاحب / محمد حسین خلیل خیل صاحب</td></tr></tbody></table></figure>",8020,jameya-tur-rasheed,اجارہ یعنی کرایہ داری اور ملازمت کے احکام و مسائل,کرایہ داری کے جدید مسائل
2022-11-09,https://almuftionline.com/2022/11/09/8027/,وفات کے بعد دکان بیٹیوں کو دینے کی وصیت اور مناسخہ سے متعلق مسئلہ,<p>ہم چار بہنیں ہیں، ہمارا کوئی بھائی نہیں ہے۔ ہماری دکان ہے، جو پہلے ہماری والدہ کی ملکیت تھی، جس کے لیے انہوں نے اپنی زندگی میں ہی کہہ دیا تھا کہ یہ دوکان میری چاروں بیٹیوں کی ہے۔  والدہ کے انتقال کے تین سال بعد ہم چاروں نے رجسٹرار آفس جا کر یہ دکان اپنی خوشی سے اپنے والد کے نام پر ٹرانسفر کر دی تھی، اسی دوران وہاں والد صاحب نے رجسٹرار آفس کے سامنے یہ کہا تھا کہ میرے مرنے کے بعد یہ دکان صرف میری چاروں بیٹیوں کی ہے اور یہی بات وہ خاندان کے افراد کے سامنے بھی کہہ چکے ہیں، چھ سات افراد اس بات کے گواہ بھی ہیں۔  یکم اپریل/ 2020 کو والد صاحب کا بھی انتقال ہو گیا۔  یہ دکان ہمارے والد صاحب کی ذاتی کمائی سے خریدی  ہوئی ہے ۔ اس میں دادا کی وراثت سے انہیں کچھ نہیں  ملا تھا۔  دادا کا 35 سال سے زائد عرصہ ہوا انتقال ہو چکا ہے۔  دادی حیات ہیں۔ ہم یہ جاننا چاہتے ہیں کہ اس دکان میں ہماری دادی کا شرعاً  کچھ حصہ بنتا ہے یا نہیں؟  اور اگر کوئی حصہ بنتا ہے تو کتنا ہوگا؟</p><p><strong>وضاحت:</strong> مستفتی سے تنقیح کرنے پر معلوم ہوا کہ مرحومہ کے والدین،  بیٹا اورچچا میں سے کوئی بھی نہیں ہے،  البتہ  ان کے انتقال کے وقت ان کے شوہر، چار بیٹیاں، چار بھائی اور چار بہنیں موجود تھیں، ان کی وفات کے بعد ایک بھائی  کا انتقال ہوگیا ہے ، اس کی اولاد موجود ہے، اس کے علاوہ باقی سب بہن بھائی حیات ہیں۔والد مرحوم کے انتقال کے وقت ان کے ورثاء میں ان کی والدہ، دو بہنیں، پانچ بھائی اور چار بیٹیاں حیات تھیں۔</p><p>سائل نے یہ بھی بتایا کہ دکان زندگی میں والدہ کی ملکیت میں ہی رہی، انہوں نے اپنی وفات کے بعد اپنی بیٹیوں کو دینے کا کہا تھا، پھر ان کی وفات کے بعدبیٹیوں نے مرحومہ کے بہن بھائیوں  کا حصہ دیے بغیراور ترکہ تقسیم کیے بغیر باہم مشورہ سے والد کے نام کروا دی اور ان کو مالک بنا دیا۔   </p>,"<h4 class=""has-text-align-center"">اَلجَوَابْ بِاسْمِ مُلْہِمِ الصَّوَابْ</h4><p>زندگی میں اپنا مال وفات کے بعد کسی کو دینے کی تلقين کرنا شرعاً وصیت کا حکم رکھتا ہے اور وصیت کے بارے میں شرعی اصول یہ ہے کہ وارث کے لیے وصیت معتبر نہیں ہوتی، لہذا مرحومہ کا اپنی زندگی میں یہ کہنا کہ میری وفات کے بعد مذکورہ دکان میری ان چار بیٹیوں کی ہو گی ،شرعا اس کا اعتبار نہیں، بلکہ  يہ دكان مرحومہ كا تركہ شمار ہو گی اور مرحومہ نے مذکورہ  دکان سمیت بوقت ِانتقال اپنی ملکیت میں منقولہ وغیر منقولہ مال،جائیداد،سونا ،چاندی،نقدی اور ہر قسم کا چھوٹا بڑا جو کچھ ساز وسامان چھوڑا ہے اور مرحومہ  کا  وہ قرض جو کسی کے ذمہ  واجب  الادء ہو، يہ  سب مرحومہ کا ترکہ ہے۔ اس میں سے سب سے پہلے مرحومہ کے کفن دفن کے متوسط اخراجات نکالنے،مرحومہ کے ذمہ واجب الاداء قرض ادا کرنے اور ترکہ کے ایک تہائی(<span dir=""LTR"">3</span>/<span dir=""LTR"">1</span>) تک جائز وصیت (اگر مرحومہ نے کوئی وصیت کی ہو) پر عمل کرنے کے بعد جو ترکہ باقی بچے  ان کے تمام ورثاء کے درمیان ان کے شرعی حصوں کے مطابق تقسیم ہو گا، لہذا بقیہ ترکہ کوایک سو چوالیس (144) حصوں میں  برابرتقسیم کرکے  مرحومہ کے شوہر کو چھتیس (36) حصے، ہر بیٹی کو چوبیس (24) حصے ، ہر بھائی کو دو (2) حصے اور ہر بہن کو ایک (1) حصہ دیا جائے گا، فيصدی لحاظ سے ہر وارث كے حصہ کی تفصیل ذیل کے  نقشہ میں  ملاحظہ فرمائیں:</p><table align=""right"" border=""1"" cellpadding=""0"" cellspacing=""0"">
<tbody>
<tr>
<td style=""width:90px"">
<p><strong>نمبر شمار</strong></p>
</td>
<td style=""width:108px"">
<p><strong>وارث</strong></p>
</td>
<td style=""width:114px"">
<p><strong>  عددی حصہ</strong></p>
</td>
<td style=""width:126px"">
<p><strong>فيصدی حصہ</strong></p>
</td>
</tr>
<tr>
<td style=""width:90px"">
<p>1</p>
</td>
<td style=""width:108px"">
<p>خاوند</p>
</td>
<td style=""width:114px"">
<p>36</p>
</td>
<td style=""width:126px"">
<p><span dir=""LTR"">25%</span></p>
</td>
</tr>
<tr>
<td style=""width:90px"">
<p>2</p>
</td>
<td style=""width:108px"">
<p>بیٹی</p>
</td>
<td style=""width:114px"">
<p>24</p>
</td>
<td style=""width:126px"">
<p><span dir=""LTR"">16.666%</span></p>
</td>
</tr>
<tr>
<td style=""width:90px"">
<p>3</p>
</td>
<td style=""width:108px"">
<p>بیٹی</p>
</td>
<td style=""width:114px"">
<p>24</p>
</td>
<td style=""width:126px"">
<p><span dir=""LTR"">16.666%</span></p>
</td>
</tr>
<tr>
<td style=""width:90px"">
<p>4</p>
</td>
<td style=""width:108px"">
<p>بیٹی</p>
</td>
<td style=""width:114px"">
<p>24</p>
</td>
<td style=""width:126px"">
<p><span dir=""LTR"">16.666%</span></p>
</td>
</tr>
<tr>
<td style=""width:90px"">
<p>5</p>
</td>
<td style=""width:108px"">
<p>بیٹی</p>
</td>
<td style=""width:114px"">
<p>24</p>
</td>
<td style=""width:126px"">
<p><span dir=""LTR"">16.666%</span></p>
</td>
</tr>
<tr>
<td style=""width:90px"">
<p>6</p>
</td>
<td style=""width:108px"">
<p>بھائی</p>
</td>
<td style=""width:114px"">
<p>2</p>
</td>
<td style=""width:126px"">
<p><span dir=""LTR"">1.388%</span></p>
</td>
</tr>
<tr>
<td style=""width:90px"">
<p>7</p>
</td>
<td style=""width:108px"">
<p>بھائی</p>
</td>
<td style=""width:114px"">
<p>2</p>
</td>
<td style=""width:126px"">
<p><span dir=""LTR"">1.388%</span></p>
</td>
</tr>
<tr>
<td style=""width:90px"">
<p>8</p>
</td>
<td style=""width:108px"">
<p>بھائی</p>
</td>
<td style=""width:114px"">
<p>2</p>
</td>
<td style=""width:126px"">
<p><span dir=""LTR"">1.388%</span></p>
</td>
</tr>
<tr>
<td style=""width:90px"">
<p>9</p>
</td>
<td style=""width:108px"">
<p>بھائی</p>
</td>
<td style=""width:114px"">
<p>2</p>
</td>
<td style=""width:126px"">
<p><span dir=""LTR"">1.388%</span></p>
</td>
</tr>
<tr>
<td style=""width:90px"">
<p>10</p>
</td>
<td style=""width:108px"">
<p>بہن</p>
</td>
<td style=""width:114px"">
<p>1</p>
</td>
<td style=""width:126px"">
<p><span dir=""LTR"">0.694%</span></p>
</td>
</tr>
<tr>
<td style=""width:90px"">
<p>11</p>
</td>
<td style=""width:108px"">
<p>بہن</p>
</td>
<td style=""width:114px"">
<p>1</p>
</td>
<td style=""width:126px"">
<p><span dir=""LTR"">0.694%</span></p>
</td>
</tr>
<tr>
<td style=""width:90px"">
<p>12</p>
</td>
<td style=""width:108px"">
<p>بہن</p>
</td>
<td style=""width:114px"">
<p>1</p>
</td>
<td style=""width:126px"">
<p><span dir=""LTR"">0.694%</span></p>
</td>
</tr>
<tr>
<td style=""width:90px"">
<p>13</p>
</td>
<td style=""width:108px"">
<p>بہن</p>
</td>
<td style=""width:114px"">
<p>1</p>
</td>
<td style=""width:126px"">
<p><span dir=""LTR"">0.694%</span></p>
</td>
</tr>
</tbody>
</table><p>اس کے بعد آپ کے والد مرحوم کواپنی اہلیہ کی طرف سے ملنے والے حصے سمیت انہوں نے بوقت ِانتقال اپنی ملکیت میں منقولہ وغیر منقولہ مال،جائیداد،سونا ،چاندی،نقدی اور ہر قسم کا چھوٹا بڑا جو کچھ ساز وسامان چھوڑا ہے اور مرحوم  کا  وہ قرض جو کسی کے ذمہ  واجب  الادء ہو، يہ  سب مرحوم کا ترکہ ہے۔ اس میں سے سب سے پہلے مرحوم کے کفن دفن کے متوسط اخراجات نکالنے،مرحوم کے ذمہ  واجب الاداء قرض ادا کرنے اور کل ترکہ کے ایک تہائی(<span dir=""LTR"">3</span>/<span dir=""LTR"">1</span>) تک جائز وصیت (اگر مرحوم نے کوئی جائز وصیت کی ہو) پر عمل کرنے کے بعد جو ترکہ باقی بچے    اس کو بہتر (72) حصوں میں  برابرتقسیم کرکے  مرحوم کی والدہ کو باره (12) حصے، ہر بیٹی کو باره (12) حصے ، ہر بھائی کو دو (2) حصے اور ہر بہن کو ایک (1) حصہ دیا جائے گا، فيصدی لحاظ سے ہر وارث كے حصہ کی تفصیل ذیل کے  نقشہ میں  ملاحظہ فرمائیں:</p><table align=""right"" border=""1"" cellpadding=""0"" cellspacing=""0"">
<tbody>
<tr>
<td style=""width:90px"">
<p><strong>نمبر شمار</strong></p>
</td>
<td style=""width:108px"">
<p><strong>وارث</strong></p>
</td>
<td style=""width:114px"">
<p>    <strong>عددی حصہ</strong></p>
</td>
<td style=""width:126px"">
<p><strong>فيصدی حصہ</strong></p>
</td>
</tr>
<tr>
<td style=""width:90px"">
<p>1</p>
</td>
<td style=""width:108px"">
<p>والدہ</p>
</td>
<td style=""width:114px"">
<p>12</p>
</td>
<td style=""width:126px"">
<p><span dir=""LTR"">16.666%</span></p>
</td>
</tr>
<tr>
<td style=""width:90px"">
<p>2</p>
</td>
<td style=""width:108px"">
<p>بیٹی</p>
</td>
<td style=""width:114px"">
<p>12</p>
</td>
<td style=""width:126px"">
<p><span dir=""LTR"">16.666%</span></p>
</td>
</tr>
<tr>
<td style=""width:90px"">
<p>3</p>
</td>
<td style=""width:108px"">
<p>بیٹی</p>
</td>
<td style=""width:114px"">
<p>12</p>
</td>
<td style=""width:126px"">
<p><span dir=""LTR"">16.666%</span></p>
</td>
</tr>
<tr>
<td style=""width:90px"">
<p>4</p>
</td>
<td style=""width:108px"">
<p>بیٹی</p>
</td>
<td style=""width:114px"">
<p>12</p>
</td>
<td style=""width:126px"">
<p><span dir=""LTR"">16.666%</span></p>
</td>
</tr>
<tr>
<td style=""width:90px"">
<p>5</p>
</td>
<td style=""width:108px"">
<p>بیٹی</p>
</td>
<td style=""width:114px"">
<p>12</p>
</td>
<td style=""width:126px"">
<p><span dir=""LTR"">16.666%</span></p>
</td>
</tr>
<tr>
<td style=""width:90px"">
<p>6</p>
</td>
<td style=""width:108px"">
<p>بھائی</p>
</td>
<td style=""width:114px"">
<p><span dir=""LTR"">2</span></p>
</td>
<td style=""width:126px"">
<p><span dir=""LTR"">2.777%</span></p>
</td>
</tr>
<tr>
<td style=""width:90px"">
<p>7</p>
</td>
<td style=""width:108px"">
<p>بھائی</p>
</td>
<td style=""width:114px"">
<p><span dir=""LTR"">2</span></p>
</td>
<td style=""width:126px"">
<p><span dir=""LTR"">2.777%</span></p>
</td>
</tr>
<tr>
<td style=""width:90px"">
<p>8</p>
</td>
<td style=""width:108px"">
<p>بھائی</p>
</td>
<td style=""width:114px"">
<p><span dir=""LTR"">2</span></p>
</td>
<td style=""width:126px"">
<p><span dir=""LTR"">2.777%</span></p>
</td>
</tr>
<tr>
<td style=""width:90px"">
<p>9</p>
</td>
<td style=""width:108px"">
<p>بھائی</p>
</td>
<td style=""width:114px"">
<p><span dir=""LTR"">2</span></p>
</td>
<td style=""width:126px"">
<p><span dir=""LTR"">2.777%</span></p>
</td>
</tr>
<tr>
<td style=""width:90px"">
<p>10</p>
</td>
<td style=""width:108px"">
<p>بھائی</p>
</td>
<td style=""width:114px"">
<p><span dir=""LTR"">2</span></p>
</td>
<td style=""width:126px"">
<p><span dir=""LTR"">2.777%</span></p>
</td>
</tr>
<tr>
<td style=""width:90px"">
<p>11</p>
</td>
<td style=""width:108px"">
<p>بہن</p>
</td>
<td style=""width:114px"">
<p><span dir=""LTR"">1</span></p>
</td>
<td style=""width:126px"">
<p><span dir=""LTR"">1.388%</span></p>
</td>
</tr>
<tr>
<td style=""width:90px"">
<p>12</p>
</td>
<td style=""width:108px"">
<p>بہن</p>
</td>
<td style=""width:114px"">
<p><span dir=""LTR"">1</span></p>
</td>
<td style=""width:126px"">
<p><span dir=""LTR"">1.388%</span></p>
</td>
</tr>
</tbody>
</table><p>واضح رہے کہ جس بھائی کا انتقال والدہ کی وفات کے بعد ہوا ہے وہ بھی اپنی بہن کی وراثت میں اپنے شرعی حصے کے مطابق حق دار ہو گا اور اس کو ملنے والا حصہ اس کی اولاد اور دیگر ورثاء کو دیا جائے گا۔</p><p>نیز والدہ کی وفات کے بعد چاروں بیٹیوں کا یہ دکان اپنے والد کے نام کروانا شرعی اعتبار سے ہبہ(ہدیہ)تھا اورشرعاً ہبہ کے لیے ملکیت کا ہونا ضروری ہے، جبکہ اس میں دیگر ورثاء یعنی مرحومہ کے بہن بھائیوں  کا بھی حصہ تھا، لہذا ان چار بیٹیوں کا ترکہ تقسیم کرنے سے پہلے اپنی مرضی سے دکان بطورِ ہبہ والد صاحب کو دینا درست نہیں تھا، لیکن جب انہوں نےمالکانہ طور پردکان والد کے نام کروا دی تو اب حکم یہ ہے کہ اگر اس دکان کی قیمت مرحومہ کے ترکہ میں بیٹیوں اوروالدکے شرعی حصوں کے برابر تھی تو یہ دکان والد کو ہبہ کرنا درست ہو گیا، لیکن اگر دکان کی قیمت بیٹیوں اور والدکے مجموعی حصوں سے زیادہ تھی تو اتنے حصے میں ہبہ دیگر ورثاء کی اجازت پر موقوف ہو گا، لہذا اگر دیگر ورثاء اس کو جائز قرار دے دیں تو یہ ہبہ درست شمار ہو گا، ورنہ ان کو بیٹیوں سے اتنی قیمت لینے کا حق حاصل ہو گا۔</p><h6 class=""has-text-align-right"">حوالہ جات</h6><h5><h5>  القرآن الکریم : [النساء/11]</h5>
<h5>       يوصيكم اللَّه في أَولَادكم للذكَر مثل حظ الأنثيينِ فَإِنْ كُنَّ نِسَاءً فَوْقَ اثْنَتَيْنِ فَلَهُنَّ ثُلُثَا مَا تَرَكَ وَإِنْ كَانَتْ وَاحِدَةً فَلَهَا النِّصْفُ وَلِأَبَوَيْهِ لِكُلِّ وَاحِدٍ مِنْهُمَا السُّدُسُ مِمَّا تَرَكَ إِنْ كَانَ لَهُ وَلَدٌ ۔</h5>
<h5>  القرآن الکریم : [النساء: 12]</h5>
<h5>{وَلَكُمْ نِصْفُ مَا تَرَكَ أَزْوَاجُكُمْ إِنْ لَمْ يَكُنْ لَهُنَّ وَلَدٌ فَإِنْ كَانَ لَهُنَّ وَلَدٌ فَلَكُمُ الرُّبُعُ مِمَّا تَرَكْنَ مِنْ بَعْدِ وَصِيَّةٍ يُوصِينَ بِهَا أَوْ دَيْنٍ}</h5>
<h5>   السراجی فی المیراث:(ص:19)، مکتبۃ البشری:</h5>
<h5>وأما لبنات الصلب فأحوال ثلاث: النصف للواحدۃ، والثلثان للإثنین فصاعدا، ومع الابن للذکر مثل حظ الأنثیین وھو یعصبھن۔</h5>
<h5>الهداية في شرح بداية المبتدي (4/ 514) دار احياء التراث العربي، بيروت:</h5>
<h5>قال: ""ولا تجوز لوارثه"" لقوله عليه الصلاة والسلام: ""إن الله تعالى أعطى كل ذي حق حقه، ألا لا وصية لوارث"" ولأنه يتأذى البعض بإيثار البعض ففي تجويزه قطيعة الرحم ولأنه حيف بالحديث الذي رويناه، ويعتبر كونه وارثا أو غير وارث وقت الموت لا وقت الوصية لأنه تمليك مضاف إلى ما بعد الموت، وحكمه يثبت بعد الموت. ""والهبة من المريض للوارث في هذا نظير الوصية"" لأنها وصية حكما حتى تنفذ من الثلث، وإقرار المريض للوارث على عكسه لأنه تصرف في الحال فيعتبر ذلك وقت الإقرار.</h5>
<h5>قال: ""إلا أن تجيزها الورثة"" ويروى هذا الاستثناء فيما رويناه، ولأن الامتناع لحقهم فتجوز بإجازتهم؛ ولو أجاز بعض ورد بعض تجوز على المجيز بقدر حصته لولايته عليه وبطل في حق الراد.</h5>
<h5>مجلة الأحكام العدلية (ص: 165،المادة: 857) نور محمد، كارخانه تجارتِ كتب:</h5>
<h5>يشترط أن يكون الموهوب مال الواهب بناء عليه لو وهب أحد مال غيره بلا إذنه لا تصح إلا أنه لو أجازها صاحب المال بعد الهبة تصح.</h5>
</h5><p>محمد نعمان خالد</p><p>دارالافتاء جامعة الرشیدکراچی</p><p>13/ربيع الثانی 1444ھ</p><h6 class=""has-text-align-center"">واللہ سبحانہ وتعالی اعلم</h6><figure class=""wp-block-table""><table><tbody><tr><td><h3>مجیب</h3></td><td>محمد نعمان خالد</td><td><h3>مفتیان</h3></td><td>سیّد عابد شاہ صاحب / محمد حسین خلیل خیل صاحب</td></tr></tbody></table></figure>",8027,jameya-tur-rasheed,میراث کے مسائل,مناسخہ کے احکام
2022-11-09,https://almuftionline.com/2022/11/09/8028/,کم قیمت پر زمین بیچنے کی صورت میں قبضہ کی شرط مشتری پر لگانے کا حکم(جديدفتوى),"<p>آج سےتقریبا25سال پہلےمیں نےبمقام سرپل نزد اسمنگلی روڈ بلاشریک زمین/اراضی لی تھی۔بعدازاں میں نےخریداری والےدن زمین کی بات اپنےبڑے بھائی مسمی حاجی عبداللہ جان سےشئیرکی،عبداللہ جان نےمجھےکہا:اس زمین میں مجھےشریک کرو،میں نے جواب دیتے ہوئےکہاکہ یہ زمین 17روپےفی فٹ کےحساب سےخریدی ہے،جبکہ اس کی حقیقی مالیت 150روپے فی فٹ ہے،لہذا میں کیسےشریک کروں؟ عبداللہ جان نےمجھےکہاکہ زمین کےمعاملات میں انتقال،خسرہ اورتتمہ وغیرہ کی غلطیاں ہوتی ہیں اورآپ نےزندگی میں پہلی مرتبہ زمین کامعاملہ کیاہے،جبکہ میں زمین کےمعاملات سے واقف ہوں،لہذامجھے زمین میں حصہ داربناؤ،تاکہ کسی قسم کانقصان نہ ہو اورزمین کےساتھ یعنی اطراف میں قبرستان اورگڑھے بھی ہیں توحدبرابری کےوقت غلطی ہوسکتی ہے،چنانچہ عبداللہ جان نےاپنی ان باتوں سےمجھےمطمئن کر لیااورمیں نے اسے آدھی قیمت کے ساتھ اس شرط پرزمین میں شریک بنایاکہ تمام تر کاغذی کاروائیاں آپ نےدیکھنااورسنبھالنا ہوں گی،زمین میں کمی پیشی کی صورت میں آپ 100%ضامن ہوں گے۔اس شرط پرمیرےبڑےبھائی عبداللہ جان نے ہاں کردی۔ اگلے دن جس سےمیں نےزمین خریدی تھی اس کےپاس  اپنے بڑےبھائی کو لےگیااوراسےبتایاکہ یہ میرابڑابھائی ہےتمام تر لکھ پڑھ اس کےساتھ کرواورپیسےبھی اسی سے وصو<span dir=""LTR"">9</span>ل کرو۔</p><p>اب 26 سال گزرنےکےبعدعبداللہ جان نےوہ زمین آگےکسی اورکوفروخت کردی  ہے،جب خریدارنےزمین کی پیمائش کی توسابق میں تتمہ غلط کٹنےکی وجہ سےوہ زمین کم نکلی دوسرایہ کہ  قبرستان اورگڑھے بھی زمین میں آئےہوئے ہیں حالانکہ میں بھائی کواس شرط پرشریک بناچکاتھاکہ تحصیل وغیرہ میں تمام ترکاغذی کاروائیاں آپ کی ذمہ داری ہوگی، اب میں سمجھتاہوں کہ عبداللہ جان اس نقصان کاضامن ہےکیونکہ جب وہ یہ ذمہ داری نہیں نبھاسکتاتھا تواس نےشرط قبول کرکے کیوں یہ ذمہ داری   اپنےسرلی؟اگریہ نہیں ہوتاتومیں خودیاکسی اورکےذریعےپیمائش کرتاجس کی وجہ سے مجھےیہ نقصان نہیں ہوتا۔</p><p><strong>وضاحت: </strong>سائل نے بتایا کہ کل زمین ڈیڑھ سو ایکڑ اور ڈیڑھ لاکھ(150000) فٹ تھی، جس میں سترہزار مجھے اور سترہزار فٹ میرے بھائی کو ملنا تھی، اس میں سے سینتیس ہزار (37000)فٹ زمین کم نکلی، نیز بقیہ زمین میں کچھ حصہ قبرستان کا شامل ہے اور کچھ حصے پر گڑھے ہیں، جس کی وجہ سے زمین کی قیمت کافی کم ہوئی ہے۔واضح رہے کہ اب عبداللہ جان مکمل زمین آگے بیچ چکا ہے اور اگلے خریدار نے اس زمین پر کالونی بنا کر کچھ پلاٹ فروخت بھی کر دیے ہیں۔نیز اس زمین کی فی ایکڑ کے حساب سے قیمت طے کی گئی تھی۔</p>","<h4 class=""has-text-align-center"">اَلجَوَابْ بِاسْمِ مُلْہِمِ الصَّوَابْ</h4><p> صورتِ مسئولہ میں آپ کا اپنے بھائی کو زمین خرید کر اس میں شریک کرنا درحقیقت خریدی گئی زمین میں سے نصف زمین قبضہ سے پہلے بیچنے کا معاملہ کرنا ہے اور قبضہ سے پہلے زمین آگے بیچنا جائز ہے، البتہ بیچتے وقت آپ نے اپنے بھائی پر مکمل زمین درست طریقے سے پیمائش کرکے قبضہ لینے اور دیگرقانونی معاملات پورا کرنے کی شرط لگائی تھی اور شرط کے بارے میں اگرچہ فقہائے کرام رحمہم اللہ نے یہ اصول لکھا ہے کہ ہر ایسی شرط جس میں خریدار یا فروخت کنندہ کا فائدہ ہو تو مقتضائے عقد کے خلاف  ہونے کی وجہ سے نفسِ عقد میں ایسی شرط لگانا ناجائز ہوتا ہے اور ایسی شرط خریدوفروخت کے معاملے کو شرعاً فاسد کر دیتی ہے۔</p><p>لیکن مذکورہ صورت میں جب آپ نے اپنے بھائی کو زمین بیچی تو یہ زمین آپ دونوں کے درمیان مشترک ہو گئی اور آپ دونوں اس میں شرکتِ ملک کے طور پر شریک ہو گئے اور اس زمین کی صحیح طریقے سے پیمائش اور تمام قانونی تقاضے پورے کرکے قبضہ لینے میں آپ دونوں کا فائدہ تھا، نہ کہ کسی ایک فریق کا، لہذا اگر ان میں سے کوئی ایک درست طریقے سے پیمائش کرکے زمین پر قبضہ کرنے کی ذمہ داری لیتا ہے تو اس شرط کو مقتضائے عقد کے خلاف نہیں کہا جا سکتا۔</p><p>اگر یہ کہا جائے کہ قبضہ کی ذمہ داری پہلے خریدار کی تھی نہ کہ دوسرے کی، اس لیے اس پر شرط لگانے میں فروخت کنندہ کا ہی نفع ہے اس لیے یہ شرط فاسد ہونی چاہیے تو اس کا جواب یہ کہ پہلے شخص نے اس کو سستے داموں زمین بیچ کر اس زمین میں شریک کیا تھا، کیونکہ یہ زمین 17روپےفی فٹ کےحساب سےخریدی گئی تھی،جبکہ اس کی حقیقی مالیت 150روپے فی فٹ تھی اور بڑے بھائی نے کہا تھا کہ مجھے اس زمین شریک کر لو،  میں زمین کی پیمائش وغیرہ کی تمام ذمہ داری لیتا ہوں، گویا کہ اس کی طرف کم قیمت پر بیچنے کی شرط لگائی گئی تھی، جس کے عوض چھوٹے بھائی نے درست طریقے سے پیمائش کرکے قبضہ لینے کی شرط لگائی، لہذاجب جانبین سے شرط لگ گئی تو یہ شرط بلا عوض نہ رہی اور فقہائے کرام رحمہم اللہ نے اس شرط کو فاسد اور ناجائز قرار دیا ہے جس میں کسی ایک فریق کا نفع ہو اور وہ  شرط بلا عوض ہو، چنانچہ علامہ کاسانی رحمہ اللہ شرطِ فاسد کی علت کو بیان کرتے ہوئے فرماتے ہیں:</p><p>  بدائع الصنائع في ترتيب الشرائع (4/ 195) دار الكتب العلمية، بيروت:</p><p>هذا شرط لا يقتضيه العقد وأنه شرط لا يلائم العقد، وزيادة منفعة مشروطة في العقد لا يقابلها عوض في معاوضة المال بالمال.</p><p>جبکہ مذکورہ شرط فریقین میں سے کسی ایک کے نفع کے ساتھ مشروط نہیں اور یہ شرط  بلا عوض بھی نہیں، اس لیے اس شرط کو مقتضائے عقد کے خلاف اور فاسد کہنا مشکل ہے اس لیے اس شرط کی وجہ سے معاملہ ناجائز اور فاسدنہیں ہوا۔</p><p>نیز چونکہ معاملہ کرنے سے پہلے فریقین کا اس پر سمجھوتہ ہوا تھا کہ ایک فریق گزشتہ قیمت پر زمین بیچے گا تو دوسرا فریق اس کی پیمائش وغیرہ کی ذمہ داری قبول کرے گا اور اس سمجھوتہ کی حیثیت مواعدہ کی تھی اور مواعدہ کا حکم یہ ہے کہ اس کو پورا کرنا فریقین پر قضاء ودیانتاً دونوں طرح لازم ہوتا ہے، خصوصاً جبکہ اس کے ساتھ فریقین کا مالی حق متعلق ہو۔</p><p>لہذا مذکورہ صورت میں آپ کا اپنے بڑے بھائی عبداللہ جان کو اپنا وعدہ پورا نہ کرنے کی بنیاد پرحقیقی نقصان کا ضامن ٹھہرانا درست ہے اور اس کی ذمہ داری ہے کہ طے شدہ مقدار سے جتنی زمین کم نکلی ہے وہ اس کے بارے میں پہلے فروخت کنندہ (جس سے آپ نے زمین خریدی تھی) سے زمین کی رجسٹریشن کےقانونی کاغذات وغیرہ دکھا کر بقیہ زمین کا مطالبہ کرے(کیونکہ زمین کی خریدوفروخت میں فی ایکڑ کے حساب سے قیمت طے کرنے کی  صورت میں  فقہائے کرام رحمہم اللہ نے لکھا ہے کہ اگر زمین کی مقدار میں کمی واقع ہو جائے تو ایسی صورت میں خریدار کو اختیار ملے گا، اگر چاہے تو مطلوبہ زمین نہ ملنے کی وجہ سے خریدوفروخت کے معاملے کو فسخ کرکے زمین واپس کر دے اور اپنی مکمل رقم وصول کر لے اور اگر چاہے تو زمین میں جتنی کمی واقع ہوئی ہے اس کے حساب سے قیمت واپس لےلے اور یہ قیمت اسی دن کی معتبر ہوگی جس دن خریدوفروخت کا معاملہ ہوا) نیز اگر وہ شخص اس کے متبادل دوسری زمین دینا چاہے تو باہمی رضامندی سے اتنی مالیت کی دوسری زمین لینا بھی جائز اور درست ہے، تاکہ خریدی گئی  زمین کی مطلوبہ مقدار پوری ہو سکے۔</p><p>نیزاگر بالفرض عبداللہ جان پہلے فروخت کنندہ سے مطالبہ کرنے کی بجائے آپ کے حصے کی جتنی زمین کم نکلی ہے اس کے بدلے میں باہمی رضامندی سے آپ کو اپنی طرف سے اتنی مالیت کی زمین یا رقم ادا کردے تو یہ بھی جائز ہے۔</p><h6 class=""has-text-align-right"">حوالہ جات</h6><h5><h5>الهداية في شرح بداية المبتدي (3/ 48) دار احياء التراث العربي – بيروت:</h5>
<h5>ثم جملة المذهب فيه أن يقال: كل شرط يقتضيه العقد كشرط الملك للمشتري لا يفسد العقد لثبوته بدون الشرط، وكل شرط لا يقتضيه العقد وفيه منفعة لأحد المتعاقدين أو للمعقود عليه وهو من أهل الاستحقاق يفسده كشرط أن لا يبيع المشتري العبد المبيع؛ لأن فيه زيادة عارية عن العوض فيؤدي إلى الربا، أو؛ لأنه يقع بسببه المنازعة فيعرى العقد عن مقصوده إلا أن يكون متعارفا؛ لأن العرف قاض على القياس، ولو كان لا يقتضيه العقد ولا منفعة فيه لأحد لا يفسده وهو الظاهر من المذهب كشرط أن لا يبيع المشتري الدابة المبيعة لأنه انعدمت المطالبة فلا يؤدي إلى الربا، ولا إلى المنازعة. إذا ثبت هذا فنقول: إن هذه الشروط لا يقتضيها العقد؛ لأن قضيته الإطلاق في التصرف والتخيير لا الإلزام حتما، والشرط يقتضي ذلك وفيه منفعة للمعقود عليه.</h5>
<h5>الفقه الإسلامي وأدلته للزحيلي (4/ 3057) دار الفكر – سوريَّة:</h5>
<h5>الشرط المنهي عنه أو المخالف لحكم الله ورسوله، كاجتماع صفقتين في عقد واحد، مثل اشتراط البائع على المشتري إيجار الدار لفلان، أو أن يهبه شيئاً، أو يبيع له شيئاً أو يقرضه مبلغاً من المال، أو ألا يبيع الناتج الزراعي كالقطن وغيره إلا له واشتراط الزوجة أن يطلق امرأته الأولى. هذه شروط فاسدة تفسد العقد؛ لأن رسول الله صلّى الله عليه وسلم «نهى عن بيعتين في بيعة» أو «عن صفقتين في صفقة» (1) ولأن ذلك يؤدي غالباً إلى النزاع بين المتعاقدين في العقد الآخر المشروط، فيسري النزاع إلى العقد الأصلي.</h5>
<h5>بدائع الصنائع في ترتيب الشرائع (5/ 170) دار الكتب العلمية،بيروت:</h5>
<h5>(وأما) فيما سوى الرقيق إذا باع ثوبا على أن لا يبيعه المشتري أو لا يهبه أو دابة على أن لا يبيعها أو يهبها أو طعاما على أن يأكله ولا يبيعه: ذكر في المزارعة ما يدل على جواز البيع فإنه قال: لو شرط أحد المزارعين في المزارعة على أن لا يبيع الآخر نصيبه ولا يهبه فالمزارعة جائزة والشرط باطل، وهكذا روى الحسن في المجرد عن أبي حنيفة - رحمه الله - وفي الإملاء عن أبي يوسف أن البيع بهذا الشرط فاسد.</h5>
<h5>(ووجهه) أنه شرط لا يقتضيه العقد ولا يلائمه ولا جرى به التعارف بين الناس فيكون مفسدا كما في سائر الشرائط المفسدة والصحيح ما ذكر في المزارعة؛ لأن هذا الشرط لا منفعة فيه لأحد فلا يوجب الفساد وهذا لأن فساد البيع في مثل هذه الشروط لتضمنها الربا وذلك بزيادة منفعة مشروطة في العقد لا يقابلها عوض ولم يوجد في هذا الشرط؛ لأنه لا منفعة فيه لأحد إلا أنه شرط فاسد في نفسه لكنه لا يؤثر في العقد فالعقد جائز والشرط باطل.</h5>
<h5>المعايير الشرعية (ص:1190):</h5>
<h5><span dir=""LTR"">4/3</span>: الوعد بفعل أو تصرف مالي مباح شرعا يجب الوفاء به ديانة، بمعنى أن إخلافه بدون عذر إثم، ولكنه غيرملزم في القضاء، فإن ترتب على عدم الوفاء بالوعد ضرر على الموعود له فيلزم الواعد التعويض عن الضرر قضاء مثل: أن يقول الواعد لتاجر: اشتر هذه البضاعه لنفسك وإني أعدك بأني سوف إشتريها منك، فاشتراها التاجر اعتمادا على ذلك الوعد، فلم يف الواعد، فحينئذ يلزم قضاء مايجبر ما لحق التاجر الموعود له من ضرر فعلي، بمعنى أنه إن لم يستطع التاجر أن يبيعه في السوق بما يغطي  تكلفته، فالواعد بالشراء يتحمل الفرق بين التكلفة والثمن الذي باعه به. وليس من الضرر الفعلى الفرصة الضائعة.</h5>
<h5>المعايير الشرعية (ص:1191):</h5>
<h5>2/4: المواعيد بفعل مباح غير واجب شرعا يجب إيفاءها على الطرفين ديانة، وهي غير لازمة في القضاء إلا في الحالات التي لا يمكن فيها إنجاز معاملة تجارية بدون معاملة ملزمة، إما بحكم القانون أو بحكم الأعراف التجارية العامة، وليس لأغراض التمويل فقط، مثل:</h5>
<h5><span dir=""LTR"">1/2/4</span>: المواعيد في التجارات الدولية عن طريق الاعتمال المستندي.</h5>
<h5><span dir=""LTR"">2/2/4</span>:  المواعيد في اتفاقيات التوريد.</h5>
<h5><span dir=""LTR"">3/4</span>: في الحالات المذكورة في البند التي تكون فيها المواعة ملزمة للطرفين، فإن المواعدة ليست عقدا مضافا إلى المستقبل، ولذا فإن العقد الموعود لا يتم تلقائيا عند حلول الموعد، بل يجب أن ينجز في حينه بتبادل الإيجاب والقبول. وبما أن المواعدة ملزمة للطرفين، فأي الطرفين قام بالإيجاب، وجب على الطرف الاخر قبوله ديانة وقضاء. فإن لم يفعل يلزمه قضاء تحمل الضرر الفعلي، وهو الفرق بين السعر المتواعد عليه وبين ما أنجز به العقد مع ثالث (دون فرصة ضائعة) </h5>
</h5><p>محمد نعمان خالد</p><p>دارالافتاء جامعة الرشیدکراچی</p><p>13/ربیع الثانی 1444ھ</p><h6 class=""has-text-align-center"">واللہ سبحانہ وتعالی اعلم</h6><figure class=""wp-block-table""><table><tbody><tr><td><h3>مجیب</h3></td><td>محمد نعمان خالد</td><td><h3>مفتیان</h3></td><td>سیّد عابد شاہ صاحب / محمد حسین خلیل خیل صاحب</td></tr></tbody></table></figure>",8028,jameya-tur-rasheed,خرید و فروخت اور دیگر معاملات میں  پابندی لگانے کے مسائل,متفرّق مسائل
2022-11-08,https://almuftionline.com/2022/11/08/10141/,شوہرنےکہا”تیرابھائی اگرمیرےگھرگیاتوتجھےتین لفظ”,<p><strong>شوہرکابیان:</strong>میں سیف الرحمان ولدسیف اللہ حلفا اقرارکرتاہوں کہ میری بیو ی نےمجھے کہاکہ تمہارےبھائیوں سےمیرا شرعی پردہ ہے،میں نےکہا اگرمیرےبھائیوں سےتمہاراپردہ  ہےتوتیرابھائی بھی میرےگھرنہیں آئےگا،اگرآیاتوتمہیں تین لفظ ہیں،تومیری بیوی نےپوچھا تین لفظ طلاق ہیں ؟تومیں نےناں  میں سرہلادیا،میری بیوی کہتی ہےتم نےہاں میں سرہلایا،اس کےبعد اسکابھائی بھی میرےگھرآیااورمیری بیوی بھی میرےبھائیوں کےسامنے گئی گویااس نےشرعی پردہ نہیں کیا،اس کےبعد پندرہ دن میری بیوی میرےساتھ رہی،اب پندرہ دن کےبعد کہتی ہے،تم نےمجھے طلاق دی تھی،اب معلوم یہ کرناہےکہ  شریعت کی رو سےطلاق ہوئی یانہیں ؟راہنمائی فرمائیں۔</p><p><strong>بیوی کابیان:</strong>میں حلفابیان کرتی ہوں،میں نےخاوندسےکہا میرا تمہارےبھائیوں سےپردہ ہے،تومیرےخاوند نےکہا،اگرتمہارےبھائی نےاس گھرمیں قدم رکھاتوتجھےتین لفظ ہیں،میں نےکہااس کامطلب طلاق ہے؟تومیرےخاوندنےزبان سےکہاہاں،میں حلفابیان کرتی ہوں کہ میں نےاپنےکانوں سےسناہے،اس کےبعدمیرابھائی میرےخاوند کےگھر آیا۔</p>,"<h4 class=""has-text-align-center"">اَلجَوَابْ بِاسْمِ مُلْہِمِ الصَّوَابْ</h4><p>جس وقت شوہرنے""تین لفظ"" کہا،اس وقت اگرشوہرکی نیت طلاق کی تھی توطلاق واقع ہوگی،ورنہ نہیں۔</p><p>واضح رہےکہ طلاق کےحوالےسےمیاں بیوی کےدرمیان اختلاف کاحکم قضاء ودیانت کےلحاظ سےالگ الگ ہے،<strong>قضاء کےلحاظ سے حکم</strong> یہ ہےکہ اگربیوی کےپاس اپنےدعوی کوثابت کرنےکےلیےدوعادل مردیاایک مرداوردوعورتیں ہوں،جن کی گواہی شرعاقبول ہوتی ہےتوقاضی  کےسامنےیاپنچایت میں عورت کی بات معتبرہوگی،چاہےوہ  قسم نہ بھی کھائے،قاضی یاپنچایت اپنےطورپرتحقیق کرکےطلاق مغلظہ واقع کردےگی، جس کےبعد بغیر حلالہ کےدوبارہ نکاح بھی نہیں ہوسکتا۔</p><p>صورت مسئولہ میں چونکہ شوہر اس بات پر قسم کھارہاہےکہ لفظ سےمرادطلاق نہیں تھی،اورنہ ہی بیوی کےسوال کےجواب میں ""ہاں ""کہاتھا ،لہذا(اگربیوی کےپاس گواہ نہ ہوں تو) اس صورت میں  قاضی یاحکم شوہر کی بات  کےمطابق قضاء طلاق واقع نہیں کرےگااورمیاں بیوی کےنکاح کوبرقراررکھےگا۔</p><p>یہ حکم قضاء اورقانون کےلحاظ سےتھا،<strong>دیانت کےلحاظ سے</strong>اگرشوہرکی قسم کےباوجودعورت کویقین یاغالب گمان ہوکہ بیوی کی طرف سےپوچھنےپربعدمیں ""ہاں""کہاتھاجوبیوی نےخودسناتھااوراب شوہرکی طرف سےٖغلط بیانی کی جارہی ہےتوپھراس صورت میں(چونکہ بیوی کےبقول تین طلاق مغلظہ واقع ہوچکی ہیں،جس کی وجہ سےمیاں بیوی کےلیےبغیرحلالہ کےساتھ رہناجائزنہیں)بیوی کےلیےدیانتاجائزنہیں ہوگاکہ وہ شوہرکےساتھ رہےاورشوہرکواپنےاوپرقدرت دے،ایسی صورت میں بیوی پرلازم ہوگاکہ شوہرسےعلیحدہ ہونےکےلیےکوئی بھی مناسب طریقہ اختیارکرکے(مزیدطلاق یاخلع لےکر) جتناجلدہوسکےشوہرسےعلیحدہ  ہوجائے۔</p><h6 class=""has-text-align-right"">حوالہ جات</h6><h5><h5><strong>""الدر المختار للحصفكي""6 / ص99:</strong>(ويسأل  القاضي المدعى عليه) عن الدعوى فيقول إنه ادعى عليك كذا فماذا تقول (بعد صحتها وإلا) ۔۔۔۔(لا) يسأل لعدم وجوب جوابه (فإن أقر) فیها (أو أنكر فبرهن المدعي قضى عليه) بلا طلب المدعي (وإلا) يبرهن (حلفه) الحاكم (بعد طلبه)۔</h5>
<h5><strong>""الهداية"" 1 /  243:</strong> وإن اختلفا في وجود الشرط فالقول قول الزواج إلا أن تقيم المرأة بالبينة لأنه متمسك بالأصل وهو عدم الشرط ولأنه ينكر وقوع الطلاق وزوال الملك والمرأة تدعيه۔</h5>
<h5><strong>""رد المحتار""11 /  189:</strong>قال في الفتح : وعلمت أن المرأة كالقاضي لا يحل لها أن تمكنه إذا علمت منه ما ظاهره خلاف مدعاه ۔</h5>
<h5><strong>""فتح القدير""8 /  17:</strong>وكل ما لا يدينه القاضي إذا سمعته منه المرأة أو شهد به عندها عدل لا يسعها أن تدينه لأنها كالقاضي لا تعرف منه إلا الظاهر۔</h5>
<h5><strong>""امدادالاحکام""2</strong><strong><span dir=""LTR"">/</span></strong><strong>781:</strong>وامادیانۃ فینبغی ان تفتی المرأۃ بحرمۃ تمکینہاایاہ علی نفسہ فلاتمکنہ بالرضاء وتسعی فی الامتناع منہ بالھرب اوبالخلع کمااذاطلقہاثلاثا وانکر تطلیقہ ایاھاولابینۃ لھافانہ لایفرق بینھما قضاء ویفتی فی حق المرأۃ بالتحریم ووجوب الامتناع عنہ،واللہ اعلم  ۔</h5>
<h5><strong>""الہندیۃ"" 1</strong><strong><span dir=""LTR"">/</span></strong><strong>354</strong><strong><span dir=""LTR"">:</span></strong>والمرأۃ کالقاضی لایحل لہ ان تمکنہ اذاسمعت منہ ذالک اوشہدلہ شاھدعدل عندھا۔۔۔۔ وزادالزیلعی ان المراٗۃ کالقاضی فلایحل لہ ان تمکنہ اذاسمعت منہ ذالک اوعلمت بہ لانھاتعلم الاالظاھر۔ </h5>
</h5><p>محمدبن عبدالرحیم</p><p>دارالافتاء جامعۃ الرشیدکراچی</p><p>13<span dir=""LTR"">/</span>ربیع الثانی  1444ھج</p><h6 class=""has-text-align-center"">واللہ سبحانہ وتعالی اعلم</h6><figure class=""wp-block-table""><table><tbody><tr><td><h3>مجیب</h3></td><td>محمّد بن حضرت استاذ صاحب</td><td><h3>مفتیان</h3></td><td> آفتاب احمد صاحب    / سیّد عابد شاہ صاحب</td></tr></tbody></table></figure>",10141,jameya-tur-rasheed,طلاق کے احکام,طلاق کے متفرق مسائل
2022-11-08,https://almuftionline.com/2022/11/08/8021/,تعمیرسے پہلے دکان کا کرایہ وصول کرنا,<p>السلام علیکم ورحمۃ اللہ وبرکاتہ!</p><p>مفتی صاحب!میں نے ایک غیر تعمیر شدہ پلازہ میں دکان خریدی جس کی قیمت ایک کروڑ 64 لاکھ روپے ہیں۔ دکان 2 سے 3 سال کے عرصے میں تیار ہو گی۔ اس عرصے میں مجھے دکان کا ماہانہ کرایہ 82 ہزار روپے ملتا رہے گا۔ معاہدہ کو ایک سال ہو چکا ہے اور 82 ہزار روپے ماہانہ کے حساب سے میں ایک سال کا کرایہ بھی وصول کر چکا ہوں۔اب ایک شخص نے بتایا کہ یہ سود ہے جبکہ دوسرا شخص یہ کہتا ہے کہ یہ ڈسکاؤنٹ ہے جو پلازہ بنانے والے کی طرف سے مل رہا ہے اور کچھ لوگ اس کو باقاعدہ معاہدے میں بھی کرایہ کی بجائے ڈسکاؤنٹ کے نام سے لکھتے ہیں۔</p><p>1۔ کیا یہ ڈسکاؤنٹ یا کرایہ لینا جائز ہے؟</p><p>2۔ اگر جائز نہیں تو اصل معاہدے کی کیا حیثیت ہے؟</p><p>3۔ اگر یہ معاہدہ جائز نہیں تو اس معاہدے کو کیسے درست کیا جائے ؟</p><p>4۔ ایک سال کی رقم جو کرایہ کے نام پر میں وصول کر چکا ہوں اس کا کیا کیا حکم ہے ؟</p>,"<h4 class=""has-text-align-center"">اَلجَوَابْ بِاسْمِ مُلْہِمِ الصَّوَابْ</h4><p>زیر تعمیر بلڈنگ میں نقشہ دیکھ کر  دوکان/ فلیٹ   کی بکنگ کرنا عقد استصناع  کے طور پر جائز ہے اور اس عقد میں جب تک وہ  چیز مستصنع(آرڈر دینے والے) کے  قبضہ میں نہ آجائے  اس میں اس کی ملکیت ثابت نہیں ہوتی ،لہذا اسے کرایہ پر  نہیں دیا جاسکتا  اور نہ اس کا کرایہ وصول کیا جاسکتا ہے۔</p><p>البتہ اگر باہمی طور پر قیمت طے ہونے کے بعد، خریدار کی جانب سے یکمشت ادائیگی پرپلازہ مالک، قیمت میں کمی کرکے،ماہانہ طور پریہ ڈسکاؤنٹ  دیتا ہے،تویہ  اضافی رقم سود نہیں ہے، بلکہ اسے پلازہ مالک کی طرف سے قیمت میں کمی(حط ثمن) قرار دیا جاسکتا ہے، لہذا مذکورہ صورت میں پلازہ مالک کی طرف سے واپس کیے جانے والے پیسے</p><p>خریدار  کیلئے لینے کی گنجائش ہے۔</p><h6 class=""has-text-align-right"">حوالہ جات</h6><h5><h5>بدائع الصنائع (5/2)<span dir=""LTR"">:</span></h5>
<h5>هو (اي الإستصناع) عقد على مبيع في الذمة شرط فيه العمل۔ </h5>
<h5>وحكم الاستصناع فهو ثبوت الملك للمستصنع في العين المبيعة في الذمة وثبوت الملك للصانع في الثمن ملكا غير لازم۔  </h5>
<h5>المعاییر الشرعیۃ: (الاستصناع و الاستصناع الموازی، 7/6<span dir=""LTR"">(</span>:</h5>
<h5>یجوز ان یتضمن عقد الاستصناع شرط جزائیا لتعویض المستصنع عن تاخیر التسلیم بمبلغ یتفق علیہ الطرفان اذا لم یکن التاخیر ننتیجۃ لظروف قاھرۃ او طارئۃ۔</h5>
<h5>الهداية شرح البداية (3/60):</h5>
<h5>قال ويجوز للمشتري أن يزيد للبائع في الثمن ويجوز للبائع أن يزيد للمشتري في المبيع ويجوز أن يحط من الثمن ويتعلق الاستحقاق بجميع ذلك فالزيادة والحط يلتحقان بأصل العقد عندنا۔ </h5>
</h5><p>سید نوید اللہ</p><p>دارالافتاء،جامعۃ الرشید</p><p><span dir=""RTL"">13/ربیع الثانی1444ھ</span></p><h6 class=""has-text-align-center"">واللہ سبحانہ وتعالی اعلم</h6><figure class=""wp-block-table""><table><tbody><tr><td><h3>مجیب</h3></td><td>سید نوید اللہ</td><td><h3>مفتیان</h3></td><td>سیّد عابد شاہ صاحب / محمد حسین خلیل خیل صاحب</td></tr></tbody></table></figure>",8021,jameya-tur-rasheed,اجارہ یعنی کرایہ داری اور ملازمت کے احکام و مسائل,کرایہ داری کے جدید مسائل
2022-11-07,https://almuftionline.com/2022/11/07/7996/,مقروض دکاندار  کا دوسروں  سے  زکوة  لینے کا حکم,<p>کیا مذکورہ بالا   صورت حال  میں اس  کاروباری  مقروض بندے کو زکوة دی  جاسکتی  ہے تاکہ   یہ لوگوں  کا قرض ادا  کرسکے ؟</p>,"<h4 class=""has-text-align-center"">اَلجَوَابْ بِاسْمِ مُلْہِمِ الصَّوَابْ</h4><p>جس شخص کی ملکیت   میں   بقدر نصاب  مال ہو ﴿ یعنی   سونا  چاندی ، گھر  میں  روز مرہ     کی ضرورت  سے زائد  سامان ،تجارت کی  نیت   سے خریدا  ہو  ا مال   ان سب کی  مجموعی قیمت  لگاکراس مجموعہ  میں   نقدی  شامل کی جائے  ، تو اگر سب کی مجموعی  مالیت ساڑھے  باون   تولے  چاندی  کی  قیمت  کے برابر یا اس  سے زیادہ  ہو  تو اس پر  صدقة  الفطر  اور  قربانی لازم   ہوجاتاہے  اور﴾اس کے لئے دوسروں کی  زکوة کھانا  حرام ہے۔</p><p>لہذا مسئولہ  صورت میں  یہ  شخص   اپنی  ملکیت   میں موجود،مذکورہ  بالا پانچوں قسم کی    اشیاء  کی مجموعی  قیمت   لگاکر اس میں سے   قرض   کی رقم کو   منہا  کرکے  دیکھے ،اگر قرض منہا کرلینے کے بعدبقیہ  مال  بقدر نصاب  یا اس سے  زیادہ    ہے تو  دوسروں  سے زکوة لینا     حرام  ہوگا ،اجتناب  کرنا  لازم ہے ۔ اور  اگر  اس  کے  پاس  موجود  مال نصاب   کی مقدار سے بھی کم  رہ گیاہے توایسی صورت میں  اس کے لئے  زکوة  لینا  جائز  ہے۔پھر اس سے  قرض کی ادائیگی  اور  دیگر ضروریات  پورا کرنا  جائز   ہوگا۔</p><h6 class=""has-text-align-right"">حوالہ جات</h6><h5><h5>الدر المختار وحاشية ابن عابدين (رد المحتار) (2/ 347)</h5>
<h5>(و) لا إلى (غني) يملك قدر نصاب فارغ عن حاجته الأصلية من أي مال كان كمن له نصاب سائمة لا تساوي مائة درهم كما جزم به في البحر والنهر، وأقره المصنف قائلا وبه يظهر ضعف ما في الوهبانية وشرحها من أنه تحل له الزكاة وتلزمه الزكاة. اهـ.</h5>
<h5> (قوله: فارغ عن حاجته) قال في البدائع: قدر الحاجة هو ما ذكره الكرخي في مختصره فقال: لا بأس أن يعطي من الزكاة من له مسكن، وما يتأثث به في منزله وخادم وفرس وسلاح وثياب البدن وكتب العلم إن كان من أهله، فإن كان له فضل عن ذلك تبلغ قيمته مائتي درهم حرم عليه أخذ الصدقة، لما روي عن الحسن البصري قال كانوا يعني: الصحابة يعطون من الزكاة لمن يملك عشرة آلاف درهم من السلاح والفرس والدار والخدم، وهذا؛ لأن هذه الأشياء من الحوائج اللازمة التي لا بد للإنسان منها.</h5>
</h5><p>احسان اللہ شائق عفا اللہ عنہ    </p><p> دارالافتاء جامعة الرشید     کراچی</p><p>۵ربیع  الثا نی  ١۴۴۴ھ</p><h6 class=""has-text-align-center"">واللہ سبحانہ وتعالی اعلم</h6><figure class=""wp-block-table""><table><tbody><tr><td><h3>مجیب</h3></td><td>احسان اللہ شائق </td><td><h3>مفتیان</h3></td><td>سیّد عابد شاہ صاحب / محمد حسین خلیل خیل صاحب</td></tr></tbody></table></figure>",7996,jameya-tur-rasheed,زکوة کابیان,زکوة کے جدید اور متفرق مسائل کا بیان
2022-11-07,https://almuftionline.com/2022/11/07/11497/,مال تجارت کی زکوةمیں ادائیگی کے دن کی قیمت کا اعتبار  ہے,<p>اگر کوئی مال تجارت کی زکوة ادا کرنا  چاہے تو اس کی کونسی قیمت لگائی جائے گی؟جس دن خریدا تھا اس دن کی قیمت یا موجودہ قیمت؟کیونکہ مارکیٹ ریٹ عموما مختلف ہوتا ہے۔</p>,"<h4 class=""has-text-align-center"">اَلجَوَابْ بِاسْمِ مُلْہِمِ الصَّوَابْ

</h4><p>مالِ تجارت کی زکاۃ اس سامان کی قیمتِ فروخت کے حساب سے  واجب ہوگی، یعنی جس دن زکوة کا سال پورا ہوتا ہو تو اگر اس دن ادائیگی کرنی ہو تو اس دن اور اگر سال پورا ہونے کے بعد کچھ دنوں کے بعد ادائیگی کرنی ہو تو اُس ادائیگی  کے دن اس سامان کی  موجودہ بازاری قیمت (مارکیٹ  ریٹ)  جو بھی ہوگی اسی پر  زکوة واجب ہوگی۔ مارکیٹ ریٹ سے مراد اس سامان کی  متوسط قیمت ہے جس پر عموما دوکاندار مال فروخت کرتے ہیں۔</p><h6 class=""has-text-align-right"">حوالہ جات</h6><h5><h5><strong>(بدائع الصنائع في ترتيب الشرائع للكاساني: ج: 2  ص: 61)</strong></h5>
<h5> ""لأن الواجب الأصلى عندهما هو ربع عشر العين ،وإنما له ولاية النقل إلى القيمة يوم الأداء، فيعتبر قيمتها يوم الأداء، والصحيح أن هذا مذهب جميع أصحابنا.""</h5>
<h5><strong>(الدر المختار للحصفكي  وحاشیة ابن عابدین </strong><strong>:</strong><strong>ج :2 / ص :310)</strong></h5>
<h5>""(وجاز دفع القيمة في زكاة وعشر وخراج وفطرة ونذر وكفارة غين الاعتاق) وتعتبر القيمة يوم الوجوب، وقالا يوم الاداء. وفي السوائم يوم الاداء إجماعا، وهو الاصح.""</h5>
<h5>"" ( قوله وهو الأصح ) أي كون المعتبر في السوائم يوم الأداء إجماعا هو الأصح فإنه ذكر في البدائع أنه قيل إن المعتبر عنده فيها يوم الوجوب ، وقيل يوم الأداء . ا هـ .</h5>
<h5>وفي المحيط : يعتبر يوم الأداء بالإجماع وهو الأصح ا هـ فهو تصحيح للقول الثاني الموافق لقولهما ،</h5>
<h5>وعليه فاعتبار يوم الأداء يكون متفقا عليه عنده وعندها.""</h5>
<h5>(درر الحكام شرح غرر الأحكام : ص:2،ص: 355)</h5>
<h5>والخلاف في زكاة المال ،فتعتبر القيمة وقت الأداء في زكاة المال على قولهما، وهو الأظهر. وقال أبو حنيفة: يوم الوجوب كما في البرهان .وقال الكمال: والخلاف مبني على أن الواجب عندهما جزء من العين، وله ولاية منعها إلى القيمة ،فيعتبر يوم المنع كما في منع رد الوديعة ،وعنده  الواجب أحدهما ابتداء ،ولذا يجبر المصدق على قبولها.""</h5>
</h5><p>  ابراراحمد صدیقی</p><p> دارالافتا ءجامعۃالرشید کراچی</p><p> ١۸<span dir=""LTR"">/</span> صفر<span dir=""LTR"">/</span>١۴۴۴ھ</p><h6 class=""has-text-align-center"">
واللہ سبحانہ وتعالی اعلم
</h6><figure class=""wp-block-table""><table><tbody><tr><td><h3>مجیب</h3></td><td>ابراراحمد بن بہاراحمد</td><td><h3>مفتیان</h3></td><td>سیّد عابد شاہ صاحب / محمد حسین خلیل خیل صاحب</td></tr></tbody></table></figure>",11497,jameya-tur-rasheed,زکوة کابیان,سامان تجارت پر زکوۃ واجب ہونے کا بیان
2022-11-07,https://almuftionline.com/2022/11/07/10252/,اجیر کا مالک کی اجازت کے بغیر دکان میں اپنا کاروبار شروع کرنا,<p>کیا فرماتے ہیں علمائے کرام کہ میں نےکاروبار کرنے کے لیے تقریبا 13 سال پہلے ایک دکان ایڈوانس دےکرکرائے پرلی،اس کو بنایا اور اس میں مال ڈالا اور اپنے چھوٹے بھائی کو اپنے ساتھ اس کاروبار میں اجرت پر رکھا اور اپنی غیرموجودگی اور غیر معینہ مدت کے لیے کاروبار سے غیر حاضری یا اپنی ذاتی مصروفیات یا وجوہات کی بنا پر اپنے پیچھے چھوٹے بھائی کو اجرت پر کاروبار کی دیکھ بھال کے لئے زبانی اپنا قائم مقام بنایا۔</p><p>مسئلہ نمبر ۱-کیا میرا بھائی میرے پاس اجرت پر کام کرتے ہوئے میری غیر موجودگی میں میرے کاروبار کے فائدے کو دیکھتے ہوئے یا کسی مالی خسارے سے بچانے کے لیے میرا قائم مقام ہوتے ہوئے مجھ سے کوئی معاہدہ کئے بغیر میرے پاس اجرت پر کام کرتے ہوئے میری ہی آدھی جگہ پر میرے ہی فرنیچر پر بغیر ایڈوانس دیئے صرف الگ مال ڈال کر اپنا کاروبار مالکانہ حقوق  کے ساتھ یوٹیلٹی بلز وغیرہ کے علاوہ کل اخراجات کاصرف ایک چوتھائی حصہ کرائے کی مد میں ادا کرنے پراپنے سے خود سے ہی فرضی زبانی کلامی معاہدہ کر کے شروع کرسکتا ہے؟</p><p>مسئلہ نمبر۲- اگر وہ اس طرح کا معاہدہ کر کے کاروبار شروع کرسکتا ہے تو اس معاہدے کی معیاد کتنی تصور کی جائے گی؟</p><p>بقول میرے چھوٹے بھائی کے آپ کے زبانی کلامی قائم مقام بنانے کی وجہ سے میں نے آپ کے کاروبار کو نقصان سے بچانے کے لیے خود سے یہ فرضی معاہدہ کیا اور اس فرضی معاہدے کی رو سے جب تک یہ جگہ آپ کے پاس ہے میں بھی اس جگہ پر کاروبار کرنے کا اتنا ہی اختیار رکھتا ہوں جتنا کے آپ اور وہ بھی کل اخراجات کا صرف ایک چوتھائی حصہ دے کر اگر کچھ بڑھا دوں تو یہ میرا آپ پر احسان ہوگا،معاہدے میں یہ شرط نہیں تھی سوائے اس کے کہ مالک کی طرف سے جب بھی کرایہ بڑھے گا تو بڑے ہوئے کرایہ کا آدھا بڑھانے کا پابند ہوں،یوٹیلٹی بلز اور دیگر اخراجات بڑھنے کی صورت میں میری کوئی ذمہ داری نہیں ہے،اس وقت کیے ہوئے فرضی معاہدے کے رو سے یہ میرا شرعی اور قانونی حق ہے۔</p><p>جبکہ میرا یہ مطالبہ ہے کہ وقت ضرورت کاروبار کو خسارے سے بچانے یا خسارہ کم کرنے کے لیے عارضی طور پر کسی تیسرے بندے سے معاہدہ کرنے کی حد تک تو چلو ٹھیک تھا،مگر یہ فرضی معاہدہ میرے علم میں لائے بغیر میرے پاس اجرت پر کام کرتے ہوئے خود سے اپنی مرضی کی شرائط پر کرنا شروع سے ہی غلط تھا،جس سے مجھے اور میرے کاروبار کو شدید مالی نقصان پہنچا اور آگے بھی مزید پہنچ رہا ہے،اگر یہ معاہدہ صحیح بھی تصور کیا جائے تو اس کی میعاد زیادہ سے زیادہ جو مارکیٹ میں چل رہی ہے گیارہ مہینے تصور کی جائے اور گیارہ مہینے کے بعد جتنا آپ ابھی تک استعمال کر چکے ہو اس جگہ کے کل خرچے کا نصف سے حساب کر کے جو بنتا ہے وہ ادا کرو اور فوری میری جگہ خالی کردو،کیا میرا یہ مطالبہ شرعی طور پر جائز ہے؟</p><p>مسئلہ نمبر۳-اگر مندرجہ بالا معاہدے یا معاملے میں شریعت کی روشنی میں حساب کتاب کر کے فرق کی رقم لینا جائز ہے تو کیا وہ رقم میں اپنے چھوٹے بھائی سے لین دین کے معاملے میں کٹوا سکتا ہوں؟ </p>,"<h4 class=""has-text-align-center"">اَلجَوَابْ بِاسْمِ مُلْہِمِ الصَّوَابْ</h4><p>کسی بھی معاہدے کے لئے شرعی اور عقلی لحاظ سے فریقین کا وجود اور ان کی اس پر رضامندی ضروری ہے،فرضی طور پر کئے گئے معاہدے کی شرعا کوئی حیثیت نہیں،اس لئے مذکورہ صورت میں آپ کے بھائی کے خود سے کئے گئے فرضی معاہدے کی شرعا کوئی حیثیت نہیں ہے،بلکہ اس  کا مذکورہ طریقےسے آپ کی دکان کے آدھے حصے میں اپنا کاروبار شروع کرنا غصب کے حکم میں ہے،لہذا اس کے ذمے لازم ہے کہ فوری طور پر آپ کی دکان کے جس حصے پر وہ قابض ہے آپ کے حوالے کردے اور اپنے اس گرے ہوئے فعل پر سچے دل سے ندامت کے ساتھ کثرت سے توبہ و استغفار کا اہتمام کرے۔</p><p>اور اب تک اس نے دکان کے جس حصے کو اپنے ذاتی کاروبار کے لئے استعمال کیا ہے،اس کے ذمے لازم ہے کہ اس کی اجرت مثل(یعنی اس جگہ کی عام معروف اجرت)آپ کو ادا کرے،جبکہ اس کاروبار سے حاصل ہونے والا نفع اس کے لئے حلال ہے۔</p><h6 class=""has-text-align-right"">حوالہ جات</h6><h5><h5>""درر الحكام في شرح مجلة الأحكام"" (1/ 20):</h5>
<h5>""لو أخذ شخص مال آخر على سبيل المزاح بدون إذنه فبمجرد وقوع الأخذ يكون الآخذ غاصبا ولا ينظر إلى نيته من كونه لا يقصد الغصب بل يقصد المزاح، وكذلك لو أتى شخص عملا غير مأذون فيه فإنه يضمن الخسارة الناشئة عن عمله، ولو حصلت عن غير إرادة منه.</h5>
<h5>مثال ذلك: لو أن شخصا شاهد سكران وأخذ النقود التي يحملها بقصد حفظها من أن تسقط منه فحكمه حكم الغاصب ويصبح ضامنا فيما لو تلفت"".</h5>
<h5>""درر الحكام في شرح مجلة الأحكام"" (1/ 460):</h5>
<h5>""الثالث: فيما إذا كان التجاوز غصبا؛ فلا تلزم الأجرة إلا إذا كان في مال معد للاستغلال، أو مال يتيم، أو وقف، أو مال بيت المال فإذا كان المال لواحد من هؤلاء، لزم أجر المثل"".</h5>
<h5>""الفتاوى الهندية ""(5/ 142):</h5>
<h5>""غصب حانوتا واتجر فيه وربح يطيب الربح كذا في الوجيز للكردري"".</h5>
</h5><p>محمد طارق</p><p>دارالافتاءجامعۃالرشید</p><p>11<span dir=""LTR"">/</span>ربیع الثانی1444ھ</p><h6 class=""has-text-align-center"">واللہ سبحانہ وتعالی اعلم</h6><figure class=""wp-block-table""><table><tbody><tr><td><h3>مجیب</h3></td><td>محمد طارق  غرفی</td><td><h3>مفتیان</h3></td><td> آفتاب احمد صاحب    / سیّد عابد شاہ صاحب</td></tr></tbody></table></figure>",10252,jameya-tur-rasheed,غصب اورضمان”Liability” کے مسائل,متفرّق مسائل
2022-11-07,https://almuftionline.com/2022/11/07/8026/,اگر تم بازار سے سودا لینے گئی تو مجھ پر حرام ہوگی,<p>ہم مشترکہ خاندان میں رہتے ہیں،خواتین نے بازار سے سودا لانے کے دن بانٹے ہوئے ہیں، میری زوجہ کو میں نے ایک دن غصہ میں یہ بول دیا، آج کے بعد اگر تم بازار سے سودا لینے گئی تو مجھ پر حرام ہوگی،اس بات کے کچھ عرصہ بعد میری زوجہ کو میں نے موبائل پر بات کرتے ہوئے اجازت دے دی تھی اور وہ بھی معمول کے حساب سے بازار جانے لگیں، اس بات کو دس ماہ گزر گئے اور ہم اس دوران اپنی معمول کی زندگی گزارتے رہے۔مگر سوال تب اٹھا جب میری زوجہ اپنے ميکے گئیں تو وہاں اس مسئلے کو اٹھا کر اور مجھ سے الجھنے لگیں کہ ہمارے درمیان طلاق ہو چکی ہے۔</p><p>لہذا رہنمائی فرمائیں کہ کیا طلاق ہو چکی ہے؟یاد رہے کہ میں انہیں پہلے ہی اجازت دے چکا تھا بازار جانے کی اور میرا غصہ میں ان الفاظ کا استعمال بھی تنبیہ کیلئے تھا میرے دل میں طلاق کا کوئی ارادہ نہیں تھا ۔اور واضح رہے کہ اس کے بازار آنے جانے کے بعد بھی ہم  دس ماہ بطور شوہر اور بیوی کے ساتھ رہے ہیں اور مباشرت بھی کرتے رہے ہیں۔برائے مہربانی رہنمائی فرما کر سائل کو تشفی دیں۔</p>,"<h4 class=""has-text-align-center"">اَلجَوَابْ بِاسْمِ مُلْہِمِ الصَّوَابْ</h4><p>صورتِ مسئولہ میں آپ کے اپنی بیوی کو یہ الفاظ ""اگر تم بازار سے سودا لینے گئی تو مجھ پر حرام ہوگی"" کہنے سے ایک طلاقِ بائن معلق ہو چکی تھی اور معلّق طلاق کا حکم یہ ہے کہ اس سے رجوع نہیں ہو سکتا، بلکہ شرط کے پائے جانے کی صورت میں معلّق کیا گیا حکم شرعاً واقع ہو جاتا ہے، لہذا اس کے بعد آپ کی بیوی کے بازار سودا خریدنے کے لیے جانےکی وجہ سے اسی وقت اس پر ایک طلاقِ بائن واقع ہو گئی تھی اور فریقین کے درمیان نکاح ختم ہو چکا تھا، اس کے بعد آپ دونوں کا اکٹھے رہنا ہرگز جائز نہیں تھا، لہذا آپ دونوں پر گزشتہ دس ماہ اکٹھے رہنے پر اللہ تعالیٰ سے خوب گڑگڑا کر اور دل کی ندامت کے ساتھ اللہ تعالی سے توبہ واستغفار کرنا اورفوری طور پر علیحدگی اختیار کرنا لازم ہے۔</p><p>جہاں تک دوبارہ نکاح کا تعلق ہے تو فریقین کے درمیان باہمی رضامندی سے عدت کے دوران اور عدت کے بعدنئے مہر کے ساتھ دوبارہ نکاح کر سکتے ہیں، لیکن اگر عورت کسی دوسری جگہ نکاح کرنا چاہے تو اس کے لیے عدت کا پورا کرنا  ضروری ہے اور یہ عدت فریقین کے درمیان علیحدگی ہونے کے بعد سے شروع ہو گی۔ نیز فریقین کے دوبارہ نکاح کرنے کی صورت میں خاوند کو صرف دو طلاقوں کا حق باقی ہو گا، اس لیے آئندہ طلاق کے معاملے میں احتیاط کی ضرورت ہو گی۔</p><h6 class=""has-text-align-right"">حوالہ جات</h6><h5><h5>بدائع الصنائع في ترتيب الشرائع (3/ 139) دار الكتب العلمية،بيروت:</h5>
<h5>إن دخلت الدار فأنت طالق واحدة لا بل ثنتين؛ لأن ذلك إيقاع الثلاث علة في زمان ما بعد الشرط؛ لأنه أوقع الواحدة ثم تدارك الغلط بإقامة الثنتين مقام الواحدة والرجوع عن الأول، والرجوع لم يصح؛ لأن تعليق الطلاق لا يحتمل الرجوع عنه.</h5>
<h5>الهداية في شرح بداية المبتدي (2/ 276) دار احياء التراث العربي – بيروت:</h5>
<h5>"" والعدة في النكاح الفاسد عقيب التفريق أو عزم الواطئ على ترك وطئها "" وقال زفر رحمه الله من آخر الوطآت لأن الوطء هو السبب الموجب ولنا أن كل وطء وجد في العقد الفاسد يجريمجرى الوطأة الواحدة لاستناد الكل إلى حكم عقد واحد ولهذا يكتفى في الكل بمهر واحد فقبل المتاركة أو العزم لا تثبت العدة مع جواز وجود غيره ولأن التمكن على وجه الشبهة أقيم مقام حقيقة الوطء لخفائه ومساس الحاجة إلى معرفة الحكم في حق غيره.</h5>
<h5>فتح القدير للكمال ابن الهمام (4/ 331) دار الفكر،بيروت:</h5>
<h5>(أقيم مقام حقيقة الوطء لخفاء الوطء ومسيس الحاجة إلى معرفة الحكم في حق غيره) أي في غير الواطئ وهو حلها للأزواج والخفي لا يعرف الحكم وإذا أقيم مقام حقيقة الوطء لا تثبت العدة ما دام التمكن على وجه الشبهة قائما ولا ينقطع التمكن كذلك إلا بالتفريق أو المتاركة صريحا فلا تثبت العدة إلا عندهما واختار أبو القاسم الصفار قول زفر.</h5>
<h5>ومقتضى ما قدمنا في باب المهر من قول طائفة من المشايخ وهو الوجه أنها لو تزوجت عالمة بأنها حاضت ثلاث حيض بعد وطئه كان صحيحا فيما بينه وبين الله تعالى إنما اشتراط كونها بعد الترك في القضاء.</h5>
<h5>حاشية الشلبي على تبيين الحقائق (3/ 33) المطبعة الكبرى الأميرية - بولاق، القاهرة:</h5>
<h5>وإذا وطئها مرة بعد الفرقة يجب الحد لعدم الشبهة، والوطء الأخير لا يوقف عليه لأنه يجوز أن يوجد غيره فلا يكون الذي قبله أخيرا، ولئن سلمنا على وقوف المرأة التي تعتد فنقول قد تمس الحاجة إلى وقوف غيرها نحو أختها وأربع سواها، ولا وقوف للغير فلما كان الوطء الأخير خفيا أقيم السبب الظاهر، وهو التمكن من الوطء حقيقة بشبهة النكاح مقام حقيقة الوطء ثم لما ارتفع ذلك التمكن بالفرقة وجبت العدة من ذلك الوقت.</h5>
<h5>الاختيار لتعليل المختار (3/ 175) دار الكتب العلمية – بيروت:</h5>
<h5>قال: (وابتداء عدة النكاح الفاسد عقيب التفريق أو عزمه على ترك الوطء) ، وقال زفر: من آخر الوطئات لأن الوطء هو الموجب للعدة. ولنا أن التمكين من الوطء على وجه الشبهة أقيم مقام حقيقة الوطء لخفائه فيجعل واطئا حكما إلى حالة التفريق أو عزم الترك فتجب العدة من حين انقطاع الوطء حقيقة وشرعا أخذا بالاحتياط.</h5>
<h5>العناية شرح الهداية (4/ 330) دار الفكر،بيروت:</h5>
<h5>وقوله (ولأن التمكن على وجه الشبهة) دليل آخر. وتقريره أن حقيقة الوطء أمر خفي له سبب ظاهر وهو التمكن من الوطء على وجه الشبهة، وكل أمر خفي له سبب ظاهر يقام السبب مقامه ويدار عليه الحكم، فالتمكن من الوطء على وجه الشبهة يقوم مقام حقيقة الوطء، وإذا قام مقامها فمهما كان التمكن باقيا كان الوطء باقيا فلا يتعين آخر الوطآت إذ التمكن باق بعد كل وطأة فرضت فلا بد من المتاركة أو العزم ليرتفع التمكن فيتعين آخر الوطآت.</h5>
</h5><p>محمد نعمان خالد</p><p>دارالافتاء جامعة الرشیدکراچی</p><p><span dir=""LTR"">11</span>/ربيع الثانی 1444ھ</p><h6 class=""has-text-align-center"">واللہ سبحانہ وتعالی اعلم</h6><figure class=""wp-block-table""><table><tbody><tr><td><h3>مجیب</h3></td><td>محمد نعمان خالد</td><td><h3>مفتیان</h3></td><td>سیّد عابد شاہ صاحب / محمد حسین خلیل خیل صاحب</td></tr></tbody></table></figure>",8026,jameya-tur-rasheed,طلاق کے احکام,الفاظ کنایہ سے طلاق  کا بیان
2022-11-06,https://almuftionline.com/2022/11/06/10254/,زکوة کی رقم وصول کرکے مستحق مریضوں کو ٹیسٹ اور علاج کی سہولت فراہم کرنا,<p>شیرشاہ کالونی کے علاقے میں ہماری ایک رجسٹرڈ لیبارٹری ہے،شیرشاہ میں اکثر غریب اور کمزور طبقہ رہائش پذیر ہے،کچھ عرصہ پہلے میرے سامنےمیرے ایک عالم اور مفتی دوست نے تجویز پیش کی،چونکہ شیرشاہ کے ارد گرد زیادہ تر فیکٹریاں ہیں،اس لئے اگر ہم آپ کو ایک طریقہ کار بناکر دے دیں اور آپ وہ طریقہ کار فیکٹری مالکان کے سامنے رکھ دیں کہ ان کے مستحق ملازمین کا علاج زکوة کی رقم سے ہوگا،اس شرعی راہنمائی کا مفتی صاحب ماہانہ کچھ معاوضہ بھی لیں گے۔</p><p>علاج سے مراد زیادہ تر ٹیسٹ وغیرہ ہیں،ان کا کہنا ہے کہ اس سے آپ کا بزنس بھی بڑھے گا اور غریب لوگوں کو بھی فائدہ ہوگا۔</p><p>میرا سوال یہ ہے کہ زکوة کی مد میں مریض کو بتاکر اور متعلقہ فارم بھرواکر ٹیسٹ یا علاج کی سہولت دی جاسکتی ہے؟</p><p>اگر مذکورہ طریقے سے مستحق مریضوں کو ٹیسٹ یا علاج کی سہولت فراہم کرنا جائز ہو تو ٹیسٹ یا علاج کے بعد زکوة کی مد میں وصول کی گئی رقم ہمارے لئے حلال ہوگی؟</p>,"<h4 class=""has-text-align-center"">اَلجَوَابْ بِاسْمِ مُلْہِمِ الصَّوَابْ</h4><p>زکوة کی ادائیگی صحیح ہونے کے لئے تملیک یعنی کسی مستحق کو مالک بنانا شرط ہے،اس لئے تملیک کے بغیر کسی مستحق کو زکوة کی رقم دینے کے بجائے کوئی سہولت فراہم کرنے سے زکوة ادا نہیں ہوتی،لہذا مذکورہ صورت میں بھی مستحق لوگوں کو زکوة کی رقم کا مالک بنائے بغیر انہیں لیباٹری سے ٹیسٹ یا علاج کی سہولت فراہم کرنے سے زکوة ادا نہیں ہوگی۔</p><p>البتہ اس کی آسان صورت یہ ممکن ہے کہ آپ وکالت نامہ کا ایک فارم بنائیں اور جن فیکٹریوں کے مستحق مزدوروں کو آپ یہ سہولت فراہم کرنا چاہتے ہیں ان سے اس وکالت نامہ فارم پر دستخط لے لیں،وکالت نامہ فارم پر دستخط لینے کے بعد لیبارٹری کی انتظامیہ ان مستحق افراد کی طرف سے وکیل بن کر لوگوں سے زکوة کی رقم وصول کرکے اس کے عوض مستحق لوگوں کو ٹیسٹ یا علاج کی سہولت فراہم کرسکے گی اور وصول کی گئی رقم کے بقدر مستحق لوگوں کو ٹیسٹ یا علاج کی سہولت فراہم کرنے کے بعد وہ رقم لیباٹری کی انتظامیہ اپنے استعمال میں لاسکے گی۔</p><p>وکالت نامہ فارم کی عبارت یوں بنائی جاسکتی ہے:</p><p>میں فلاں ابن فلاں لیباٹری کی انتظامیہ کو اس بات کا وکیل بناتا ہوں کہ وہ میری طرف سے زکوة وصول کریں اور اس کے عوض مستحق مریضوں کو ٹیسٹ اور علاج کی سہولت فراہم کریں۔</p><p>چونکہ اس طرح زکوة وصول کرنا اور مستحقین پر شرعی احکام کے مطابق صرف کرنا ایک حساس دینی ذمہ داری ہے،اس لئے اگر آپ کسی مستند مفتی کے زیر نگرانی ان کی ہدایات کے مطابق کوئی مستقل نظام بنائیں(جس کی نظیریں دیگر کئی بڑے ہسپتالوں میں موجود ہیں)تو یہ زیادہ بہتر ہے۔</p><h6 class=""has-text-align-right"">حوالہ جات</h6><h5><h5>"" رد المحتار "" (2 / 377):</h5>
<h5>""قوله: (تمليكا) فلا يكفي فيها الاطعام إلا بطريق التمليك، ولو أطعمه عنده ناويا الزكاة لا تكفي ط.</h5>
<h5>""بدائع الصنائع "" (4 / 3):</h5>
<h5>""ولو قضى دين حي فقير إن قضى بغير أمره لم يجز ؛ لأنه لم يوجد التمليك من الفقير لعدم قبضه وإن كان بأمره يجوز عن الزكاة لوجود التمليك من الفقير ؛ لأنه لما أمره به صار وكيلا عنه في القبض فصار كأن الفقير قبض الصدقة بنفسه وملكه من الغريم"" .</h5>
</h5><p>محمد طارق</p><p>دارالافتاءجامعۃالرشید</p><p>10<span dir=""LTR"">/</span>ربیع الثانی1444ھ</p><h6 class=""has-text-align-center"">واللہ سبحانہ وتعالی اعلم</h6><figure class=""wp-block-table""><table><tbody><tr><td><h3>مجیب</h3></td><td>محمد طارق  غرفی</td><td><h3>مفتیان</h3></td><td>سیّد عابد شاہ صاحب / محمد حسین خلیل خیل صاحب</td></tr></tbody></table></figure>",10254,jameya-tur-rasheed,زکوة کابیان,زکوة کے جدید اور متفرق مسائل کا بیان
