issued_at,link,title,question,answer,fatwa_number,dar_ul_ifta,kitab,bab,fasal
15-07-2019,https://www.banuri.edu.pk/readquestion/بیوی-کو-کئی-مرتبہ-کہنا-کہ-میں-نے-تم-کو-چھوڑا-ہی-ہوا-ہے-اور-تم-میری-طرف-سے-آزاد-ہو/15-07-2019,"بیوی کو کئی مرتبہ کہنا کہ "" میں نےتم کو چھوڑا ہی ہوا ہے اور تم میری طرف سے آزاد ہو""",ہندہ کی اپنے شوہر سے بہت لڑائی ہوتی ہے، ہندہ کی شادی کو 16 سال ہوگئے ہیں، لڑائی ختم نہیں ہوئی ،جس کی وجہ سے ہندہ نے 5 سال  سے اپنے شوہر سے طلاق کا مطالبہ کیا ہوا ہے کہ میں  تمہارے ساتھ نہیں رہنا چاہتی، جس کے جواب میں ہندہ کے شوہر نے اس کو کئی مرتبہ غصہ میں اور آرام میں کہا کہ میں نےتم کو چھوڑا ہی ہوا ہے اور تم میری طرف سے آزاد ہو اور اور تم میرے کاغذوں سے فارغ ہو ، غرض جب بھی طلاق کا مطالبہ کرتی  تو اس کے بعد شوہر کے یہی الفاظ ہو تے تھے،  کچھ دن پہلے میں نے یہ بات سنی  کہ جب بات طلاق کی ہو رہی ہو اس وقت شوہر یہ الفاظ ادا کردے تو طلاق ہو جاتی ہے، میں نے یہ بات اپنے شوہر کو بتائی تو اس نےجواب میں کہا کہ میں نے یہ الفاظ ویسے ہی کہے ہیں، طلاق کی نیت سے نہیں ، حال آں کہ جب بھی وہ یہ الفاظ بولتاتو بات طلاق کی ہورہی ہوتی تھی۔  ہندہ راہ نمائی کی طالب ہے اور اپنے شوہر سے کسی قسم کا رجوع نہیں چاہتی ۔,"<p><p style=""margin-left:0;margin-right:0;text-align:justify;"">اگر واقعۃً  شوہر نے ہندہ کو  کئی مرتبہ یہ کہا کہ ’’میں نےتم کو چھوڑا ہی ہوا ہے اور تم میری طرف سے آزاد ہو‘‘  تو  پہلی مرتبہ یہ جملہ کہنے سے  ہندہ پر دو طلاقِ بائن واقع ہوچکی تھیں،  اس کے بعد اگر شوہر نے عدت کے دوران یہ جملہ دوبارہ کہا تو  تیسری طلاق بھی واقع ہوچکی تھی، لیکن اگر شوہر نے عدت کے دوران یہ جملہ نہیں کہا، عدت کے بعد یہ جملہ کہا تو اس سے مزید طلاق واقع نہیں ہوئی۔ فقط واللہ اعلم</p></p>",144010200841,banuri,"('طلاق', 'talaaq')","('وقوع طلاق وعدم وقوع طلاق', 'wuqoo-e-talaq-o-adme-wuqoo-e-talaq')","('طلاق صریح اور کنائی', 'talaq-e-sarih-or-kinai')"
14-09-2019,https://www.banuri.edu.pk/readquestion/ایرانی-ڈیزل-درآمد-کرتے-ہوئے-چیک-پوسٹ-پر-پیسے-دینا-144012201256/14-09-2019,ایرانی ڈیزل درآمد کرتے ہوئے چیک پوسٹ پر پیسے دینا,ایرانی ڈیزل لاتے وقت راستے میں پولیس اور ایف سی والے ہر چیک  پوسٹ پر ١٠٠ یا ٢٠٠ یا ۵٠٠ مانگتے ہیں۔  کیا یہ کاروبار جائز ہے؟,"<p><p style=""text-align:justify;"">اگر ایرانی ڈیزل درآمد کرنا ملکی قانون کے خلاف ہے اور اس کو درآمد کرنے کے لیے ہر چیک پوسٹ پر یہ رقم بطورِ رشوت دی جاتی ہےتو رشوت لینا اور دینا چوں کہ سخت گناہ اور حرام ہے؛ اس لیے اس کام کے علاوہ ایسا کاروبار اختیار کرنا چاہیے جس میں کسی معصیت کا ارتکاب نہ کرنا پڑے، نیز  ملکی قانون کی پاس داری ضروری ہے، اور قانون کی خلاف ورزی کی صورت میں (عملی وعدہ کی خلاف ورزی کے ساتھ) اپنی عزت کو خطرے میں ڈالنا بھی ہے؛  اس لیے بھی یہ کاروبار قابلِ ترک ہے۔ فقط واللہ اعلم</p></p>",144012201256,banuri,"('معاملات', 'muamlat')","('سود / بینکاری / انشورنس / شیئرز', 'sood-bankari-insurance-shares')","('متفرقات سود', 'mutafarriqat-e-sood')"
30-11-2019,https://www.banuri.edu.pk/readquestion/ٹینشن-اور-وہم-کی-بیماری-کا-علاج-144104200030/30-11-2019,ٹینشن اور وہم کی بیماری کا علاج,ٹینشن اور وہم کی بیماری دور کرنے کا کوئی آسان سا عمل بتادیں۔,"<p><p style=""text-align:justify;"">ٹینشن سے نجات کا حل تو  اللہ تعالیٰ کی ذات پر کامل توکل کے ساتھ اس کا ذکر ہے۔ وہ جو چاہتاہے وہ ہوتاہے، اس لیے آزمائش اور پریشانی کے مواقع پر ٹینشن لینے یا خوف یا وسوسوں کا شکار ہونے کے بجائے اللہ تعالیٰ پر توکل کیجیے، اللہ تعالیٰ سے تعلق مضبوط کیجیے، نماز پڑھ کر دعا کیجیے، اور اللہ پاک کا ذکر کرتے رہیے۔ نبی کریم ﷺ کو جب کسی معاملے میں پریشانی یا گھبراہٹ ہوتی تو آپ ﷺ نماز کی طرف متوجہ ہوتے تھے، اور ہمیں بھی آپ ﷺ نے اور قرآنِ پاک نے یہی تعلیم دی ہے کہ جب بھی کوئی پریشانی یا مصیبت آئے تو نماز اور دعا کی طرف متوجہ ہوں، اور صبر کریں۔ سورہ بقرہ میں حکم ہے کہ اے ایمان والو! نماز اور صبر کے ذریعے مدد حاصل کرو۔ اور نبی کریم ﷺ کا معمول یہ تھا کہ جب بھی آپ ﷺ کو کوئی غم و کرب لاحق ہوتا تو آپ ﷺ درج ذیل دعا فرمایا کرتے تھے:</p><p style=""margin-left:0;margin-right:0;text-align:justify;""><span style=""color:#323232;""><strong><span style=""background-color:#fff;""> </span></strong></span><span style=""color:#323232;""><strong><span style=""background-color:#fff;"">’’<span class=""ar_writing"">لَا إِلٰهَ إِلَّا اللهُ الْعَظِیْمُ الْحَلِیْمُ، لَا إِلٰهَ إِلَّا اللهُ رَبُّ الْعَرْشِ الْعَظِیْمُ، لَا إِلٰهَ إِلَّا اللهُ رَبُّ السَّمَاوَاتِ وَرَبُّ الْأَرْضِ وَرَبُّ الْعَرْشِ الْکَرِیْمُ</span>‘‘<span class=""ar_writing"">.</span></span></strong></span></p><p style=""margin-left:0;margin-right:0;text-align:justify;""><span style=""color:#323232;""><strong><span style=""background-color:#fff;"">ترجمہ : اس اللہ کے علاوہ کوئی معبود نہیں ہے جو بڑا عظیم اور بردبار ہے، اس اللہ کے علاوہ کوئی معبود نہیں ہے جو عرش عظیم کا مالک ہے، اس اللہ کے علاوہ کوئی معبود نہیں جو زمین و آسمان اور عرش کریم کا رب ہے۔</span></strong></span></p><p style=""margin-left:0;margin-right:0;text-align:justify;""><span style=""color:#323232;""><strong><span style=""background-color:#fff;""><span class=""ar_writing"">صحيح مسلم (4/ 2092):<br/>
""عن قتادة، عن أبي العالية، عن ابن عباس، أن نبي الله صلى الله عليه وسلم كان يقول عند الكرب: «لا إله إلا الله العظيم الحليم، لا إله إلا الله رب العرش العظيم، لا إله إلا الله رب السماوات ورب الأرض ورب العرش الكريم»"". </span></span></strong></span></p><p style=""margin-left:0;margin-right:0;text-align:justify;""><span class=""ar_writing""><span style=""color:#323232;""><strong><span style=""background-color:#fff;""><strong>صحیح البخاري، کتاب الدعوات، باب الدعاء عند الکرب، 2/939، ط: قدیمي. </strong> </span></strong></span></span></p><p style=""text-align:justify;"">اور وہم سے مراد اگر وسوسے کا مرض ہے، تو اس مرض میں عموماً شیطانی اثرات شامل ہو تے ہیں؛ تاکہ مؤمن آدمی تسلی سے پاکی اور عبادت وغیرہ ادا نہ کر سکے، وہم سے پریشان نہیں ہونا چاہیے، اس کا سب سے کار گر علاج یہی ہے کہ اس کی طرف بالکل  توجہ نہ دی جائے۔</p><p style=""text-align:justify;"">نیز وہم کے موقع پر ان دعاؤں کا اہتمام کریں:</p><p style=""text-align:justify;"">1...<span class=""ar_writing"">""أَعُوْذُ بِاللّٰهِ مِنَ الشَّیْطٰنِ الرَّجِیْمِ</span></p><p style=""text-align:justify;""><span class=""ar_writing"">2... اَللّٰهُمَّ إِنِّيْ أَعُوْذُبِكَ مِنْ  هَمَزَاتِ الشَّیَاطِیْنِ وَأَعُوْذُبِكَ رَبِّ مِنْ أَنْ یَّحْضُرُوْنَ.</span></p><p style=""text-align:justify;""><span class=""ar_writing"">3...  اَللّٰهُمَّ اجْعَلْ وَسَاوِسَ قَلْبِيْ خَشْیَتَكَ وَ ذِکْرَكَ وَاجْعَلْ هِمَّتِيْ وَ هَوَايَ فِیْمَا تُحِبُّ وَ تَرْضٰی""</span>  یعنی  اے اللہ! میرے دل کے وساوس کو اپنے خوف اور ذکر سے بدل دیجیے، اور میرے غم اور خواہشات کو ان اعمال میں بدل دیجیے  جن میں آپ کی محبت اور رضا ہو۔  فقط واللہ اعلم</p></p>",144104200030,banuri,"('علوم و فنون', 'uloom-funoon')","('دعائیں، اوراد اور وظائف', 'adeya-azkar')","('اوراد ووظائف', 'aurad-o-wzaif')"
30-11-2019,https://www.banuri.edu.pk/readquestion/لڈو-کھیلنا-144104200032/30-11-2019,لڈو کھیلنا,میرا ایک کزن ہے جو قاری بھی ہے اور اب ساتویں درجہ میں علم بھی حاصل کر رہا ہے، لیکن وہ لڈو کھیلتا ہے۔ لڈو پر جواری تو نہیں کرتا،  لیکن وہ کھیلتا ہے اور ہر بات پر قسمیں کھاتا ہے۔ تو یہ کیسا عمل ہے؟,"<p><p style=""margin-left:0;margin-right:0;text-align:justify;""><span style=""color:#000;"">واضح رہے کہ کوئی بھی کھیل اس وقت جائز ہوتا ہے کہ جب اس سے ذہنی یا جسمانی طور پر انسان کو فائدہ پہنچ رہا ہو بشرطیکہ اس میں خلافِ شرع امور میں سے کسی امر کا ارتکاب نہ ہورہا ہو،  لڈو کھیلنا چاہے تفریحِ طبع کے لیے ہو وقت کا ضیاع ہے  جو کہ جائز نہیں ہے، اس سے اجتناب ضروری ہے،  اپنے قیمتی وقت کو اچھے اور نیک کاموں میں خرچ کرنا چاہیے۔</span></p><p style=""text-align:justify;""><span style=""color:#000;"">جس وقت سخت ضرورت ہو اس وقت قسم کھانی چاہیے، اللہ کے ذاتی نام اور صفاتی ناموں کے علاوہ کسی اور کی قسم کھانا جائز نہیں۔ سائل کو چاہیے کہ وہ حکمت کے ساتھ خود یا کسی بڑے کے ذریعے اپنے عزیز کو نصیحت کرے، اور اس کے لیے دعا بھی کرے۔</span></p><p style=""margin-left:0;margin-right:0;text-align:justify;""><span style=""color:#000;"">فتاویٰ مفتی محمود میں ہے:</span></p><p style=""margin-left:0;margin-right:0;text-align:justify;""><span style=""color:#000;"">’’تاش کھیلنا یا لڈو کھیلنا بہت برا ہے، اور اگر اس پر ہار  جیت کی ہو تو جوا ہے اور بالکل حرام ہے، گناہِ کبیرہ سے بچنا ہر مسلمان پر فرض ہے، ایک گناہ سے بچنے کے لیے دوسرے گناہ کو اختیار کرنا بھی جائز نہیں ہے، کامیاب مؤمنین کی شان اللہ تبارک وتعالیٰ نے قرآنِ مجید میں یوں بیان کی ہے۔ {<span class=""ar_writing"">وَالَّذِیْنَ هُمْ عَنِ اللَّغْوِ مُعْرِضُوْنَ} </span> کامیاب مؤمنین وہ ہیں جو لہو ولعب سے اعراض کرتے ہیں۔</span></p><p style=""margin-left:0;margin-right:0;text-align:justify;""><span style=""color:#000;"">حضرت شیخ الہندؒ لکھتے ہیں کہ خود تو لہو ولعب میں مصروف نہیں ہوئے، بلکہ اگر کوئی اور شخص بھی لہو ولعب میں مصروف ہو تو اس سے بھی اعراض کرتے ہیں‘‘۔  (ماخوذ از فتاویٰ مفتی محمود ج: 11، ص: 259، باب الحظر والاباحۃ، ط: اشتیاق پریس لاہور) فقط واللہ اعلم</span></p></p>",144104200032,banuri,"('حظر و اباحت', 'mamnooaat-mubahat')","('تفریح / کھیل', 'tafreeh-khel')","('مختلف قسم کے کھیل', 'mukhtalif-qism-k-khel')"
26-12-2019,https://www.banuri.edu.pk/readquestion/صلاۃ-الکسوف-گاؤں-میں-جماعت-کے-ساتھ-پڑھنا-144104200960/26-12-2019,صلاۃ الکسوف گاؤں میں جماعت کے ساتھ پڑھنا,’’صلاۃ الکسوف‘‘  گاؤں میں جماعت کے ساتھ پڑھنا کیسا ہے؟,"<p><p style=""text-align:justify;"">فقہاءِ کرام نے جامع مسجد یا عیدگاہ میں بڑی جماعت کے ساتھ صلاۃ الکسوف ادا کرنے کو مستحب قرار دیا ہے، لیکن یہ ضروری نہیں ہے،بالفاظِ دیگر اس میں جمعہ والی شرائط کا ہونا ضروری نہیں، اصل حکم یہ ہے کہ  سورج گرہن کے موقع پر مسجد میں جماعت کے ساتھ نماز پڑھنا سنت ہے،  یعنی جس مسجد میں جماعت کے ساتھ نماز پڑھی جاتی ہو اس میں سورج گرہن کی نماز پڑھی جاسکتی ہے۔ لہٰذا گاؤں میں بھی جماعت کے ساتھ کسوف کی نماز ادا کی جاسکتی ہے۔</p><p style=""text-align:justify;""><span class=""ar_writing"">عمدة القاري شرح صحيح البخاري - (11 / 35):<br/>
""( باب صلاة الكسوف جماعة )<br/>
أي هذا باب في بيان صلاة الكسوف بالجماعة، أشار بهذا إلى أن صلاة الكسوف بالجماعة سنة، وقال صاحب الذخيرة من أصحابنا: الجماعة فيها سنة، ويصلي بهم الإمام الذي يصلي الجمعة والعيدين، وفي ( المرغيناني ) يؤمهم فيها إمام حيهم بإذن السلطان؛ لأن اجتماع الناس ربما أوجب فتنةً وخللًا، ولايصلون في مساجدهم بل يصلون جماعةً واحدةً، ولو لم يقمها الإمام صلى الناس فرادى، وفي ( مبسوط ) بكر عن أبي حنيفة في غير رواية الأصول: لكل إمام مسجد أن يصلي بجماعة في مسجده، وكذا في ( المحيط )، وقال الإسبيجابي: لكن بإذن الإمام الأعظم، وقال بعضهم: باب صلاة الكسوف جماعة أي وإن لم يحضر الإمام، قلت: إذا لم يكن الإمام حاضرًا كيف يصلون جماعةً؟ ولاتكون الصلاة بالجماعة إلا إذا كان فيهم إمام، فإن لم يكن إمام وصلوا فرادى لايقال: صلوا بجماعة، وإن كانوا جماعات ..."" الخ</span></p><p style=""text-align:justify;""><span class=""ar_writing"">رد المحتار على الدر المختار:</span></p><p style=""text-align:justify;""><span class=""ar_writing"">""(قوله: من یملك إقامة الجمعة) وعن أبي حنیفة في غیر روایة الأصول: لکل إمام مسجد أن یصلي بجماعة في مسجده، والصحیح ظاهر الروایة، وهو أنه لایقیمها إلا الذي یصلي بالناس الجمعة، کذا في البدائع، نهر. (قوله: بیان للمستحب) أي: قوله: ""یصلي بالناس"" بیان للمستحبّ، وهو فعلها بالجماعة، أي: إذا وجد إمام الجمعة، و إلا فلاتستحب الجماعة، بل تصلی فرادی؛ إذا لایقمیما غیره کما علمته، (قوله: ردّه في البحر) أي: بتصریح الإسبیجابي بأنه یستحب فیها ثلاثة أشیاء: الإمام، و الوقت أي: الذي یباح فیه التطوع، والموضع أي مصلی العید أو المسجد الجامع، اهـ وقوله: الإمام أي: الاقتداء به.</span></p><p style=""text-align:justify;""><span class=""ar_writing"">وحاصله: أنها تصحّ بالجماعة وبدونها، والمستحبّ الأوّل، لکن إذا صلیت بجماعة لایقیمها إلا السلطان و مأذونه، کما مرّ أنه ظاهر الروایة"". (رد المحتار علی الدر المختار، کتاب الصلاة، باب الکسوف، (2/181،182) ط: سعید) </span>فقط واللہ اعلم</p></p>",144104200960,banuri,"('نماز', 'salat')","('سنن و نوافل', 'nawafil')","('سنن و نوافل', 'sunan-o-nawafi')"
24-09-2019,https://www.banuri.edu.pk/readquestion/رشوت-دے-کر-ڈگری-حاصل-کرنا-144012201424/24-09-2019,رشوت دے کر ڈگری حاصل کرنا,جو لوگ ڈگری پیسے کے عوض خریدتے ہیں  بغیر امتحان کے  اور ان کو مکمل نمبر دیا جاتا ہے جب کہ اس کے برخلاف ان لوگوں کا حق مارا جاتاہے جنہوں نے باقاعدہ امتحان دیا ہے حتی کہ بعض مولوی بھی اسناد خریدتے ہیں، ڈائریکٹ ممتاز درجہ سے پاس کیا جاتاہے، کیا ایسے لوگوں کی تنخواہ حلال ہے؟,"<p><p style=""text-align:justify;"">واضح رہے کہ پیسہ دے کر  ڈگری حاصل کرنا جائز نہیں، شرعاً یہ رشوت کے زمرہ میں آتا ہے اور رشوت کا لینا دینا حرام ہے،  نیز  یہ کام رشوت کے گناہ کے علاوہ دیگر سنگین گناہوں( دھوکا دہی ،جھوٹ اور دوسروں کا حق مارنے ) پر مشتمل ہونے کی وجہ سے سخت ممنوع ہے۔ لہٰذا  یہ بات قطعاً جائز نہیں ہے کہ  مذکورہ غیر شرعی طریقہ سے  ڈگری حاصل کی جائے۔</p><p style=""text-align:justify;"">باقی تنخواہ کا مسئلہ یہ ہے کہ  اگر اس طرح ڈگری حاصل کرنے کے ساتھ مفوضہ کام کی انجام دہی کی اہلیت وصلاحیت بھی  موجود نہ ہو تو اس کے لیے تنخواہ  بھی حلال نہ ہوگی، اسی طرح کام کی صلاحیت تو ہو، لیکن دیانت داری سے ذمہ داری انجام نہ دے تو جس قدر خیانت کرے گا اس قدر معاوضہ ناجائز ہوگا۔</p><p style=""text-align:justify;"">اور  اگر کوئی شخص مفوضہ کام کی انجام دہی کی اہلیت وصلاحیت رکھتاہو،  لیکن بغیر اس ڈگری لیے اس کو وہ کام نہ سونپا جاتا ہو  تب بھی رشوت دے کر ڈگری کا حصول ناجائز ہوگا، البتہ اس صورت میں اگر  دیانت داری سے وہ کام کرے تو اس عمل پر ملنے والی تنخواہ حلال ہوگی۔</p><p style=""text-align:justify;""><strong>سنن أبی داود  میں ہے</strong><strong>:</strong><br/><span class=""ar_writing"">’’عن أبي سلمة، عن عبد الله بن عمرو، قال: «لعن رسول الله صلى الله عليه وسلم الراشي والمرتشي»‘‘.  (3/ 300،کتاب الأقضیة، باب في کراهیة الرشوة، رقم الحدیث: 3580، ط: المکتبة العصریة) </span>فقط واللہ اعلم</p></p>",144012201424,banuri,"('معاملات', 'muamlat')","('سود / بینکاری / انشورنس / شیئرز', 'sood-bankari-insurance-shares')","('متفرقات سود', 'mutafarriqat-e-sood')"
10-10-2019,https://www.banuri.edu.pk/readquestion/فیس-بک-سے-لوگوں-کے-ای-میل-حاصل-کرکے-کمپنیوں-کو-فروخت-کرنا-144012201732/10-10-2019,فیس بک سے لوگوں کے ای میل حاصل کرکے کمپنیوں کو فروخت کرنا,جو لوگ فیس بک وغیرہ سے کسی سافٹ ویئر کے ذریعے لوگوں کے ای میل حاصل کر کے آگے  اشتہاری کمپنیوں کو فروخت کرتے ہیں، کیا یہ کام اور اس کی آمدنی جائز ہے؟,"<p><p style=""margin-left:.5in;margin-right:0;text-align:justify;""><span style=""color:#000;"">صورتِ مسئولہ میں کسی سافٹ ویئر کے ذریعے فیس بک وغیرہ سے لوگوں کی اجازت کے بغیر ان کے ای میل حاصل کرکے اشتہاری کمپنیوں کو فروخت کرنا شرعاً جائز نہیں،  اور اس سے حاصل  ہونے والی آمدن بھی حلال نہیں۔</span></p><p style=""margin-left:.5in;margin-right:0;text-align:justify;""><span class=""ar_writing""><span style=""color:#000;"">الدر المختار وحاشیة ابن عابدین (4/61) ط: سعید:</span></span></p><p style=""margin-left:.5in;margin-right:0;text-align:justify;""><span class=""ar_writing""><span style=""color:#000;"">""لايجوز لأحد من المسلمين أخذ مال أحد بغير سبب شرعي"". </span></span><span class=""ar_writing""><span style=""color:#000;"">فقط والله أعلم</span></span></p></p>",144012201732,banuri,"('معاملات', 'muamlat')","('بیع / تجارت', 'bay-tijarat')","('بیع صحیح ، فاسد اور باطل', 'bay-sahih-fasid-or-batil')"
30-11-2019,https://www.banuri.edu.pk/readquestion/فرض-اور-سنتوں-کے-درمیان-فصل-کرنا-فجر-کی-سنتوں-کے-بعد-کچھ-دیر-سونا-144104200065/30-11-2019,فرض اور سنتوں کے درمیان فصل کرنا / فجر کی سنتوں کے بعد کچھ دیر سونا,سننِ قبلیہ اور سننِ بعدیہ کو فرض نماز کے متصل ادا کرنا افضل ہے یا منفصل؟ اگر متصل ادا کرنا افضل ہے تو احادیثِ مبارکہ میں آتا ہے کہ  آپﷺ فجر کی سنتیں پڑھ کر سوجایا کرتے تھے۔اس حدیث کا کیا جواب ہوگا؟,"<p><p style=""text-align:justify;"">سنتوں اور فرض کے درمیان زیادہ فاصلہ نہ کرنا افضل ہے،  نماز سے پہلے بھی سنتِ مؤکدہ ادا کرکے نماز کے منافی عمل کیے بغیر فرض ادا کرنا افضل ہے، اور جن نمازوں  کے بعد  سنتِ مؤکدہ ہیں،  ان میں بھی مختصر اذکار کرکے سنتیں ادا کرنا افضل ہے،   طویل وظائف اور دعاؤں کا وقفہ نہ کرنا افضل ہے۔</p><p style=""text-align:justify;""> باقی آپ ﷺ کا فجر کی سنتوں کے بعد  یا فجر کی سنتوں سے پہلے آرام فرمانے سے متعلق دونوں قسم کی روایت ہیں ، قاضی عیاض اور دیگر شراح  نے فجر کی سنتوں سے پہلے آرام فرماکر پھر سنتیں پڑھنے والی روایت کو راجح قراردیا ہے۔</p><p style=""text-align:justify;"">  اور جن روایت میں فجرکی سنتوں کے بعد سونے کا ذکر ہے وہ عام معمول نہیں تھا،  بسا اوقات رات بھر نمازیں پڑھنے کی وجہ سے کچھ دیر استراحت فرمالیا کرتے تھے۔</p><p style=""text-align:justify;"">بعض شراح نے یہ تو جیہ کی ہے کہ  چوں  کہ آپ ﷺ رات کا اکثر تہجد اور نوافل میں مشغول رہتے تھے تو فجر کا وقت داخل ہونے کے بعد سنت پڑھ لینے کے بعد  کبھی استراحت کی غرض سے دائیں کروٹ پر لیٹ جاتے تھے، اگر کسی شخص کا اسی طرح معمول ہو تو وہ بھی اتباعِ سنت کی نیت سے ایسا کرلے تو ثواب کی امید  ہے۔</p><p style=""text-align:justify;"">لیکن فجر کی سنتوں کے بعد سونے کو لازم سمجھنا، یا رات بھر سوتے رہنا اور فجر کی سنت کے بعد دوبارہ سوجانا  یا گھر میں سنتیں پڑھ لینا اور کر مسجد میں آکر سوجانا اور اسے ضروری سمجھنا درست نہیں ہے۔(مکمل تفصیل کے لیے بذل المجہود 5/466، (عربی)در المنضود2/517 (اردو) ملاحظہ فرمائیں)</p><p style=""text-align:justify;"">نیز فقہائے احناف سے فجر کی سنتوں کے وقت کے متعلق دو قول ہیں: ایک یہ کہ اجالے میں پڑھی جائیں، یعنی فرض نماز سے کچھ پہلے۔  دوسرا یہ کہ صبح صادق کے بعد پہلے وقت میں پڑھی جائے، البحر الرائق میں دوسرے قول کو مسنون کہا گیا ہے، اس لحاظ سے فجر کی سنتوں اور فرض میں انفصال سے کوئی حرج نہیں۔</p><p style=""text-align:justify;""><span class=""ar_writing"">صحيح البخاري (1 / 47):<br/>
عن كريب، مولى ابن عباس أن عبد الله بن عباس أخبره أنه بات ليلة عند ميمونة زوج النبي صلى الله عليه وسلم وهي خالته فاضطجعت في عرض الوسادة "" واضطجع رسول الله صلى الله عليه وسلم وأهله في طولها، فنام رسول الله صلى الله عليه وسلم، حتى إذا انتصف الليل، أو قبله بقليل أو بعده بقليل، استيقظ رسول الله صلى الله عليه وسلم، فجلس يمسح النوم عن وجهه بيده، ثم قرأ العشر الآيات الخواتم من سورة آل عمران، ثم قام إلى شن معلقة، فتوضأ منها فأحسن وضوءه، ثم قام يصلي. قال ابن عباس: فقمت فصنعت مثل ما صنع، ثم ذهبت فقمت إلى جنبه، فوضع يده اليمنى على رأسي، وأخذ [ص:48] بأذني اليمنى يفتلها، فصلى ركعتين، ثم ركعتين، ثم ركعتين، ثم ركعتين، ثم ركعتين، ثم ركعتين، ثم أوتر، ثم اضطجع حتى أتاه المؤذن، فقام فصلى ركعتين خفيفتين، ثم خرج فصلى الصبح ""<br/>
بذل المجهود في حل سنن أبي داود (5 / 468):<br/>
ومن الأجوبة التي ذكروها أن أحاديث عائشة في بعضها الاضطجاع قبل ركعتي الفجر، وفي بعضها بعد ركعتي الفجر، وفي حديث ابن عباس قبل ركعتي الفجر، وقد أشار القاضي عياض إلى أنّ رواية الاضطجاع بعدهما مرجوحة، فتقدم رواية الاضطجاع قبلهما, ولم يقل أحد في الاضطجاع قبلهما أنه سنَّة فكذا بعدهما، انتهى ملخصًا (1).<br/>
قلت: وللشوكاني فيها كلام طويل، تركته للاختصار، وكذا بسطه العيني في شرحه على البخاري (2)، أما عند الحنفية فقال الشامي في حاشيته على ""الدر المختار"" (3): صرح الشافعية بسنية الفصل بين سنَّة الفجر وفرضه بهذه الضجعة أخذًا بهذ الحديث ونحوه، وظاهر كلام علمائنا خلافه حيث لم يذكروها، بل رأيت في ""موطأ الإِمام محمد"" (4) - رحمه الله - ما نصه: أخبرنا مالك عن نافع عن عبد الله بن عمر: ""أنه رأى رجلًا يركع ركعتي الفجر، ثم اضطجع، فقال ابن عمر: ما شأنه؟ فقال نافع: قلت: يفصل بين صلاته، فقال ابن عمر: وأي فصل أفضل من السلام، قال محمد: وبقول ابن عمر نأخذ، وهو قول أبي حنيفة - رحمه الله تعالى-، ثم قال في آخر البحث: وحاصله أن اضطجاعه عليه الصلاة والسلام إنما كان في بيته للاستراحة لا للتشريع، وإن صح حديث الأمر بها الدال على أنها للتشريع يحمل على طلب ذلك في البيت فقط.<br/>
الدر المختار وحاشية ابن عابدين (رد المحتار) (2 / 19):</span></p><p style=""text-align:justify;""><span class=""ar_writing""> (ولو تكلم بين السنة والفرض لا يسقطها ولكن ينقص ثوابها)  وقيل تسقط (وكذا كل عمل ينافي التحريمة على الأصح) قنية. وفي الخلاصة: لو اشتغل ببيع أو شراء أو أكل أعادها وبلقمة أو شربة لا تبطل؛ ولو جيء بطعام، إن خاف ذهاب حلاوته أو بعضها تناوله ثم سنن إلا إذا خاف فوت الوقت؛ ولو أخرها لآخر الوقت لا تكون سنة وقيل تكون.<br/>
(قوله ولو تكلم إلخ) وكذا لو فصل بقراءة الأوراد لأن السنة الفصل بقدر "" اللهم أنت السلام إلخ "" حتى  لو زاد تقع سنة لا في محلها المسنون كما مر قبيل فصل الجهر بالقراءة.(قوله وقيل تسقط) أي فيعيدها لو قبلية، ولو كانت بعدية فالظاهر أنها تكون تطوعا، وأنه لا يؤمر بها على هذا القول تأمل. (قوله وفي الخلاصة إلخ) الظاهر أنه استدراك على ما صححه في المتن تبعا للقنية لأن جزم الخلاصة بقوله أعادها يفيد أنها تسقط بقرينة قوله بعده لا تبطل: أي لا يبطل كونها سنة فإنه يفيد أن الإعادة لبطلان كونه سنة وإلا لم تصح المقابلة تأمل.(قوله ولو جيء بطعام إلخ) أفاد أن العمل المنافي إنما ينقص ثوابها أو يسقطها لو كان بلا عذر، أما لو حضر الطعام وخاف ذهاب لذته لو اشتغل بالسنة البعدية فإنه يتناوله ثم يصليها لأن ذلك عذر في ترك الجماعة، ففي تأخير السنة أولى إلا إذا خاف فوتها بخروج الوقت فإنه يصليها ثم يأكل، هذا ما ظهر لي.<br/>
وفيه ايضا(1/ 530):<br/>
""ويكره تأخير السنة إلا بقدر اللهم أنت السلام إلخ. قال الحلواني: لا بأس بالفصل بالأوراد واختاره الكمال. قال الحلبي: إن أريد بالكراهة التنزيهية ارتفع الخلاف قلت: وفي حفظي حمله على القليلة؛ ويستحب أن يستغفر ثلاثاً ويقرأ آية الكرسي والمعوذات ويسبح ويحمد ويكبر ثلاثاً وثلاثين؛ ويهلل تمام المائة ويدعو ويختم بسبحان ربك.<br/>
(قوله: إلا بقدر اللهم إلخ) لما رواه مسلم والترمذي عن عائشة قالت «كان رسول الله صلى الله عليه وسلم لايقعد إلا بمقدار ما يقول: اللهم أنت السلام ومنك السلام تباركت يا ذا الجلال والإكرام» وأما ما ورد من الأحاديث في الأذكار عقيب الصلاة فلا دلالة فيه على الإتيان بها قبل السنة، بل يحمل على الإتيان بها بعدها؛ لأن السنة من لواحق الفريضة وتوابعها ومكملاتها فلم تكن أجنبية عنها، فما يفعل بعدها يطلق عليه أنه عقيب الفريضة.<br/>
وقول عائشة بمقدار لايفيد أنه كان يقول ذلك بعينه، بل كان يقعد بقدر ما يسعه ونحوه من القول تقريباً، فلاينافي ما في الصحيحين من «أنه صلى الله عليه وسلم كان يقول في دبر كل صلاة مكتوبة: لا إله إلا الله وحده لا شريك له، له الملك وله الحمد وهو على كل شيء قدير، اللهم لا مانع لما أعطيت ولا معطي لما منعت ولاينفع ذا الجد منك الجد» وتمامه في شرح المنية، وكذا في الفتح من باب الوتر والنوافل (قوله: واختاره الكمال) فيه أن الذي اختاره الكمال هو الأول، وهو قول البقالي. ورد ما في شرح الشهيد من أن القيام إلى السنة متصلا بالفرض مسنون، ثم قال: وعندي أن قول الحلواني لا بأس لا يعارض القولين لأن المشهور في هذه العبارة كون خلافه أولى، فكان معناها أن الأولى أن لايقرأ قبل السنة، ولو فعل لا بأس، فأفاد عدم سقوط السنة بذلك، حتى إذا صلى بعد الأوراد تقع سنة لا على وجه السنة، ولذا قالوا: لو تكلم بعد الفرض لاتسقط لكن ثوابها أقل، فلا أقل من كون قراءة الأوراد لا تسقطها اهـ.<br/>
وتبعه على ذلك تلميذه في الحلية، وقال: فتحمل الكراهة في قول البقالي على التنزيهية لعدم دليل التحريمية، حتى لو صلاها بعد الأوراد تقع سنة مؤداة، لكن لا في وقتها المسنون، ثم قال: وأفاد شيخنا أن الكلام فيما إذا صلى السنة في محل الفرض لاتفاق كلمة المشايخ على أن الأفضل في السنن حتى سنة المغرب المنزل أي فلا يكره الفصل بمسافة الطريق (قوله قال الحلبي إلخ) هو عين ما قاله الكمال في كلام الحلواني من عدم المعارضة ط (قوله: ارتفع الخلاف) لأنه إذا كانت الزيادة مكروهة تنزيهاً كانت خلاف الأولى الذي هو معنى لا بأس (قوله: وفي حفظي إلخ) توفيق آخر بين القولين، المذكورين، وذلك بأن المراد في قول الحلواني لا بأس بالفصل بالأوراد: أي القليلة التي بمقدار "" اللهم أنت السلام إلخ "" لما علمت من أنه ليس المراد خصوص ذلك، بل هو أو ما قاربه في المقدار بلا زيادة كثيرة فتأمل. وعليه فالكراهة على الزيادة تنزيهية لما علمت من عدم دليل التحريمية فافهم وسيأتي في باب الوتر والنوافل ما لو تكلم بين السنة والفرض أو أكل أو شرب، وأنه لا يسن عندنا الفصل بين سنة الفجر وفرضه بالضجعة التي يفعلها الشافعية</span>. فقط واللہ اعلم</p></p>",144104200065,banuri,"('نماز', 'salat')","('سنن و نوافل', 'nawafil')","('سنن و نوافل', 'sunan-o-nawafi')"
13-10-2018,https://www.banuri.edu.pk/readquestion/تحنیک-کے-لیے-بچہ-کی-پیدائش-سے-پہلے-ہی-کھجور-چبواکر-رکھ-لینا/13-10-2018,تحنیک کے لیے بچہ کی پیدائش سے پہلے ہی کھجور چبواکر رکھ لینا,اگر بچے کی پیدائش کی مقررہ تاریخ الٹراساؤنڈ کے ذریعے معلوم ہو جائے، تو اس تاریخ کے اعتبار سے بچے کی تحنیک کے لیے کسی بزرگ یا اللہ والے سے کھجور وغیرہ آدھا دن یا ایک دن پہلے چبوا کر رکھ سکتے ہیں؟,"<p><p style=""text-align:justify;"">’’تحنیک‘‘   کا لغوی معنی ہے ’’کسی چیز کو چبا کر بچہ کے منہ میں ڈالنا‘‘ ، تحنیک کا مقصد یہ ہے کہ بچے کے پیٹ میں پہلی غذا کسی نیک بزرگ کا لعاب جائے، تاکہ اس سے برکت کا حصول ہو، اور تاکہ بچے کو کھانے کی مشق ہوجائے اور اس کا تالو  کھل جائے۔</p><p style=""text-align:justify;"">’’تحنیک‘‘ کا طریقہ یہ ہے کہ بچہ کی پیدائش کے بعد   کسی نیک ،صالح ،متبعِ سنت بزرگ کے منہ میں چبائی ہوئی کھجور یا اس کے لعاب میں ملی ہوئی کوئی بھی میٹھی چیز مثلاً شہد یا   یا کم از کم کوئی ایسی چیز جو آگ پر پکی ہوئی نہ ہو بچے کے منہ میں ڈال کے اس کے تالو  پر مل دی جائے،   تاکہ یہ لعاب اس بچے کے پیٹ میں چلا جائے اور اس طرح اس نیک بزرگ کی نیکی کے اثرات اس بچے کے اندرمنتقل ہوجائیں، حضرت عائشہ رضی اللہ عنہا ارشاد فرماتی ہیں کہ:رسول اللہ ﷺ کے پاس نومولود بچوں کو لایا جاتا تو آپ ﷺ ان کے لیے برکت کی دعا فرماتے اور ان کی تحنیک فرماتے تھے، چنانچہ بچہ کی پیدائش کے بعد اس کی تحنیک کروانا حضور ﷺ کی سنت ہے، تحنیک سے متعلق جو احادیث وارد ہیں ان میں یہی مفہوم کے بچہ کی پیدائش کے بعد  ان کو تحنیک کے لیے آپ ﷺ کے پاس لایا جاتا تھا، اس لیے بہتر یہی ہے کہ بچہ کی پیدائش کے بعد کسی اللہ والے بزرگ سے تحنیک کروالی جائے، لیکن اگر پہلے سے اس نیت سے تحنیک کروالی جائے کہ وقت پر کوئی بزرگ  میسر نہیں ہوگا یا کوئی بزرگ آئے ہوں اور وہ بچہ کی پیدائش سے قبل واپس جارہے تو ان سے برکت کے حصول کے لیے  پہلے ہی کھجور وغیرہ چبواکر رکھ لی جائے تو اس کی بھی گنجائش ہوگی۔</p><p style=""text-align:justify;""><span class=""ar_writing"">صحيح البخاري (7/ 84):</span></p><p style=""text-align:justify;""><span class=""ar_writing"">""حدثنا إسحاق بن نصر، حدثنا أبو أسامة، حدثنا هشام بن عروة، عن أبيه، عن أسماء بنت أبي بكر رضي الله عنهما: أنها حملت بعبد الله بن الزبير بمكة، قالت: فخرجت وأنا متم، فأتيت المدينة فنزلت قباء، فولدت بقباء، ثم «أتيت به رسول الله صلى الله عليه وسلم فوضعته في حجره، ثم دعا بتمرة فمضغها، ثم تفل في فيه، فكان أول شيء دخل جوفه ريق رسول الله صلى الله عليه وسلم، ثم حنكه بالتمرة، ثم دعا له فبرك عليه» وكان أول مولود ولد في الإسلام، ففرحوا به فرحاً شديداً، لأنهم قيل لهم: إن اليهود قد سحرتكم فلايولد لكم"".</span></p><p style=""text-align:justify;""><span class=""ar_writing"">صحيح مسلم (3/ 1689):</span></p><p style=""text-align:justify;""><span class=""ar_writing"">""باب استحباب تحنيك المولود عند ولادته وحمله إلى صالح يحنكه.</span></p><p style=""text-align:justify;""><span class=""ar_writing"">حدثنا أبو بكر بن أبي شيبة، حدثنا يزيد بن هارون، أخبرنا ابن عون، عن ابن سيرين، عن أنس بن مالك، قال: كان ابن لأبي طلحة يشتكي، فخرج أبو طلحة، فقبض الصبي، فلما رجع أبو طلحة قال: ما فعل ابني؟ قالت أم سليم: هو أسكن مما كان، فقربت إليه العشاء فتعشى، ثم أصاب منها، فلما فرغ قالت: واروا الصبي، فلما أصبح أبو طلحة أتى رسول الله صلى الله عليه وسلم فأخبره، فقال: «أعرستم الليلة؟» قال: نعم، قال: «اللهم بارك لهما» فولدت غلاما، فقال لي أبو طلحة: احمله حتى تأتي به النبي صلى الله عليه وسلم، فأتى به النبي صلى الله عليه وسلم، وبعثت معه بتمرات، فأخذه النبي صلى الله عليه وسلم فقال: «أمعه شيء؟» قالوا: نعم، تمرات، فأخذها النبي صلى الله عليه وسلم فمضغها، ثم أخذها من فيه، فجعلها في في الصبي ثم حنكه، وسماه عبد الله"".</span></p><p style=""text-align:justify;""><span class=""ar_writing"">صحيح مسلم (3/ 1690):</span></p><p style=""text-align:justify;""><span class=""ar_writing"">""حدثنا أبو بكر بن أبي شيبة، وعبد الله بن براد الأشعري، وأبو كريب، قالوا: حدثنا أبو أسامة، عن بريد، عن أبي بردة، عن أبي موسى، قال: «ولد لي غلام فأتيت به النبي صلى الله عليه وسلم فسماه إبراهيم وحنكه بتمرة»"".</span></p><p style=""text-align:justify;""><span class=""ar_writing"">صحيح مسلم (3/ 1690):</span></p><p style=""text-align:justify;""><span class=""ar_writing"">""حدثنا الحكم بن موسى أبو صالح، حدثنا شعيب يعني ابن إسحاق، أخبرني هشام بن عروة، حدثني عروة بن الزبير، وفاطمة بنت المنذر بن الزبير، أنهما قالا: خرجت أسماء بنت أبي بكر حين هاجرت وهي حبلى بعبد الله بن الزبير، فقدمت قباء، فنفست بعبد الله بقباء، ثم خرجت حين نفست إلى رسول الله صلى الله عليه وسلم ليحنكه «فأخذه رسول الله صلى الله عليه وسلم منها، فوضعه في حجره، ثم دعا بتمرة» قال: قالت عائشة: فمكثنا ساعة نلتمسها قبل أن نجدها، «فمضغها. ثم بصقها في فيه، فإن أول شيء دخل بطنه لريق رسول الله صلى الله عليه وسلم»، ثم قالت أسماء: «ثم مسحه وصلى عليه وسماه عبد الله، ثم جاء، وهو ابن سبع سنين أو ثمان، ليبايع رسول الله صلى الله عليه وسلم، وأمره بذلك الزبير، فتبسم رسول الله صلى الله عليه وسلم حين رآه مقبلا إليه، ثم بايعه»"".</span></p><p style=""text-align:justify;""><span class=""ar_writing"">صحيح مسلم (3/ 1691):</span></p><p style=""text-align:justify;""><span class=""ar_writing"">"" حدثنا أبو بكر بن أبي شيبة، حدثنا عبد الله بن نمير، حدثنا هشام يعني ابن عروة، عن أبيه، عن عائشة: «أن رسول الله صلى الله عليه وسلم كان يؤتى بالصبيان فيبرك عليهم ويحنكهم»"".</span></p><p style=""text-align:justify;""><span class=""ar_writing"">عمدة القاري شرح صحيح البخاري (21/ 83):</span></p><p style=""text-align:justify;""><span class=""ar_writing"">""قوله: (وتحنيكه) ، بالجر عطف على قوله: تسمية المولود. أي: في بيان تحنيك المولود، وهو مضغ الشيء ووضعه في فم الصبي، وذلك تحنيكه به، يقال: حنكت الصبي إذا مضغت التمر أو غيره ثم دلكته بحنكه والأولى فيه التمر فإن لم يتيسر فالرطب وإلا فشيء حلو، وعسل النحل أولى من غيره. ثم ما لم تمسه النار.</span></p><p style=""text-align:justify;""><span class=""ar_writing"">حدثنا إسحاق بن نصر حدثنا أبو أسامة قال: حدثني بريد عن أبي بردة عن أبي موسى، رضي الله عنه، قال: ولد لي غلام فأتيت به النبي صلى الله عليه وسلم، فسماه إبراهيم فحنكه بتمرة ودعا له بالبركة ودفعه إلي وكان أكبر ولد أبي موسى ... والحكم الثاني: تحنيك المولود، وقد ذكرناه. فإن قلت: ما الحكمة في تحنيكه؟ قلت: قال بعضهم: يصنع ذلك بالصبي ليتمرن على الأكل فيقوى عليه، فيا سبحان الله ما أبرد هذا الكلام، وأين وقت الأكل من وقت التحنيك؟ وهو حين يولد والأكل غالبا بعد سنتين أو أقل أو أكثر؟ والحكمة فيه أنه يتفاءل له بالإيمان لأن التمر ثمرة الشجرة التي شبهها رسول الله صلى الله عليه وسلم، بالمؤمن، وبحلاوته أيضا، ولا سيما إذا كان المحنك من أهل الفضل والعلماء والصالحين لأنه يصل إلى جوف المولود من ريقهم ألا ترى أن رسول الله صلى الله عليه وسلم، لما حنك عبد الله بن الزبير حاز من الفضائل والكمالات ما لا يوصف؟ وكان قارئا للقرآن عفيفا في الإسلام، وكذلك عبد الله بن أبي طلحة كان من أهل العلم والفضل والتقدم في الخير ببركة ريقه المبارك"".</span></p><p style=""text-align:justify;""><span class=""ar_writing"">شرح النووي على مسلم (3/ 194):</span></p><p style=""text-align:justify;""><span class=""ar_writing"">""قال أهل اللغة: التحنيك أن يمضغ التمر أو نحوه ثم يدلك به حنك الصغير وفيه لغتان مشهورتان حنكته وحنكته بالتخفيف والتشديد والرواية هنا فيحنكهم بالتشديد وهي أشهر اللغتين"".</span></p><p style=""text-align:justify;""><span class=""ar_writing"">شرح النووي على مسلم (14/ 122):</span></p><p style=""text-align:justify;""><span class=""ar_writing"">""اتفق العلماء على استحباب تحنيك المولود عندولادته بتمر فإن تعذر فما في معناه وقريب منه  من الحلو فيمضغ المحنك التمر حتى تصير مائعة بحيث تبتلع ثم يفتح فم المولود ويضعها فيه ليدخل شيء منها جوفه ويستحب أن يكون المحنك من الصالحين وممن يتبرك به رجلا كان أو امرأة فإن لم يكن حاضرا عند المولود حمل إليه ... وفي هذا الحديث فوائد: منها: تحنيك المولود عند ولادته وهو سنة بالإجماع كما سبق. ومنها: أن يحنكه صالح من رجل أو امرأة. ومنها: التبرك بآثار الصالحين وريقهم وكل شيء منهم. ومنها: كون التحنيك بتمر وهو مستحب، ولو حنك بغيره حصل التحنيك، ولكن التمر أفضل"".</span></p><p style=""text-align:justify;""><span class=""ar_writing"">الموسوعة الفقهية الكويتية (10/ 276 ،۲۷۷):</span></p><p style=""text-align:justify;""><span class=""ar_writing"">""من معاني التحنيك في اللغة: أن يدلك بالتمر حنك الصبي من داخل فيه، بعد أن يلين ... التحنيك مستحب للمولود، لما في الصحيحين من حديث أبي بردة عن أبي موسى  رضي الله عنهما قال: ولد لي غلام فأتيت النبي صلى الله عليه وسلم فسماه إبراهيم وحنكه بتمرة.  ويتولى تحنيك الصبي رجل أو امرأة، لما روي عن النبي صلى الله عليه وسلم أنه كان يؤتى بالصبيان فيبرك عليهم ويحنكهم. وأورد ابن القيم أن أحمد بن حنبل ولد له مولود فأمر امرأة بتحنيكه.  ويحنك المولود بتمر، لما ورد عن أسماء رضي الله عنها أنها حملت بعبد الله بن الزبير رضي الله عنهما قالت: خرجت وأنا متم، فأتيت المدينة، فنزلت بقباء، فولدته بقباء، ثم أتيت به النبي صلى الله عليه وسلم فوضعته في حجره، ثم دعا بتمرة فمضغها ثم تفل في فيه، فكان أول شيء دخل جوفه ريق رسول الله صلى الله عليه وسلم ثم حنكه بتمرة، ثم دعا له وبرك عليه. فإن لم يتيسر تمر فرطب، وإلا فشيء حلو، وعسل نحل أولى من غيره، ثم ما لم تمسه النار كما في نظيره مما يفطر الصائم. ويحنك الغلام غداة يولد، قال ابن حجر: وقيد بالغداة اتباعًا للفظ الخبر، والغداة تطلق ويراد بها الوقت هنا. وينبغي عند التحنيك أن يفتح المحنك فم الصبي، حتى تنزل حلاوة التمر أو نحوه إلى جوفه"". </span>فقط واللہ اعلم</p></p>",144001200524,banuri,"('حقوق و آدابِ معاشرت', 'huqooq-muashret')","('حقوق', 'bahmi-huqooq')","('اولاد کے حقوق', 'olad-ky-hoqoq')"
13-12-2019,https://www.banuri.edu.pk/readquestion/شادی-سے-پہلے-بیوی-کا-نامحرم-کے-ساتھ-تصویر-کھچوانا-144104200512/13-12-2019,شادی سے پہلے بیوی کا نامحرم کے ساتھ تصویر کھچوانا,عورت کا شادی سے پہلے نامحرموں کے ساتھ تصویر کھچوانا، اب شادی کے بعد شوہر نے کسی طریقے سے دیکھ لیا ہے اور شوہر کو یہ چیز سخت نا پسند ہے تو اس میں شوہر کو شریعت کیا حکم دیتی ہے ؟,"<p><p style=""margin-left:0;margin-right:0;text-align:justify;""><span style=""color:#000;"">واضح رہے کہ تصویرکھینچنا اور کھچوانا شرعاً جائز نہیں، عورت کا غیر محرم کے ساتھ تصویر کھنچوانا دہرے گناہ کا سبب ہے، لہذا مذکورہ خاتون کا شادی سے پہلے غیر محرم شخص کے ساتھ تصویر کھنچوانا شرعاً جائز نہیں تھا، اگر شوہر کو اس کی غیر محرم کے ساتھ تصویر کھچوانے کا علم ہو چکا ہے اور خاتون اس گناہ سے توبہ کرچکی ہے  اور آئندہ نہ کرنے کا عزم کرچکی ہے تو شوہر کو چاہیے کہ وہ اسے معاف کردے، اور اس بات پر آئندہ طعنہ بھی نہ دے۔ البتہ آئندہ وہ بیوی کو پاکیزہ ماحول فراہم کرے، تاکہ دوبارہ ایسا موقع نہ آئے۔  فقط واللہ اعلم</span></p></p>",144104200512,banuri,"('حظر و اباحت', 'mamnooaat-mubahat')","('تفریح / کھیل', 'tafreeh-khel')","('ٹی وی / وی سی آر / سینما / انٹرنیٹ/تصویر سازی', 'tv-vcr-cinema-internet-taswer-sazi')"
18-12-2019,https://www.banuri.edu.pk/readquestion/قضاء-حاجت-کے-بعد-کیا-ٹشو-استعمال-کرنا-ضروری-ہے-144104200691/18-12-2019,قضاء حاجت کے بعد کیا ٹشو استعمال کرنا ضروری ہے؟,انسان جب بیت الخلا جاتا ہے، جہاں وہ اپنا تقاضا  پورا کرنے کے بعد اپنا عضو پانی سے دھوتا ہے، کیا یہ ٹھیک ہے یا نہیں؟ سوال کا مقصد یہ ہے کہ کیا ٹشو پیپر وغیرہ  استعمال کرنا ضروری ہے؟  یا صرف پانی سے دھولینا کافی ہے؟,"<p><p style=""text-align:justify;"">استنجا کا افضل طریقہ یہ ہے کہ پیشاب سے فراغت کا اطمینان ہونے کے بعد مٹی کے پاک ڈھیلے یا ٹشو پیپر سے پیشاب کو خشک کرنے کے بعد پانی سے دھو ڈالے، پاخانہ کے بعد مٹی کے تین ڈھیلوں یا ٹشو پیپر سے پاخانہ کے مقام کو صاف کرنے کے بعد پھر پانی سے دھو لینا چاہیے۔</p><p style=""text-align:justify;"">پیشاب کے قطرات نکلنے کا اطمینان کرنے کے لیے کھنکھار لے، یا قدم پر زور دے یا کھڑے ہوکر ایک آدھ قدم چل لے،  استنجا کرتے وقت عام حالت میں جب پیشاب کے قطرے اپنی جگہ سے پھیلے نہ ہوں تو ٹشو پیپر سےا ستنجا کرنے کے بعد پانی سے استنجا کرنا افضل اور بہتر ہے۔  اگر قطرے کچھ پھیل جائیں تو ٹشو کے استعمال کے بعد پانی سے دھونا ضروری ہے ۔(فتاویٰ عالمگیریہ ص: ۴۸ جلد: ۱، الفصل الثالث فی الاستنجاء)</p><p style=""text-align:justify;"">البتہ ٹشو استعمال کرنا ضروری نہیں،  صرف پانی سے دھو لینا کافی ہے،  تاہم پیشاب کے قطروں کے بند ہوجانے کے بعد دھونا ضروری ہے۔ فقط واللہ اعلم</p></p>",144104200691,banuri,"('طہارت', 'taharat')","('نجاست اور اس سے پاکی', 'najasat-aur-us-ki-paki')","('استنجاء، آداب و احکام', 'istinja-or-us-kay-aadab-o-ahkam')"
05-11-2019,https://www.banuri.edu.pk/readquestion/عرب-ممالک-میں-مغرب-سے-پھلے-دو-رکعت-پڑھنے-کا-حکم-144103200154/05-11-2019,عرب ممالک میں مغرب سے پہلے دو رکعت پڑھنے کا حکم,عرب ممالک میں مغرب کی اذان کے بعد دو رکعت نفل کا رواج ہے اور اس کی دلیل صحابہ کا عمل بتائی جاتی ہے، یہاں اس کے لیے پانچ منٹ کا وقت بھی دیا جاتا ہے، احناف کیا کریں؟,"<p><p style=""text-align:justify;"">چوں کہ مغرب کی نماز میں  شرعاًتعجیل کا حکم ہے، اور ان دو رکعات کا مستقل معمول تاخیرِ مغرب کا سبب بنتا ہے؛ لہٰذا جن احادیثِ مبارکہ میں مغرب جلدی پڑھنے کی تاکید ہے، اور تاخیر کی مذمت ہے، ان کی بنا پر فقہاءِ احناف  نے اذانِ مغرب کے بعد  نوافل نہ پڑھنے کو پسند کیا ہے۔  البتہ جن ملکوں میں اس کے لیے مستقل وقت دیا جاتا ہو تو  وہاں پڑھنے میں کوئی حرج نہیں۔</p><p style=""text-align:justify;""><span class=""ar_writing""><strong>فتح القدير للكمال ابن الهمام (1/ 445):</strong></span></p><p style=""text-align:justify;""><span class=""ar_writing"">""ثم الثابت بعد هذا هو نفي المندوبية، أما ثبوت الكراهة فلا إلا أن يدل دليل آخر، وما ذكر من استلزام تأخير المغرب فقد قدمنا من القنية استثناء القليل والركعتان لاتزيد على القليل إذا تجوز فيهما"".</span></p><p style=""text-align:justify;""><span class=""ar_writing""><strong>الدر المختار وحاشية ابن عابدين (رد المحتار) (2/ 14):</strong></span></p><p style=""text-align:justify;""><span class=""ar_writing"">"" وحرر إباحة ركعتين خفيفتين قبل المغرب؛ وأقره في البحر والمصنف.</span></p><p style=""text-align:justify;""><span class=""ar_writing""> (قوله: وحرر إباحة ركعتين إلخ) فإنه ذكر أنه ذهبت طائفة إلى ندب فعلهما، وأنه أنكره كثير من السلف وأصحابنا ومالك. واستدل لذلك بما حقه أن يكتب بسواد الأحداق؛ ثم قال: والثابت بعد هذا هو نفي المندوبية، أما ثبوت الكراهة فلا إلا أن يدل دليل آخر، وما ذكر من استلزام تأخير المغرب فقد قدمنا عن القنية استثناء القليل، والركعتان لايزيد على القليل إذا تجوز فيهما اهـ وقدمنا في مواقيت الصلاة بعض الكلام على ذلك"".</span>فقط واللہ اعلم</p></p>",144103200154,banuri,"('نماز', 'salat')","('نمازوں کے اوقات', 'namazon-k-auqat')","('نمازوں کے اوقات', 'namazon-k-auqat')"
08-11-2019,https://www.banuri.edu.pk/readquestion/عورت-کے-لئے-مہندی-کو-لازمی-سمجھنا-144103200238/08-11-2019,عورت کے لیے مہندی کو لازمی سمجھنا,عورت کے لیے مہندی لگانا کتنا ضروری ہے؟ چندخواتین بہت ضروری سمجھتی ہیں اور یہ تک کہتی ہیں کہ اگر عورت کے ناخن مہندی سے لال نہ ہو تو ان کی نماز نہیں ہوتی، اور بعض خواتین کوئی خاص مقدار کا بھی کہتی ہیں کہ اتنی مقدار کی مہندی ساری زندگی میں لگانا ضروری ہے۔,"<p><p style=""text-align:justify;"">خواتین کے لیے مہندی لگانا  شرعاً لازم اور ضروری نہیں، بلکہ جائز ہے۔  مذکورہ خواتین جو مہندی کو لازمی سمجھتی ہیں یا مہندی کی خاص مقدار کو لازمی سمجھتی ہیں،  ان   کا خیال غلط اور بے اصل ہے۔  شرعاً اس کی کوئی حیثیت نہیں۔فقط واللہ اعلم</p></p>",144103200238,banuri,"('متفرق کتب', 'mutafarriq-kutub')","('متفرق ابواب', 'mutafarriq-abwab')","('متفرق فصول', 'mutafarriq-fusool')"
11-11-2019,https://www.banuri.edu.pk/readquestion/بیس-ہزار-تنخواہ-وصول-کرنے-کی-صورت-میں-انتظامیہ-کے-کہنے-پر-پندرہ-ہزار-پر-دستخط-کرنا-2/11-11-2019,بیس ہزار تنخواہ وصول کرنے کی صورت میں انتظامیہ کے کہنے پر پندرہ ہزار پر دستخط کرنا,تن خواہ  بیس ہزار طے ہوگئی تھی، اب تن خواہ مجھے بیس ہزار ہی دیتے ہیں،  لیکن مجھ سے دستخط 15000 پہ لیتے ہیں۔ اس طرح کرنے سے انتظامیہ کا مقصد جو بھی ہو،  لیکن میں سمجھتا ہوں کہ میں جو دستخط کرتا ہوں یہ شرعی طور پر درست نہیں ہوسکتا؟,"<p><p style=""text-align:justify;"">بیس ہزار تنخواہ وصول کرکے پندرہ ہزار کی سلپ پر دستخظ خلافِ حقیقت بات ہے، اس سے گریز چاہیے۔فقط واللہ اعلم</p></p>",144103200283,banuri,"('متفرق کتب', 'mutafarriq-kutub')","('متفرق ابواب', 'mutafarriq-abwab')","('متفرق فصول', 'mutafarriq-fusool')"
11-11-2019,https://www.banuri.edu.pk/readquestion/ایویسٹمنٹ-کرنے-پر-لگائے-ہوئے-پیسوں-کا-چالیس-فیصد-منافع-دینے-والی-کمپنی-میں-انویسٹمنٹ-کرنے-کا-حکم-144103200282/11-11-2019,انویسٹمنٹ کرنے پر لگائے ہوئے پیسوں کا چالیس فیصد منافع دینے والی کمپنی میں انویسٹمنٹ کرنے کا حکم,ایک کمپنی ہے، جس کا نام fxtrade-invest.club  اس میں یہ طریقہ کار ہے کہ کمپنی کہتی ہے کہ آپ انویسٹمنٹ کرو، آپ کی انویسٹمنٹ پر ہم ٹریڈنگ کریں گے، اس میں انویسٹمنٹ کا طریقہ یہ ہے کہ اگر کوئی بندہ اس میں 15 ڈالرز سے لے کر100 ڈالرز تک جتنا بھی آپ انویسٹمنٹ کرے گا  24 گھنٹے بعد آپ کو اپنے پیسے کے ساتھ 40 پرسینٹ منافع بھی دیتی ہے، اس میں مختلف پلان ہیں، اور مختلف پرسینٹیج ہے۔ کیا اسلام میں یہ جائز ہے کہ نہیں؟ پر سینٹیج فکس دیتا ہے،  24 گھنٹے بعد اپنے پیسے بھی واپس؟,"<p><p style=""text-align:justify;"">اگر مذکورہ کمپنی آپ کے لگائے ہوئے پیسوں کا چالیس فیصد (مثلاً) منافع دینے کا معاہدہ کرتی ہے تو یہ سود ہے، اس لیے مذکورہ کمپنی میں انویسٹمنٹ کرنا جائز نہیں ہے۔ فقط واللہ اعلم</p></p>",144103200282,banuri,"('معاملات', 'muamlat')","('سود / بینکاری / انشورنس / شیئرز', 'sood-bankari-insurance-shares')","('متفرقات سود', 'mutafarriqat-e-sood')"
14-11-2019,https://www.banuri.edu.pk/readquestion/قبروں-پر-پھول-ڈالنے-اور-پانی-چھڑکنے-کا-حکم-مردہ-سلام-کو-سنتا-ہے-یا-نہیں-آپ-صلی-اللہ-علیہ-وسلم-کا-دو-قبروں-پر-ٹہنی-گاڑنے-کی-وجہ-144103200355/14-11-2019,قبروں پر پھول ڈالنے اور پانی چھڑکنے کا حکم، مردہ سلام کو سنتا ہے یا نہیں؟ آپ صلی اللہ علیہ وسلم کا دو قبروں پر ٹہنی گاڑنے کی وجہ,۱) قبر پر پھول ڈالنے یا پانی ڈالنے کی شرعی حیثیت کیا ہے؟ عام طور پر قبرستان میں لوگوں کو قبروں پر پھول ڈالتے ہوئے اور پانی چھڑکتے ہوئے دیکھا جاتا ہے، اس بارے میں راہ نمائی فرمادیں۔۲) کیا مرحوم کو کیا جانے والا سلام اس تک پہنچتا ہے؟ یعنی کیا مردہ سلام کو سنتا ہے؟۳) ایک حدیث میں آیا ہے کہ قبر پر درخت کی ٹہنی لگائی گئی تھی جس کی وجہ سے قبر میں ہونے والا عذاب ٹہنی کے سوکھنے تک کم کردیا گیا تھا، اس کی وضاحت فرمادیں،  قبر کے اوپر موجود مٹی پر چھوٹے چھوٹے پودے لگانا کیسا ہے؟ کیا یہ عمل بھی اس درخت کی ٹہنی لگانے جیسا ہوگا جس کا احادیث میں تذکرہ ملتا ہے؟,"<p><p style=""text-align:justify;"">(1) قبر وں پر پھول ڈالنا نبی کریم صلی اللہ علیہ وسلم،صحابہ کرام، تابعین، تبع تابعین اور ائمۂ مجتہدین سے ثابت نہیں ہے، اس لیے  قبر پر پھول ڈالنا درست نہیں ہے، بلکہ پھول کے بجائے یہ رقم صدقہ وخیرات کرکے میت کو ثواب پہنچادے، یہ زیادہ بہتر ہے، تاکہ میت کو بھی فائدہ ہو اور رقم بھی ضائع نہ ہو۔</p><p style=""text-align:justify;""> تدفین کے موقع پر قبر پر مٹی ڈالنے کے بعد پانی چھڑکنا مستحب ہے، اور اس کی اصل وجہ تو یہ ہے کہ خود نبی کریم صلی اللہ علیہ وسلم نے حضرت سعد اور اپنے صاحب زادے حضرت ابراہیم رضی اللہ عنہما کی قبر پر پانی چھڑکا تھا اور حضرت عثمان بن مظعون رضی اللہ عنہ کی قبر پر پانی چھڑکنے کا حکم فرمایا تھا۔  ظاہری وجہ یہ سمجھ میں آتی ہے کہ پانی کے چھڑکنے سے قبر کی مٹی بیٹھ جاتی ہے اور ہوا سے گرد کے ساتھ اڑنے سے بچ جاتی ہے.</p><p style=""text-align:justify;"">(2) جب مردوں کو سلام کیا جاتا ہے تو وہ سلام ان تک پہنچتا بھی ہے اور مردے  اس سلام کو سنتے بھی ہیں۔</p><p style=""text-align:justify;"">(3) حضرت ابن عباس رضی اللہ عنہ سے روایت ہے کہ نبی ﷺکا دو قبروں پر گزر ہوا تو آپ ﷺ نے فرمایا کہ ان دونوں مردوں کو عذاب ہورہا ہے،  پھر آپ ﷺ نے کھجور کے درخت کی ایک تر شاخ لے کر اسے درمیان سے چیر کر دو حصہ کردیا، پھر ایک حصہ ایک قبر پر اور دوسرا حصہ دوسری قبر پر گاڑ دیا، لوگوں نے عرض کیا: یا رسول اللہ!  یہ آپ نے کس مصلحت سے کیا ؟ تو آپ ﷺ نے فرمایا کہ  امید ہے کہ جب تک یہ خشک نہ ہوں، ان سے عذاب ہلکا ہو جاوے۔(مشکاۃ)</p><p style=""text-align:justify;"">شارحینِ حدیث نے اس حدیث کے متعلق فرمایا ہے کہ یہ عمل صرف حضور ﷺ کے ساتھ خاص تھا؛ کیوں کہ آپ ﷺ کو بذریعہ وحی ان مردوں کے عذاب میں مبتلا ہونے کی خبر دی گئی تھی، اور یہ بھی بتایا گیا تھا کہ آپ ﷺ کے اس طرح ٹہنی لگانے سے ان کے عذاب میں تخفیف کردی جائے گی، اسی لیے آپ ﷺ نے یہ عمل صرف ان ہی دو مردوں کی قبر کے ساتھ کیا تھا، عمومی طور سے آپ ﷺ کا معمول قبروں پر ٹہنی گاڑنے کا نہیں تھا، رسول اللہ ﷺ کے بعد تو کسی کو بذریعہ وحی یہ بات معلوم نہیں ہوسکتی ہے کہ کس قبر والے کو عذاب ہورہا ہے اور کس کو نہیں، اسی وجہ سے رسول اللہ ﷺ کے صحابہ رضوان اللہ علیہم اجمعین نے بھی آپ ﷺ کے بعد  اس عمل کو اپنا معمول نہیں بنایا، لہٰذا قبروں کی مٹی پر باقاعدہ پودے لگانے کی شریعتِ مطہرہ میں کوئی حیثیت نہیں ہے اور یہ عمل رسول اللہ ﷺ کے دو معذب (عذاب میں مبتلا) لوگوں کی قبروں پر ٹہنی لگانے کی طرح نہیں ہے، اس لیے اس سے اجتناب کرنا چاہیے۔</p><p style=""text-align:justify;"">اس بارے میں تفصیلی کلام اور دلائل حضرت مولانا محمد یوسف لدھیانوی رحمہ اللہ کی کتاب ’’اختلاف امت اور صراط مستقیم‘‘ میں دیکھے جاسکتے ہیں۔</p><p style=""text-align:justify;""><span class=""ar_writing"">عمدة القاري شرح صحيح البخاري (5 / 4):<br/>
’’أنكر الخطابي ومن تبعه وضع الجريد اليابس، وكذلك ما يفعله أكثر الناس من وضع ما فيه رطوبة من الرياحين والبقول ونحوهما على القبور ليس بشيء‘‘. </span></p><p style=""text-align:justify;""><span class=""ar_writing"">الدر المختار وحاشية ابن عابدين (رد المحتار) (2/ 237):<br/>
""(ولا بأس برش الماء عليه) حفظًا لترابه عن الاندراس.</span></p><p style=""text-align:justify;""><span class=""ar_writing"">(قوله: ولا بأس برش الماء عليه) بل ينبغي أن يندب؛ «لأنه صلى الله عليه وسلم فعله بقبر سعد»، كما رواه ابن ماجه، «وبقبر ولده إبراهيم»، كما رواه أبو داود في مراسيله، «وأمر به في قبر عثمان بن مظعون»، كما رواه البزار، فانتفى ما عن أبي يوسف من كراهته؛ لأنه يشبه التطيين، حلية"".</span> فقط واللہ اعلم</p></p>",144103200355,banuri,"('ایمان و عقائد', 'aqaed')","('بدعات اور رسوم', 'bidaat-rasoomat')","('بدعت اور اس کی اقسام', 'bidaat-aur-us-ki-aqsaam')"
16-01-2020,https://www.banuri.edu.pk/readquestion/بالغہ-شادی-شدہ-عورت-کے-زنا-کی-سزا-144105200738/16-01-2020,بالغہ شادی شدہ عورت کے زنا کی سزا,اگر گیارہ سالہ کم عمر بیوی، جس کو حیض آئے ہوں، زنا کی مرتکب ہو جائے اور اس کا اقرار کرلے تو کیا اسے شریعت کے مطابق سنگسار کیا جائے گا یا اسے نوعمری کی وجہ سے معاف کیا جا سکتا ہے؟,"<p><p style=""margin-left:0;margin-right:0;text-align:justify;"">’’زنا‘‘ کبیرہ گناہوں میں سے سخت ترین گناہ ہے،   ’’زنا‘‘ کی شرعی سزا (حد) مقرر ہے،  اگر کوئی شخص اس فعلِ شنیع کا ارتکاب کرے اور  شرائط کے مطابق چار گواہوں کے ذریعہ، یا چار مرتبہ قاضی کی مجلس میں اقرار کے ذریعہ (جس کی تفصیل کتبِ فقہ میں موجود ہے) اس کاثبوت ہوجائے تو شریعتِ محمدیہ میں ایسے فرد پر ’’حدِّ زنا‘‘ کانافذکرنالازم ہے۔</p><p style=""margin-left:0;margin-right:0;text-align:justify;"">زناکی شرعی سزایہ ہے کہ اگر بالغ شادی شدہ مردیا عورت زنا کرے تو  اس کو سنگ سار  کیا جائے  اوراگرغیرشادی شدہ اس حرکت کا مرتکب ہو تواس کو سوکوڑے مارے جائیں۔ ثبوت کے بعد سزا کو معاف کرنے کا اختیار قاضی کو نہیں ہے۔ عاقلہ بالغہ ہونے کی صورت میں محض کم عمری کی بنا پر سزا ساقط نہیں ہوتی،  بلکہ جرم کا ارتکاب بلوغت کے بعد عمر کے کسی بھی مرحلہ میں ہو اور شرعی اصولوں کے مطابق اس جرم کا ثبوت بھی ہوجائے تو اب سزا کا لاگوکیاجاناشرعی حکم ہے؛ کیوں کہ اَحکام کا مکلف ہونے کا مدار بلوغت پر ہے؛ لہذا اگر لڑکی  بالغہ اور شادی شدہ ہے تو اس کی بھی سزا سنگ سار   کرنا ہی ہے۔ واضح رہے کہ شریعت کی نظر میں نو سال کے بعد لڑکی بالغ ہوسکتی ہے، لہذا اس کے بعد اگر بلوغت کی کوئی علامت پائی گئی تو وہ بالغہ شمار ہوگی۔</p><p style=""margin-left:0;margin-right:0;text-align:justify;"">لیکن یہ یاد رہے کہ  سزاؤں  (اور تعزیرات )کے نفاذ کا اختیار اسلامی حکومت اور عدلیہ کوہے، ہرفرد کوسزاؤں کے نفاذ کا اختیار شریعت نے نہیں دیاہے۔ خدانخواستہ اگر ایسا واقعہ پیش آجائے (والعیاذباللہ) تو مسلمانوں پر  لازم ہے کہ زجراً و توبیخاً ایسے بدکردارمرد وعورت  سے تعلقات، سلام کلام،میل جول وغیرہ ترک کردیں اور جب تک وہ توبہ نہ کرے اور اس کی توبہ کا خلوص قرائن سے معلوم نہ ہوجائے یا حکومت وعدلیہ اس پر سزا نافذ کردے ، اس وقت تک اس سے ترکِ تعلقات قائم رکھیں۔</p><p style=""margin-left:0;margin-right:0;text-align:justify;"">فتاوی شامی میں ہے :</p><p style=""margin-left:0;margin-right:0;text-align:justify;""><span class=""ar_writing"">"" <strong>فيشترط الإمام لاستيفاء الحدود</strong>"". (6/549)</span></p><p style=""margin-left:0;margin-right:0;text-align:justify;"">بدائع الصنائع میں ہے :</p><p style=""margin-left:0;margin-right:0;text-align:justify;""><span class=""ar_writing"">""ألا ترى أن الإمام يملك أمورا لا تملكها الرعية وهي إقامة الحدود"". (2/379)</span></p><p style=""margin-left:0;margin-right:0;text-align:justify;"">فتاوی ہندیہ میں ہے :</p><p style=""margin-left:0;margin-right:0;text-align:justify;""><span class=""ar_writing"">""(الحد)وركنه : إقامة الإمام أو نائبه في الإقامة"". (15/57) </span>فقط واللہ اعلم</p></p>",144105200738,banuri,"('معاملات', 'muamlat')","('حدود / قصاص', 'hudood-qisas')","('حد زنا', 'hadd-e-zina')"
12-11-2019,https://www.banuri.edu.pk/readquestion/تین-طلاقوں-کے-بعدساتھ-رہنے-کے-بعد-عدت-کی-ابتدا-کا-حکم-144103200325/12-11-2019,تین طلاقوں کے بعد ساتھ رہنے کے بعد عدت کی ابتدا کا حکم,تین طلاقیں واقع ہونے کے بعد اگر لاعلمی میں بیوی سے جماع وغیرہ کرتا رہے، پھر بعد میں پتاچلے کہ میری بیوی مجھ سے مغلظہ ہو گئی ہے تو عدت کس دن سے شمار کی جائے گی،آخری دفعہ جماع کرنے کے بعد سے یا جس دن طلاق واقع ہوئی تھی اس دن سے؟,"<p><p style=""margin-left:0;margin-right:0;text-align:justify;""><span style=""color:#000;"">اگر تین طلاقیں دینے کے بعد میاں بیوی ازدواجی حیثیت سے ساتھ رہتے رہے جب کہ شوہر کو یہ علم نہ تھا کہ میری بیوی مجھ پر حرام ہوچکی ہے تو  عدت کی ابتدا آخری دفعہ جماع کرنے کے بعد سے شروع ہوگی۔</span></p><p style=""margin-left:0;margin-right:0;text-align:justify;""><span class=""ar_writing""><span style=""color:#000;"">الدر المختار وحاشية ابن عابدين (3 / 518) ط: سعید:</span></span></p><p style=""margin-left:0;margin-right:0;text-align:justify;""><span class=""ar_writing"">""(والموطوءة بشبهة) ومنه تزوج امرأة الغير غير عالم بحالها كما سيجيء، وللموطوءة بشبهة أن تقيم مع زوجها الأول وتخرج بإذنه في العدة؛ لقيام النكاح بينهما، إنما حرم الوطء حتى تلزمه نفقتها وكسوتها، بحر، يعني إذا لم تكن عالمةً راضيةً كما سيجيء ... (وإذا وطئت المعتدة بشبهة)  ولو من المطلق (وجبت عدة أخرى) لتجدد السبب (وتداخلتا، والمرئي) من الحيض (منها، و) عليها أن (تتم) العدة (الثانية إن تمت الأولى) وكذا لو بالأشهر، أو بهما لو معتدة وفاة"".</span></p><p style=""margin-left:0;margin-right:0;text-align:justify;""><span class=""ar_writing"">و في الرد:</span></p><p style=""margin-left:0;margin-right:0;text-align:justify;""><span class=""ar_writing"">""(قوله: بشبهة) متعلق بقوله: وطئت، وذلك كالموطوءة للزوج في العدة بعد الثلاث بنكاح، وكذا بدونه إذا قال: ظننت أنها تحل لي، أو بعدما أبانها بألفاظ الكناية، وتمامه في الفتح، ومفاده أنه لو وطئها بعد الثلاث في العدة بلا نكاح عالماً بحرمتها لاتجب عدة أخرى؛ لأنه زنا، وفي البزازية: طلقها ثلاثًا ووطئها في العدة مع العلم بالحرمة لاتستأنف العدة بثلاث حيض، ويرجمان إذا علما بالحرمة ووجد شرائط الإحصان، ولو كان منكرًا طلاقها لاتنقضي العدة، ولو ادعى الشبهة تستقبل. وجعل في النوازل البائن كالثلاث والصدر لم يجعل الطلاق على مال والخلع كالثلاث، وذكر أنه لو خالعها ولو بمال، ثم وطئها في العدة عالمًا بالحرمة تستأنف العدة لكل وطأة وتتداخل العدد إلى أن تنقضي الأولى، وبعده تكون الثانية والثالثة عدة الوطء لا الطلاق حتى لايقع فيها طلاق آخر ولاتجب فيها نفقة اهـ وما قاله الصدر هو ظاهر"".</span></p><p style=""margin-left:0;margin-right:0;text-align:justify;""><span class=""ar_writing"">الدر المختار وحاشية ابن عابدين (3 / 522) ط: سعید:</span></p><p style=""margin-left:0;margin-right:0;text-align:justify;""><span class=""ar_writing"">""(و) مبدؤها (في النكاح الفاسد) بعد التفريق من القاضي بينهما، ثم لو وطئها حدّ، جوهرة وغيرها، وقيده في البحر بحثا بكونه بعد العدة لعدم الحد بوطء المعتدة (أو) المتاركة أي (إظهار العزم) من الزوج (على ترك وطئها) بأن يقول بلسانه: تركتك بلا وطء ونحوه، ومنه الطلاق وإنكار النكاح لو بحضرتها وإلا لا، لا مجرد العزم لو مدخولة وإلا فيكفي تفرق الأبدان"".</span></p><p style=""margin-left:0;margin-right:0;text-align:justify;""><span class=""ar_writing"">و في الرد:</span></p><p style=""margin-left:0;margin-right:0;text-align:justify;""><span class=""ar_writing"">""قلت: ولم أر من صرح بمبدإ العدة في الوطء بشبهة بلا عقد. وينبغي أن يكون من آخر الوطآت عند زوال الشبهة، بأن علم أنها غير زوجته، وأنها لاتحل له إذ لا عقد هنا فلم يبق سبب للعدة سوى الوطء المذكور كما يعلم مما ذكرنا، والله أعلم"".</span> فقط واللہ اعلم</p></p>",144103200325,banuri,"('طلاق', 'talaaq')","('عدت', 'iddat')","('عدت', 'iddat')"
13-11-2019,https://www.banuri.edu.pk/readquestion/نشہ-کی-حالت-میں-طہارت-اور-نماز-144103200332/13-11-2019,نشہ کی حالت میں طہارت اور نماز,شراب پی کر اگر کوئی نماز پڑھے تو  کیا اس کی نماز ہو جائے گی اور اس کو روکنا چاہیے یا نہیں شراب کی حالت میں  نماز پڑھنے سے؟  شراب پینے کے بعد کیا انسان ناپاک ہو جاتا ہے اس کو دوبارہ غسل کرنا پڑتا ہے؟,"<p><p style=""margin-left:0;margin-right:0;text-align:justify;""><span style=""background-color:#fff;""><span style=""color:#323232;"">شراب  پینا حرام ہے۔ اگر شراب  پینےسے اتنا نشہ ہوجائے کہ اس کی چال اپنی حالت پر برقرار نہ رہے اور اس کی زبان سے بہکی بہکی  باتیں  نکلنے لگیں تو  اس کا وضو  ٹوٹ جائے گا، اور اس حالت میں نماز پڑھنا جائز نہیں ہوگا۔نماز سے روک دینا چاہیے۔</span></span></p><p style=""margin-left:0;margin-right:0;text-align:justify;""><span style=""background-color:#fff;""><span style=""color:#323232;"">جب تک نشہ کے علاوہ غسل کے وجوب کا کوئی سبب نہ پایا جائے تو  نشہ  اترنے کے بعد غسل  کرنا ضروری نہیں، نشہ سے صرف  وضو ٹوٹ جاتا ہے ۔</span></span></p><p style=""margin-left:0;margin-right:0;text-align:justify;""><span class=""ar_writing""><span style=""background-color:#fff;""><strong><span style=""color:#323232;"">الدر المختار وحاشية ابن عابدين (رد المحتار) (1/ 143</span></strong><strong><span style=""color:#323232;"">):<br/>
""(و) ينقضه (إغماء) ومنه الغشي  (وجنون وسكر) بأن يدخل في مشيه تمايل ولو بأكل الحشيشة.</span></strong></span></span></p><p style=""margin-left:0;margin-right:0;text-align:justify;""><span class=""ar_writing""><span style=""background-color:#fff;""><strong><span style=""color:#323232;""> (</span></strong><strong><span style=""color:#323232;"">قوله: وسكر) هو حالة تعرض للإنسان من امتلاء دماغه من الأبخرة المتصاعدة من الخمر ونحوه، فيتعطل معه العقل المميز بين الأمور الحسنة والقبيحة إسماعيل عن البرجندي (قوله: يدخل) أي به. قال في النهر: واختلف في حده هنا وفي الأيمان والحدود؛ فقال الإمام: إنه سرور يزيل العقل فلا يعرف به السماء من الأرض ولا الطول من العرض وخوطب زجراً له. وقالا: بل يغلب عليه فيهذي في أكثر كلامه، ولا شك أنه إذا وصل إلى هذه الحالة فقد دخل في مشيته اختلال، والتقييد بالأكثر يفيد أن النصف من كلامه لو استقام لا يكون سكران وقد رجحوا قولهما في الأبواب الثلاثة. قال في حدود الفتح: وأكثر المشايخ على قولهما واختاروه للفتوى؛ وفي نواقض المجتبى الصحيح قوله: ما اهـ أي فلا يشترط في حده أن يصل إلى أن لا يعرف الأرض من السماء</span></strong><strong><span style=""color:#323232;"">.<br/>
(</span></strong><strong><span style=""color:#323232;"">قوله: ولو بأكل الحشيشة) ذكره في النهر بحثا، واستدل له بما في شرح الوهبانية من أنهم حكموا بوقوع طلاقه إذا سكر منها زجرا له. قال الشيخ إسماعيل: ولايخفى أن قول البرجندي من الخمر ونحوه شامل له إذا تعطل العقل، وقول البحر بمباشرة بعض الأسباب</span></strong><strong><span style=""color:#323232;"">"".</span></strong></span></span></p><p style=""margin-left:0;margin-right:0;text-align:justify;""><span style=""background-color:#fff;""><span class=""ar_writing""><strong><span style=""color:#323232;"">أحكام القرآن للجصاص ط العلمية (2/ 254</span></strong><strong><span style=""color:#323232;"">):<br/>
""</span></strong><strong><span style=""color:#323232;"">وقوله تعالى: {حتى تعلموا ما تقولون} يدل على أن السكران الذي منع من الصلاة هو الذي قد بلغ به السكر إلى حال لايدري ما يقول، وأن السكران الذي يدري ما يقول لم يتناوله النهي عن فعل الصلاة، وهذا يشهد للتأويل الذي ذكرنا من أن النهي إنما انصرف إلى الشرب لا إلى فعل الصلاة؛ لأن السكران الذي لايدري ما يقول لايجوز تكليفه في هذه الحال كالمجنون والنائم والصبي الذي لايعقل، والذي يعقل ما يقول لم يتوجه إليه النهي؛ لأن في الآية إباحة فعل الصلاة إذا علم ما يقول</span></strong></span><strong><span style=""color:#323232;""><span class=""ar_writing"">""</span>. </span></strong><strong> </strong><strong><span style=""color:#323232;"">فقط واللہ اعلم</span></strong></span></p></p>",144103200332,banuri,"('طہارت', 'taharat')","('وضو', 'wuzu')","('وضو،فرائض،سنن،آداب اور وضو توڑنے والی اشیاء', 'wuzo-faraidh-sunan-aadab-or-wuzo-tornay-wali-ashya')"
09-11-2019,https://www.banuri.edu.pk/readquestion/زرد-لباس-پہننے-کا-حکم-144103200257/09-11-2019,زرد لباس پہننے کا حکم,کیا زعفرانی رنگ کے کپڑے  پہننا درست ہے؟,"<p><p style=""margin-left:0;margin-right:0;text-align:justify;"">خالص زرد رنگ کا لباس اور زعفران سے رنگا ہوا لباس مردوں کے لیے پہننا درست نہیں ہے۔ لباس سے مراد یہ ہے کہ جس سے انسان اپنے جسم کو ڈھانپے، البتہ زرد رنگ کا عمامہ احادیثِ مبارکہ اور صحابہ کرام رضی اللہ عنہم سے ثابت ہے، نیز  کتبِ سیرت سے معلوم ہوتاہے کہ غزوہ بدر  میں بعض فرشتے مسلمانوں کی مددونصرت کے لیے زرد رنگ کے عمامے باندھے ہوئے اترے تھے، اور حضرت زبیر رضی اللہ عنہ بھی بدر کے دن زرد عمامہ باندھے ہوئے تھے۔(تفصیل کے لیے دیکھیے سیرۃ مصطفی ،کاندھلویؒ،1/85الطاف سنز)</p><p style=""margin-left:0;margin-right:0;text-align:justify;"">تفسیر قرطبی میں ہے:</p><p style=""margin-left:0;margin-right:0;text-align:justify;""><span class=""ar_writing"">""وروي عن ابن عباس: تسومت الملائكة يوم بدر بالصوف الأبيض في نواصي الخيل وأذنابها. وقال عباد بن عبد الله بن الزبير وهشام بن عروة والكلبي: نزلت الملائكة في سيما الزبير عليهم عمائم صفر مرخاة على أكتافهم. وقال ذلك عبد الله وعروة ابنا الزبير. وقال عبد الله: كانت ملاءة صفراء أعتم بها الزبير رضي الله عنه"". (4/196)</span><br/>
روح المعانی میں ہے:<br/><span class=""ar_writing"">""فعن عبد اللّه بن الزبير أنّ الزبير كانت عليه عمامة صفراء معتجرًا بها فنزلت الملائكة وعليهم عمائم صفر، وأخرج ابن إسحاق. والطبراني عن ابن عباس أنه قال: كانت سيماء الملائكة يوم بدر عمائم بيض قد أرسلوها في ظهورهم، ويوم حنين عمائم حمر، وفي رواية أخرى عنه لكن بسند ضعيف أنها كانت يوم بدر بعمائم سود ويوم أحد بعمائم حمر"".(2/261)</span><br/>
مصنف ابن ابی شیبہ میں ہے:<br/><span class=""ar_writing"">""عن سليمان بن أبي عبد الله، قال: أدركت المهاجرين الأولين يعتمون بعمائم كرابيس سود، وبيض، وحمر، وخضر، وصفر، يضع أحدهم العمامة على رأسه، ويضع القلنسوة فوقها، ثم يدير العمامة هكذا، يعني على كوره، لايخرجها من تحت ذقنه"". (8/241)</span></p><p style=""margin-left:0;margin-right:0;text-align:justify;""><span class=""ar_writing"">الدر المختار وحاشية ابن عابدين (رد المحتار) (6/ 358):</span></p><p style=""margin-left:0;margin-right:0;text-align:justify;""><span class=""ar_writing"">""(وكره لبس المعصفر والمزعفر الأحمر والأصفر للرجال) مفاده أنه لايكره للنساء (ولا بأس بسائر الألوان) وفي المجتبى والقهستاني وشرح النقاية لأبي المكارم: لا بأس بلبس الثوب الأحمر اهـ.</span></p><p style=""margin-left:0;margin-right:0;text-align:justify;""><span class=""ar_writing"">ومفاده أن الكراهة تنزيهية، لكن صرح في التحفة بالحرمة؛ فأفاد أنها تحريمية وهي المحمل عند الإطلاق قاله المصنف. قلت: وللشرنبلالي فيه رسالة نقل فيها ثمانية أقوال منها: أنه مستحب.</span></p><p style=""margin-left:0;margin-right:0;text-align:justify;""><span class=""ar_writing"">(قوله: لا بأس بلبس الثوب الأحمر) وقد روي ذلك عن الإمام كما في الملتقط اهـ ط (قوله: ومفاده أن الكراهة تنزيهية)؛ لأن كلمة ""لا بأس"" تستعمل غالباً فيما تركه أولى، منح .(قوله: في التحفة) أي تحفة الملوك، منح. (قوله: فأفاد أنها تحريم إلخ) هذا مسلم لو لم يعارضه تصريح غيره بخلافه، ففي جامع الفتاوى: قال أبو حنيفة والشافعي ومالك: يجوز لبس المعصفر، وقال جماعة من العلماء: مكروه بكراهة التنزيه، وفي منتخب الفتاوى: قال صاحب الروضة: يجوز للرجال والنساء لبس الثوب الأحمر والأخضر بلا كراهة. وفي الحاوي الزاهدي: يكره للرجال لبس المعصفر والمزعفر والمورس والمحمر: أي الأحمر حريراً كان أو غيره إذا كان في صبغه دم وإلا فلا، ونقله عن عدة كتب، وفي مجمع الفتاوى: لبس الأحمر مكروه، وعند البعض لايكره، وقيل: يكره إذا صبغ بالأحمر القاني؛ لأنه خلط بالنجس. وفي الواقعات مثله. ولو صبغ بالشجر البقم لايكره. ولو صبغ بقشر الجوز عسلياً لايكره لبسه إجماعاً اهـ فهذه النقول مع ما ذكره عن المجتبى والقهستاني وشرح أبي المكارم تعارض القول بكراهة التحريم إن لم يدع التوفيق بحمل التحريم على المصبوغ أو بالنجس أو نحو ذلك، (قوله: وللشرنبلالي فيه رسالة) سماها ""تحفة الأكمل والهمام المصدر لبيان جواز لبس الأحمر""، وقد ذكر فيها كثيراً من النقول، منها ما قدمناه، وقال: لم نجد نصاً قطعياً لإثبات الحرمة، ووجدنا النهي عن لبسه لعلة قامت بالفاعل من تشبه بالنساء أو بالأعاجم أو التكبر، وبانتفاء العلة تزول الكراهة بإخلاص النية لإظهار نعمة الله تعالى، وعروض الكراهة للصبغ بالنجس تزول بغسله، ووجدنا نص الإمام الأعظم على الجواز ودليلاً قطعياً على الإباحة، وهو إطلاق الأمر بأخذ الزينة، ووجدنا في الصحيحين موجبه، وبه تنتفي الحرمة والكراهة بل يثبت الاستحباب اقتداءً بالنبي صلى الله عليه وسلم اهـ ومن أراد الزيادة على ذلك فعليه بها. أقول: ولكن جل الكتب على الكراهة كالسراج والمحيط والاختيار والمنتقى والذخيرة وغيرها، وبه أفتى العلامة قاسم. وفي الحاوي الزاهدي: ولايكره في الرأس إجماعاً، (قوله: ثمانية أقوال) نقلها عن القسطلاني، (قوله: منها أنه مستحب) هذا ذكره الشرنبلالي بحثاً كما قدمناه، وليس من الثمانية"".</span> فقط واللہ اعلم</p></p>",144103200257,banuri,"('حقوق و آدابِ معاشرت', 'huqooq-muashret')","('لباس / وضع قطع', 'libass-waza-qata')","('لباس ، احکام و آداب', 'libas-ahkam-o-aadab')"
15-11-2019,https://www.banuri.edu.pk/readquestion/گھر-بیچنے-کے-بعد-مقررہ-مدت-میں-رقم-نہ-ملنے-کی-صورت-میں-بیعانہ-ٹوکن-منی-ضبط-کرنے-کا-حکم-144103200391/15-11-2019,گھر بیچنے کے بعد مقررہ مدت میں رقم نہ ملنے کی صورت میں بیعانہ (ٹوکن منی) ضبط کرنے کا حکم,"ہم نے گھر بیچا پارٹی کو، اس نے 27  لاکھ کا لینے کا کہا اور ایک لاکھ کا ٹوکن دے دیا, پھر اس نے سودا کینسل کردیا اور بقیہ رقم دینے سے انکار کردیا۔ ہم نے اسے کہا تھا کہ اگر ہمارا کم میں بکا تو ہم رقم واپس نہیں کریں گے۔ اور اس کے بعد ہم نے گھر 26  لاکھ کا ارجنٹ بیچا ،اب ہم اس کو ایک لاکھ واپس کریں؟  شریعت میں اس کا کیا حکم ہے؟","<p><p style=""text-align:justify;"">جب آپ نے وہ گھر بیچ دیا اور پارٹی نے خرید لیا  تو صرف آپ کے یا اس پارٹی کے یک طرفہ طور پر اس سودہ کو  کینسل کردینے سے وہ سودا کینسل نہیں ہوگا، بلکہ دونوں کی رضا مندی شرط ہے، اگر آپ دونوں سودا کینسل کرنے پر متفق ہوجائیں  تو  آپ پر لازم ہوگا کہ ٹوکن منی بھی واپس کردیں، آج کل سودا کینسل ہونے کی صورت میں بیعانہ (ٹوکن منی) ضبط کرنے کا جو رواج ہے، شرعاً یہ جائز نہیں ہے۔ اور اگر آپ سودا کینسل کرنے پر راضی نہ ہوں تو ان پر مکمل ادائیگی لازم ہوگی، اور آپ کے ذمے وہ گھر ان کے حوالہ کرنا۔</p><p style=""text-align:justify;""><span class=""ar_writing"">’’الفتاوی الهندیة‘‘:</span></p><p style=""text-align:justify;""><span class=""ar_writing"">""البیع ینعقد بالإیجاب والقبول إذا کانا بلفظي الماضي مثل أن یقول أحدهما: بعت، والآخر: اشتریت؛ لأن البیع انشاء تصرف، والانشاء یعرف بالشرع، والموضوع للاخبار قد استعمل فیه، فینعقد به، ولاینعقد بلفظین أحدهما لفظ المستقبل ... وإذا حصل الإیجاب والقبول لزم البیع، ولا خیار لواحد منهما إلا من عیب أو عدم رؤیة"". (۳/۱۸-۲۰) </span>فقط واللہ اعلم</p></p>",144103200391,banuri,"('معاملات', 'muamlat')","('بیع / تجارت', 'bay-tijarat')","('بیعانہ / ایڈوانس / ٹوکن منی کا بیان', 'bay-ana-advance-token-money-ka-bayan')"
24-09-2019,https://www.banuri.edu.pk/readquestion/ملازمت-کی-جگہ-گھر-ہو-تو-وہاں-اتمام-ہے-یا-قصر-144012201429/24-09-2019,ملازمت کی جگہ گھر ہو تو وہاں اتمام ہے یا قصر؟,ایک بندہ اپنے گھر سے 80 کلو میٹر کے فاصلے پر ملازمت کرتا ہے اور جس جگہ ملازمت کرتا ہے، اس جگہ گھر اور جائیداد بھی بنی ہے، مگر بندہ اپنے گھر سے 7 دن کی نیت سے جاتا ہے، اب یہ بندہ قصر پڑھے گا کہ نہیں؟,"<p><p style=""margin-left:0;margin-right:0;text-align:justify;"">اگر مذکورہ شخص کی دونوں جگہ گھر  اور جائیداد ہیں اور وہ دونوں جگہ کو وطنِ اصلی بنانے کی نیت کرتا ہے اور ملازمت  کی جگہ  7 دن کی نیت سے جاتا ہےتو یہ  اتمام کرے گا، قصر نماز نہیں پڑھے گا، لیکن اگر اس نے ملازمت کی جگہ کو وطن اصلی بنانے کا ارادہ اور نیت نہیں کی تو  اگر اب تک ملازمت کی جگہ میں کبھی پندرہ دن یا اس سے زیادہ قیام نہیں کیا تو ملازمت کی جگہ  پہنچ کر  قصر پڑھے گا۔</p><p style=""margin-left:0;margin-right:0;text-align:justify;""><span class=""ar_writing"">""(قوله: ويبطل الوطن الأصلي بمثله لا السفر ووطن الإقامة بمثله والسفر والأصلي) لأن الشيء يبطل بما هو مثله لا بما هو دونه فلا يصلح مبطلا له وروي أن عثمان رضي الله عنه كان حاجا يصلي بعرفات أربعا فاتبعوه فاعتذر وقال إني تأهلت بمكة وقال النبي من تأهل ببلدة فهو منها والوطن الأصلي هو وطن الإنسان في بلدته أو بلدة أخرى اتخذها دارا وتوطن بها مع أهله وولده وليس من قصده الارتحال عنها بل التعيش بها وهذا الوطن يبطل بمثله لا غير وهو أن يتوطن في بلدة أخرى وينقل الأهل إليها فيخرج الأول من أن يكون وطنا أصليا حتى لو دخله مسافرا لا يتم قيدنا بكونه انتقل عن الأول بأهله لأنه لو لم ينتقل بهم ولكنه استحدث أهلا في بلدة أخرى فإن الأول لم يبطل ويتم فيهما وقيد بقوله بمثله لأنه لو باع داره ونقل عياله وخرج يريد أن يتوطن بلدة أخرى ثم بدا له أن لا يتوطن ما قصده أولا ويتوطن بلدة غيرها فمر ببلده الأول فإنه يصلي أربعا لأنه لم يتوطن غيره وفي المحيط ولو كان له أهل بالكوفة وأهل بالبصرة فمات أهله بالبصرة وبقي له دور وعقار بالبصرة قيل البصرة لا تبقى وطنا له لأنها إنما كانت وطنا بالأهل لا بالعقار ألا ترى أنه لو تأهل ببلدة لم يكن له فيها عقار صارت وطنا له وقيل تبقى وطنا له لأنها كانت وطنا له بالأهل والدار جميعا فبزوال أحدهما لا يرتفع الوطن كوطن الإقامة تبقى ببقاء الثقل وإن أقام بموضع آخر ا هـ وفي المجتبى نقل القولين فيما إذا نقل أهله ومتاعه وبقي له دور وعقار ثم قال وهذا جواب واقعة ابتلينا بها وكثير من المسلمين المتوطنين في البلاد ولهم دور وعقار في القرى البعيدة منها يصيفون بها بأهلهم ومتاعهم فلا بد من حفظها أنهما وطنان له لا يبطل أحدهما بالآخر"". ( البحر الرائق، كتاب الصلاة، باب صلاة المسافر ۲/ ۱۳٦ ط: سعيد)</span> فقط واللہ اعلم</p></p>",144012201429,banuri,"('نماز', 'salat')","('مسافر کی نماز', 'musafir-ki-namaz')","('مسافر کی نماز', 'musafir-ki-namaz')"
27-09-2019,https://www.banuri.edu.pk/readquestion/عذر-کی-وجہ-سے-سہ-روزہ-پر-نہ-جانا-144012201438/27-09-2019,عذر کی وجہ سے سہ روزہ پر نہ جانا,میرا ایک دوست ہے، وہ تبلیغ والوں کے ساتھ ہر عمل میں جڑتا ہے، مثلًا تعلیم مشورہ اور گشت اور ان تمام اعمال میں پابندی سے جڑتا ہے بغیر کسی ناغے کے، اور اب جماعت کے کچھ ساتھی اس کو بار بار یہ کہہ رہے ہیں کہ آپ خروج پر نکلیں، مثلاً سہ روزہ، عشرہ، چار ماہ۔ اور وہ اس کے لیے تیار نہیں ہے، وہ نہیں جانا چاہتا،  اور جماعت کے ساتھی کہہ رہے ہیں کہ خروج پر نکلنا ضروری ہے۔ میرے دوست کا یہ کہنا ہے کہ ان کے بار بار کہنے سے جن نیک اعمال میں میں جڑتا ہوں، مجھ سے وہ بھی چھوٹ جائیں گے. اب آپ حضرات کیا فرماتے ہیں ان دونوں فریق کو کیا کرنا چاہیے؟,"<p><p style=""text-align:justify;"">دعوت و تبلیغ کے عمل کا بنیادی مقصد اپنی اصلاح اور دوسروں کو اطلاع بتایا جاتاہے، لہذا اگر سائل کا دوست کسی عذر کی وجہ سے سہ روزہ یا چلہ وغیرہ کے لیے نہیں جاسکتا تو اسے چاہیے کہ اپنے اعمال پر توجہ دے، دعوت و تبلیغ کے عمل سے منسلک رہنے کے لیے مقامی اعمال میں جڑا رہے۔</p><p style=""text-align:justify;"">جماعت کے ساتھیوں کو بھی چاہیے کہ خروج کے لیے تیار کرنا ہے تو حکمت کے ساتھ  ترغیب دیں، حکمت کا تقاضا ہے کہ لوگوں کے عذر کا خیال رکھیں، اور بے جا اصرار سے بچیں، جس کے نتیجے میں ماحول میں جڑنے والا بھی کٹ جائے۔ فقط واللہ اعلم </p></p>",144012201438,banuri,"('علوم و فنون', 'uloom-funoon')","('امر بالمعروف و نہی عن المنکر', 'tableegh-tadrees')","('مروجہ تبلیغ کا حکم', 'murawwaja-tabligh-ka-hukum')"
18-10-2019,https://www.banuri.edu.pk/readquestion/کرسی-کے-سامنے-کسی-چیز-پر-سجدہ-کرنا-144102200056/18-10-2019,کرسی کے سامنے کسی چیز پر سجدہ کرنا,میری امی کو جوڑوں کا درد ہے، جس کی وجہ سے وہ نیچے بیٹھ کر نماز نہیں پڑھ سکتیں،  وہ کرسی پر بیٹھ کر نماز ادا کرتی ہیں،  گھٹنے سے تھوڑا اوپر جگہ بنائی ہوئی ہے، جس پر  جائے نماز رکھ کر سجدہ کرتی ہیں۔ کچھ لوگوں نے کہا ہے کہ بیٹھ کر نماز پڑھنے والے سجدہ اشاروں سے کرتے ہیں۔ وہ جائے نماز کے اوپر سجدہ نہیں کر سکتے۔ برائے مہربانی راہ نمائی فرمائیں!,"<p><p style=""text-align:justify;"">اگر کوئی شخص عذرِ حقیقی کی بنا پر کرسی پر نماز پڑھتا ہے (یعنی زمین پر سجدہ نہیں کرسکتا) تو  اس کے لیے یہ حکم ہے کہ وہ اشارے سے سجدہ کرے، یعنی سجدے میں رکوع کے مقابلے میں زیادہ جھک جایا کرے؛ لہٰذا صورتِ مسئولہ میں اگر آپ کی والدہ زمین پر سجدہ کرنے پر قادر نہیں ہیں، اور ان کے سجدہ کرنے کے لیے کرسی کے آگے  جگہ بنائی ہے، جس پر جائے نماز رکھ کر وہ سجدہ کرتی ہیں، تو چوں کہ وہ مریض (معذور) ہیں، اس لیے اس طرح سجدہ کرنے سے ان کا سجدہ ادا ہوجائے گا۔</p><p style=""text-align:justify;"">باقی یہ بات تو درست ہے کہ جو زمین پر سجدہ نہیں کرسکتا اس کے لیے اشارے سے سجدہ کرنے کی رخصت ہے، لیکن یہ لازم نہیں ہے کہ وہ اشارے سے ہی سجدہ کرے؛ لہٰذا جو لوگ کہتے ہیں کہ جائے نماز پر سجدہ کرنا درست نہیں ہے، ان کا کہنا درست نہیں ہے۔</p><p style=""text-align:justify;""><span class=""ar_writing"">الدر المختار وحاشية ابن عابدين (رد المحتار) (2/ 98):<br/></span></p><p style=""text-align:justify;""><span class=""ar_writing"">""(و لايرفع إلى وجهه شيئًا يسجد عليه) فإنه يكره تحريماً"". </span></p><p style=""text-align:justify;""><span class=""ar_writing"">الدر المختار وحاشية ابن عابدين (رد المحتار) (2/ 98):<br/></span></p><p style=""text-align:justify;""><span class=""ar_writing"">""(قوله: فإنه يكره تحريماً) قال في البحر: واستدل للكراهة في المحيط بنهيه عليه الصلاة والسلام عنه، وهو يدل على كراهة التحريم اهـ وتبعه في النهر.<br/>أقول: هذا محمول على ما إذا كان يحمل إلى وجهه شيئاً يسجد عليه، بخلاف ما إذا كان موضوعاً على الأرض يدل عليه ما في الذخيرة حيث نقل عن الأصل الكراهة في الأول، ثم قال: فإن كانت الوسادة موضوعةً على الأرض وكان يسجد عليها جازت صلاته، فقد صح أن أم سلمة كانت تسجد على مرفقة موضوعة بين يديها لعلة كانت بها ولم يمنعها رسول الله صلى الله عليه وسلم من ذلك اهـ فإن مفاد هذه المقابلة والاستدلال عدم الكراهة في الموضوع على الأرض المرتفع، ثم رأيت القهستاني صرح بذلك"". </span> فقط واللہ اعلم</p></p>",144102200056,banuri,"('نماز', 'salat')","('مریض کی نماز', 'mareez-ki-namaz')","('مریض کی نماز', 'mareez-ki-namaz')"
06-11-2019,https://www.banuri.edu.pk/readquestion/سلامی-میں-ملنے-والی-نقدی-اور-سونا-کس-کی-ملکیت-ہوگا-144103200199/06-11-2019,سلامی میں ملنے والی نقدی اور سونا کس کی ملکیت ہوگا؟,ولیمہ میں ملنے والی سلامی، جس میں پیسے اور سونے کے سیٹ ہوتے ہیں، وہ ساس سسر بغیر پوچھے بغیر بتائے اپنے پاس رکھ لیتے ہیں، کیا ان کا ایسا کرنا صحیح ہے؟ ان پر ملکیت کس کی ہوتی ہے، دلہن کی یا ساس سسر کی؟,"<p><p style=""text-align:justify;"">صورتِ مسئولہ میں ولیمہ کے موقع پر جو  نقدی و سونا دلہن کے میکے سے دلہن کو یا اس کے شوہر کے ہاتھ میں، یا دولہا والوں کی طرف سے   دلہن کو نامزد کرکے دیا گیا ہو  خواہ ساس یا سسر کے ہاتھ میں دیا ہو یا دولہا یا دولہن کے ہاتھ میں دیا ہو، ان تمام صورتوں  میں مذکورہ نقدی و سونا ساس سسر کو اپنے پاس رکھنے کی اجازت نہ ہوگی اور نہ ہی اس نقدی یا سونے پر ساس سسر کی ملکیت ہوگی، دولہن کے میکے سے ملنے والی نقدی و سونے پر، اور دولہا والوں کی جانب سے دولہن کے ہاتھ میں یا اسے نامزد کرکے دی جانے والی نقدی و سونے پر دولہن ہی کی ملکیت ہوگی، اور جو نقدی دولہا کو نامزد کرکے یا اس کے ہاتھ میں دی گئی ہوگی  اس پر دولہا کی ملکیت ہوگی۔</p><p style=""text-align:justify;"">البتہ دولہا کے والد یا والدہ کے ہاتھ میں جو نقدی یا سونا کسی کو نامزد کیے بغیر دیا گیا ہو، اس کی ملکیت میں عرف کا اعتبار کیا  جائے گا، پس اگر دولہا کے گھرانے کا عرف ساس یا سسر کو دینے کا ہو تو وہ ساس سسر کے شمار ہوں گے، وگرنہ دلہا دلہن کے شمار ہوں گے، اسی طرح سے اگر کوئی عرف نہ ہو تو عرف عام کا اعتبار کرکے دلہن کی ملکیت قرار دیے جائیں گے۔ فقط واللہ اعلم</p></p>",144103200199,banuri,"('نکاح', 'nikah')","('مہر', 'meher')","('مہر کا حکم', 'mehr-jehez-barat')"
03-11-2019,https://www.banuri.edu.pk/readquestion/ریکارڈنگ-کی-ا-یت-سجدہ-کا-حکم-144103200103/03-11-2019,ریکارڈنگ کی آیت سجدہ کا حکم,"سجدۂ  تلاوت ریڈیو  یا ٹی وی ریگاڈنگ کے درمیان آجائے اور ترجمہ کرنے والے کہتے ہیں کہ سماعت کرنے والوں کو بھی سجدہ تلاوت ادا کرنا ضروری ہے,  کیا یہ بات صحیح ہے؟","<p><p style=""margin-left:0;margin-right:0;text-align:justify;"">سجدۂ تلاوت  کے وجوب کے لیے تلاوتِ صحیحہ(تالی یعنی کسی پڑھنے والے کا ہونا)  شرط ہے، جو کہ کسی جان دار ہی سے متصور ہوتی ہے، بے جان اور بےشعور آلہ سے  تلاوت  متصور  نہیں، لہذا صورتِ مسئولہ میں  اگر سجدہ  کی آیت ریڈیو یا ٹی وی  ریکاڈنگ کے  ذریعہ سےسنی تو سجدۂ تلاوت واجب نہیں ہوگا، البتہ اگر براہِ راست تلاوت سنی جارہی ہو تو سجدہ تلاوت واجب ہوگا۔</p><p style=""margin-left:0;margin-right:0;text-align:justify;""><span class=""ar_writing"">وفي بدائع الصنائع للکاساني:</span></p><p style=""text-align:justify;""><span class=""ar_writing"">""وكذا تجب على السامع بتلاوة هؤلاء إلا المجنون؛ لأن التلاوة منهم صحيحة، كتلاوة المؤمن والبالغ وغير الحائض والمتطهر؛ لأنّ تعلّق السجدة بقليل القراءة وهو ما دون آية فلم يتعلّق به النهي فينظر إلى أهلية التالي، وأهليته بالتمييز وقد وجد فوجد<span style=""color:#000;"">سماع تلاوة صحيحة فتجب السجدة، بخلاف السماع من الببغاء والصدى؛ فإن ذلك ليس بتلاوة، وكذا إذا سمع من المجنون؛ لأن ذلك ليس بتلاوة صحيحة لعدم أهليته لانعدام التمييز."" </span></span><span class=""ar_writing"">(کتاب الصلاة، فصل: شرائط جواز السجدة،ج:۱،ص:۱۸۶،ط:دار الکتب العلمیة)</span> فقط واللہ اعلم</p></p>",144103200103,banuri,"('متفرق کتب', 'mutafarriq-kutub')","('متفرق ابواب', 'mutafarriq-abwab')","('متفرق فصول', 'mutafarriq-fusool')"
03-09-2019,https://www.banuri.edu.pk/readquestion/عقیقے-کے-چند-احکام/03-09-2019,عقیقے کے چند احکام,عقیقے کے بارے میں کہا جاتا ہے کہ ساتویں دن کرنا سنت ہے، لڑکے میں دو بکرے ذبح ہوتے ہیں، کیا میں ایک بکرا ساتویں دن اور ایک بکرا دو سے تین دن بعد کر سکتا ہوں؟  کون سا جانور سنت ہے؟,"<p><p style=""text-align:justify;"">عقیقہ کرنا سنت ہے، بہتر ہے کہ  ساتویں دن ، ورنہ چودہویں  یا اکیسویں دن کیا جائے، اور عقیقے کے جانور کے لیے وہی شرائط ہیں جو قربانی کے جانور کے لیے ہیں، یعنی دو دانت کے بکرے ہوں۔ سنت کے زیادہ قریب یہی ہے کہ دونوں جانور ایک ساتھ ذبح کیے جائیں،  لہذا اگر آپ ساتویں دن دو جانور ذبح نہ کرسکتے ہوں تو چودہویں دن ذبح کرلیں۔</p><p style=""text-align:justify;""><span class=""ar_writing"">""يُسْتَحَبُّ لِمَنْ وُلِدَ لَهُ وَلَدٌ أَنْ يُسَمِّيَهُ يَوْمَ أُسْبُوعِهِ وَيَحْلِقَ رَأْسَهُ وَيَتَصَدَّقَ عِنْدَ الْأَئِمَّةِ الثَّلَاثَةِ بِزِنَةِ شَعْرِهِ فِضَّةً أَوْ ذَهَبًا، ثُمَّ يَعِقُّ عِنْدَ الْحَلْقِ عَقِيقَةً إبَاحَةً عَلَى مَا فِي الْجَامِعِ الْمَحْبُوبِيِّ، أَوْ تَطَوُّعًا عَلَى مَا فِي شَرْحِ الطَّحَاوِيِّ، وَهِيَ شَاةٌ تَصْلُحُ لِلْأُضْحِيَّةِ تُذْبَحُ لِلذَّكَرِ وَالْأُنْثَى سَوَاءٌ فَرَّقَ لَحْمَهَا نِيئًا أَوْ طَبَخَهُ بِحُمُوضَةٍ أَوْ بِدُونِهَا مَعَ كَسْرِ عَظْمِهَا أَوْ لَا وَاِتِّخَاذِ دَعْوَةٍ أَوْ لَا، وَبِهِ قَالَ مَالِكٌ. وَسَنَّهَا الشَّافِعِيُّ وَأَحْمَدُ سُنَّةً مُؤَكَّدَةً شَاتَانِ عَنْ الْغُلَامِ وَشَاةٌ عَنْ الْجَارِيَةِ غُرَرُ الْأَفْكَارِ مُلَخَّصًا، وَاَللَّهُ تَعَالَى أَعْلَمُ"". (رد المحتار: ٦/٣٣٦)</span>فقط واللہ اعلم</p></p>",144012200914,banuri,"('حقوق و آدابِ معاشرت', 'huqooq-muashret')","('حقوق', 'bahmi-huqooq')","('اولاد کے حقوق', 'olad-ky-hoqoq')"
28-07-2019,https://www.banuri.edu.pk/readquestion/نماز-کی-ابتدا-2/28-07-2019,نماز کی ابتدا فرض سے ہوتی ہے یاسنت سے؟,مجھ سےکسی نے سوال کیا کہ نماز فرض سے شروع ہوتی ہے یا سنت سے؟  مثلاً تکبیر فرض ہے اور ہاتھ اٹھانا سنت ہے۔  تو میں کیا جواب دوں؟  راہ نمائی فرمائیں!,"<p><p style=""text-align:justify;"">نماز تو  درحقیقت تکبیرِ  تحریمہ سے ہی شروع ہوتی ہے جو کہ فرض ہے۔ ہاتھ نہ بھی اٹھائےتو نماز شروع ہو جائے گی اور زبان سے تکبیر کہے بغیر اگر ہاتھ اٹھالے تو بھی نماز شروع نہیں ہوتی۔ البتہ تکبیرِ تحریمہ کہتے ہوئے اس کے ساتھ  ہاتھ اٹھانا سنت ہے۔</p><p style=""text-align:justify;""><span class=""ar_writing"">""عن علي عن النبي صلی الله علیه وسلم قال: مفتاح الصلاة الطهور، و تحریمها التکبیر، و تحلیلها التسلیم"". (جامع الترمذي، باب ماجاء مفتاح الصلاة الطهور)</span> فقط واللہ اعلم</p></p>",144010201177,banuri,"('نماز', 'salat')","('نماز کی شرائط', 'namaz-ki-sharait')","('نماز اور اس کی شرائط و ارکان ، سنن و آداب', 'namaz-or-us-ki-sharait-o-arkaan-sunan-o-aadab')"
26-07-2019,https://www.banuri.edu.pk/readquestion/اقالے-کا-حکم/26-07-2019,اقالے کا حکم,ایک بیوپاری کو پچاس ہزار دیے اور کہا کہ آپ سے یہ جانور لیں گے. دوسرا جانور کہیں اور پسند آگیا، اس سے لےلیا. اب پہلے والے سےپیسے واپس لینے میں شرعاً ممانعت تو نہیں؟,"<p><p style=""text-align:justify;"">اگر جانور کا سودا ہوگیا تھا تو بیوپاری کی رضامندی سے پیسے واپس لے سکتے ہیں، اس کے بغیر نہیں؛ کیوں کہ عقد تام ہوگیا۔</p><p style=""text-align:justify;""><span class=""ar_writing"">”هي فسخ في حق المتعاقدین، بیعٌ في حق ثالث، وتصح بمثل الثمن الأول، وشرط الأکثر أو الأقل بلا تعیّب وجنس آخر لغوٌ ولزمه الثمن الأول“. (البحر الرائق: ۶/۱۶۷)</span></p><p style=""text-align:justify;""><span class=""ar_writing"">""قال أبوحنیفة رحمه الله: الإقالة فسخٌ في حق العاقدین، بیعٌ جدید في حق ثالث، سواءٌ کان قبل القبض أو بعده“. (بدائع الصنائع: ۴/۵۹۳، دار الکتاب)<br/>
”إذا تقایلا ولم یسمّیا الثمن الأول أو سمّیا زیادةً علی الثمن الأول ․․․ فالإقالة علی الثمن الأول في قول أبي حنیفة رحمه الله، تسمیة الزیادة ․․․ باطلةٌ سواء کانت الإقالة قبل القبض أو بعدہ والمبیع منقولٌ أوغیر منقولٍ“. (بدائع الصنائع: ۴</span>/۵۹۴) فقط واللہ اعلم</p></p>",144010201100,banuri,"('معاملات', 'muamlat')","('بیع / تجارت', 'bay-tijarat')","('نقد اور ادھار خرید و فروخت کے احکام', 'naqd-o-udhar-khareed-o-farokht-k-ahkam')"
23-07-2019,https://www.banuri.edu.pk/readquestion/سورہ-فاتحہ-کے-بعد-دوسری-شروع-کرنے-سے-پہلے-بسم-اللہ-پڑھنا-144010201047/23-07-2019,سورہ فاتحہ کے بعد دوسری شروع کرنے سے پہلے بسم اللہ پڑھنا,مفتی شفیع صاحب نے معارف القرآن میں لکھا ہے کہ سورہ فاتحہ کے بعد دوسری شروع کرنے سے پہلے بسم اللہ نہیں پڑھنا چاہیے، یہ بات کہاں تک صحیح ہے؟,"<p><p style=""text-align:justify;"">نماز میں سورۂ فاتحہ کے بعد سورت سے پہلے بسم اللہ پڑھنا سنت نہیں ہے، یعنی نبی کریم ﷺ اور خلفاءِ راشدین سے ثابت نہیں ہے۔ البتہ بعض فقہاءِ کرام نے اسے مستحب لکھا ہے، خواہ نماز سری ہو یا جہری۔ اور اس قول کے مطابق فتویٰ دیا جاتاہے کہ نماز میں سورۂ فاتحہ کے بعد اگر نئی سورت شروع کرنی ہو تو بسم اللہ پڑھنا مستحب ہے، یعنی استحباب کے قائلین اسے سنت کہہ کر، یا صحابہ کرام رضی اللہ عنہم سے ثابت کہہ کر پڑھنے کا نہیں کہتے، بلکہ تلاوت کے آداب میں چوں کہ یہ شامل ہے کہ نئی سورت سے پہلے ﷽ ہونی چاہیے، لہٰذا نماز میں بھی جب نئی سورت تلاوت کرنا شروع کرے تو بسم اللہ پڑھنا تلاوت کا ادب ہے، بہر حال یہ ضروری نہیں ہے۔</p><p style=""text-align:justify;"">مفتی محمد شفیع صاحب رحمہ اللہ نے معارف القرآن، میں سورہ فاتحہ سے پہلے ﷽ کی تفسیر کے ذیل میں بسم اللہ سے متعلقہ اَحکام بیان کرتے ہوئے، جو کلام کیا ہے، اس کا حاصل یہ ہے کہ مفتی صاحب رحمہ اللہ سورہ فاتحہ اور سورت کے درمیان بسم اللہ پڑھنے کے سنت ہونے کی نفی فرما رہے ہیں، اور اس کی تائید میں آپ نے چند کتبِ فقہ کا حوالہ بھی دیا ہے کہ ان کے ہاں یہی راجح ہے، جہاں تک سورۂ فاتحہ اور سورت کے درمیان تسمیہ پڑھنے کے جواز کی بات ہے تو خود مفتی صاحب رحمہ اللہ نے لکھا ہے کہ  اس جگہ بسم اللہ پڑھنے کے مکروہ نہ ہونے پر تمام فقہاء کا اتفاق ہے۔ اس سنیت کی نفی کرتے ہوئے مفتی صاحب رحمہ اللہ نے یہ تحریر فرمادیا کہ سورہ فاتحہ کے بعد سورت سے پہلے بسم اللہ نہیں پڑھنی چاہیے۔ مطلقاً نفی نہیں کی ہے۔ واللہ اعلم ( معارف القرآن 77-1)</p><p style=""text-align:justify;""><span class=""ar_writing"">حاشية الطحطاوي على مراقي الفلاح شرح نور الإيضاح (ص: 260):<br/>""ثم أعلم أنه لا فرق في الإتيان بالبسملة بين الصلاة الجهرية والسرية، وفي حاشية المؤلف على الدرر: واتفقوا على عدم الكراهة في ذكرها بين الفاتحة والسورة، بل هو حسن، سواء كانت الصلاة سريةً أو جهريةً، وينافيه ما في القهستاني: أنه لايسمي بين الفاتحة والسورة في قولهما، وفي رواية عن محمد، قال في المضمرات: والفتوى على قولهما، وعن محمد: أنها تسن في السرية دون الجهرية؛ لئلايلزم الإخفاء بين جهرين وهو شنيع، واختاره في العناية والمحيط، وقال في شرح الضياء: لفظ الفتوى آكد من المختار، وما في الحاشية تبع فيه الكمال وتلميذه ابن أمير حاج حيث رجحا أن الخلاف في السنية، فلا خلاف أنه لو سمي لكان حسنًا لشبهة الخلاف في كونها آيةً من كل سورة، ثم هل يخص هذا بما إذا قرأ السورة من أولها أو يشمل ما إذا قرأ من أوسطها آيات مثلاً، وظاهر تعليلهم كون الإتيان بها لشبهة الخلاف في كونها آيةً من كل سورة يفيد الأول، كذا بحثه بعض الأفاضل"". </span></p><p style=""text-align:justify;""><span class=""ar_writing"">حاشية الطحطاوي على مراقي الفلاح شرح نور الإيضاح (ص: 282):<br/>""فلاتسنّ التسمية بين الفاتحة والسورة، ولا كراهة فيها وإن فعلها اتفاقًا للسورة سواء جهر أو خافت بالسورة، وغلط من قال: لايسمي إلا في الركعة الأولى"".</span></p><p style=""text-align:justify;""><span class=""ar_writing"">الدر المختار وحاشية ابن عابدين (رد المحتار) (1/ 490):<br/>""(قوله: ولاتكره اتفاقًا) ولهذا صرح في الذخيرة والمجتبى بأنه إن سمى بين الفاتحة والسورة المقروءة سرًّا أو جهرًا كان حسنًا عند أبي حنيفة، ورجحه المحقق ابن الهمام وتلميذه الحلبي لشبهة الاختلاف في كونها آيةً من كل سورة، بحر"". </span>فقط واللہ اعلم</p></p>",144010201047,banuri,"('نماز', 'salat')","('نماز کی شرائط', 'namaz-ki-sharait')","('نماز اور اس کی شرائط و ارکان ، سنن و آداب', 'namaz-or-us-ki-sharait-o-arkaan-sunan-o-aadab')"
04-11-2019,https://www.banuri.edu.pk/readquestion/بیر-شفا-کا-پانی-استعمال-کرنے-کاحکم-144103200117/04-11-2019,بئرِ شفا کا پانی استعمال کرنے کاحکم,مدینہ منورہ میں میدانِ بدر سے آگے ایک کنواں ہے،  جس کے پانی کو لوگ ’’آبِ شفا‘‘ کہتے ہیں، اور وجہ یہ بیان کرتے ہیں کہ حضرت محمد صلی اللّٰہ علیہ وسلم نے اس کنویں میں اپنا لعابِ مبارک ڈالا تھا؛ اسی وجہ یہ آبِ شفا ہے!,"<p><p style=""text-align:justify;"">اس کنوٰیں کے بارے میں جو بات مشہور ہے کہ رسول اللہﷺ نے اس میں اپنا لعاب مبارک ڈالاتھا، یہ بات کسی مستند سند سے ثابت نہیں ہے۔  البتہ اگر تجربہ سے اس کنویں سے لوگوں کا شفایاب ہونا ثابت ہو تو بغر ضِ علاج اس کا پانی استعمال کیا جاسکتا ہے، لیکن یہ ضروری ہے کہ اس سے متعلق کوئی خاص عقیدہ نہ رکھا جائے، بلکہ علاج کا ایک ذریعہ ہی سمجھا جائے۔</p><p style=""text-align:justify;"">یہی سوال مشہور عرب عالم شیخ ابن باز رحمہ اللہ سے کیا گیا تو ان کا جواب یہ تھا : </p><p style=""text-align:justify;""><span class=""ar_writing"">""هذه البئر الذي سأل عنها الأخ عيظة قد سأل عنها غيره، وقد تأملنا ما نقل عنها وما رآه من يستعمل ماءها، فاتضح لنا من ذلك أنها تفيد في مواضع كثيرة، وأن الله جل وعلا قدجعل في مائها شفاء لبعض الأمراض الجلدية والحساسية، ولانرى مانعاً من استشفاء الناس بهذا الماء الذي جعل الله فيه بركة ونفع للمسلمين، وإن كانت قد تضر آخرين؛ لأنهم يستعملونها في أشياء لاتناسبهم. <br/>
فالحاصل أنها فيها فائدة للكثير من الأمراض، ولا حرج في الاستفادة منها لمن وجد منها فائدةً وأحس بجدوى، فلا حرج في ذلك، مثل ما يستعمل بقية الأدوية، فالله جل وعلا جعل لكل داء دواء كما في الحديث الصحيح، يقول النبي ﷺ: ما أنزل الله داءً إلا أنزل له شفاءً، علمه من علمه وجهله من جهله، فهذا الماء فيه شيء من الفوائد لبعض الأمراض فلا حرج في ذلك، لكن ينبغي لمن يزورها ويتصل بها أن يتثبّت في ذلك، وأن يسأل من جرب حتى لايقع فيها بما يضرهم، يسأل المجربين فيستعمل ما اتضح أنه ينفع، ويدع الشيء الذي يضره، هذا هو الذي ينبغي. نعم"". (شیخ ابن باز)</span> فقط واللہ اعلم</p></p>",144103200117,banuri,"('حظر و اباحت', 'mamnooaat-mubahat')","('علاج / معالجہ', 'ilaj-mualaja')","('علاج معالجہ کے آداب و حدود', 'ilaj-mualja-k-aadab-o-hudood')"
05-11-2019,https://www.banuri.edu.pk/readquestion/زخم-سے-مسلسل-رطوبت-نکلے-تو-وضو-کا-حکم-144103200175/05-11-2019,زخم سے مسلسل رطوبت نکلے تو وضو کا حکم,کسی شخص کو جسم کے ایسے حصے پر زخم ہو کہ اٹھتے بیٹھنے میں زخم سے رطوبت نکلتی ہے تو اس شخص کے وضو کا کیا حکم ہے؟,"<p><p style=""text-align:justify;"">اگر اٹھنے بیٹھنے کی وجہ سے رطوبت نکلتی ہو اور بیٹھ کر اشارے سے  نماز پڑھنے کی صورت میں یہ معاملہ نہ ہو تو اس صورت میں ایسے شخص کو بیٹھ کر اشارے سے  نماز پڑھنا چاہیے, قیام اور رکوع وسجود کی فرضیت ایسے شخص سے ساقط ہوجائے گی.</p><p style=""text-align:justify;""><span class=""ar_writing"">حاشية رد المحتار على الدر المختار (2/ 97):<br/>
""وفي الذخيرة: رجل بحلقه خراج إن سجد سال وهو قادر على الركوع والقيام والقراءة يصلي قاعدًا يومىء ولو صلى قائمًا بركوع وقعد وأومأ بالسجود أجزأه، والأول أفضل"".</span></p><p style=""text-align:justify;"">  البتہ اگر  زخم سے  مستقل اتنی زیادہ رطوبت  بہتی ہو کہ  اس کو اتنا وقفہ بھی نہ ملتا ہو جس میں  وضو کرکے پاکی کی حالت میں  چار رکعت نماز ادا کرسکے تو  ایسا شخص  شرعاً معذور کے حکم میں ہے، اور معذور کا حکم یہ ہے کہ ہر نماز کا وقت داخل ہونے  کے بعد ایک مرتبہ وضو کرلے اور ناپاکی کو صاف کرکے  نماز پڑھے، اگر وضو کے بعد جس بیماری کی وجہ سے وہ معذور کے حکم میں ہوا ہے  اس کے  علاوہ کوئی اور وضو ٹوٹنے والی چیز  صادر ہو تو دوبارہ وضو کرے ، ورنہ دوبارہ  وضو کرنے کی ضرورت نہیں ہوگی۔</p><p style=""text-align:justify;""> اور اگر  اتنا وقت ملتا ہو کہ رطوبت نکلے  بغیر  چار رکعت نماز ادا کرسکتا ہے  تو  شرعاً معذور کے حکم میں نہیں ہوگا ،  اس صورت میں طہارت کا مکمل اہتمام کرتے ہوئےنماز پڑھے گا ، تاہم نماز کے درمیان  رطوبت نکل جائے تو  وضو  اور نماز ٹوٹ جائے گی۔</p><p style=""text-align:justify;""><strong> فتاوی شامی  میں ہے:</strong></p><p style=""text-align:justify;""><span class=""ar_writing"">""(وصاحب عذر من به سلس) بول لايمكنه إمساكه (أو استطلاق بطن أو انفلات ريح أو استحاضة) أو بعينه رمد أو عمش أو غرب، وكذا كل ما يخرج بوجع ولو من أذن وثدي وسرة (إن استوعب عذره تمام وقت صلاة مفروضة) بأن لا يجد في جميع وقتها زمناً يتوضأ ويصلي فيه خالياً عن الحدث (ولو حكماً)؛ لأن الانقطاع اليسير ملحق بالعدم (وهذا شرط) العذر (في حق الابتداء، وفي) حق (البقاء كفى وجوده في جزء من الوقت) ولو مرةً (وفي) حق الزوال يشترط (استيعاب الانقطاع) تمام الوقت (حقيقةً)؛ لأنه الانقطاع الكامل.(وحكمه: الوضوء) لا غسل ثوبه ونحوه (لكل فرض) اللام للوقت كما في - ﴿ لِدُلُوْكِ الشَّمْسِ ﴾ [الإسراء: 78]- (ثم يصلي) به (فيه فرضاً ونفلاً)، فدخل الواجب بالأولى (فإذا خرج الوقت بطل)"". (1/ 305،  کتاب الطهارة، مطلب في أحکام المعذور، ط: سعید) </span>فقط واللہ اعلم</p></p>",144103200175,banuri,"('طہارت', 'taharat')","('شرعی معذورین کے احکام', 'sharee-mazoreen-k-ahkam')","('معذورین کے احکام', 'ma-zoron-k-ahkam')"
13-10-2019,https://www.banuri.edu.pk/readquestion/شوہر-نان-و-نفقہ-نہیں-دیتا-144012201818/13-10-2019,شوہر نان و نفقہ نہیں دیتا,شوہر نان و نفقہ نہیں دیتا اور  ایک سال ہوا  طلاق بھی نہیں دی۔ برما میں اسلامی عدالت نہیں ہے ۔ خلع کے لیے شوہر پچاس لاکھ برمی پیسہ مطا لبہ کر تا ہے۔  بیوی کی تفریق کی کیا شرعی صورت ہے؟,"<p><p style=""text-align:justify;"">واضح رہے کہ  بعض مخصوص حالات میں قاضی  شرعی کو یہ  اختیار حاصل ہوتا ہے کہ وہ  شوہر کی اجازت کے بغیر بھی  میاں بیوی میں تفریق کرسکتا ہے، اس لیے کہ   نکاح کے بعض حقوق ایسے ہوتے ہیں  جو  نکاح کے مصالح  اور مقاصد میں سے ہیں اور قضاءً ان کی ادائیگی شوہر پر لازم ہوتی ہے،  اگر شوہر ان کی ادائیگی نہ کرے تو بزورِ عدالت انہیں وصول کیا جاسکتا ہے، مثلاً اگر شوہر بیوی کا نان و نفقہ ادا نہ کرسکتاہو یا ادا نہ کرتاہو  یا حقوقِ زوجیت  کی ادائیگی سے عاجز ہو تو  اسے چاہیے کہ از خود عورت کو طلاق دے دے، ایسی صورت میں اگر وہ طلاق دینے سے انکار کرتا ہے یا شوہر طلاق دینے کے قابل نہیں ہے تو قاضی اس کا قائم مقام بن کر میاں بیوی میں تفریق کرسکتا ہے۔</p><p style=""text-align:justify;"">         لہذا اگر شوہر اپنے رویہ میں تبدیلی نہیں لاتا اور اپنا گھر بسانے پر تیار نہیں ہوتا،  نان ونفقہ  دینے پر راضی نہیں ہوتا  تو ایسی صورت میں مذکورہ عورت  کو چاہیے کہ مقامی مسلمانوں کی پنچایت کے سامنے اس معاملہ کو رکھے، اور ان کے تعاون سے اس مسئلہ کا حل نکالا جائے،اور اگر شوہر  پھر بھی اپنی ضد پر اڑا رہے، اور اپنے رویہ میں  تبدیلی نہیں لائے تو سائلہ  اپنے  شوہر سے طلاق کا مطالبہ کرکے کسی طرح طلاق حاصل کرلے، اور اگر وہ طلاق دینے پر رضامند نہ ہو تو  باہمی رضامندی سے خلع کا معاملہ کرے۔ </p><p style=""text-align:justify;"">اور مسئولہ صورت میں چوں کہ زیادتی شوہر کی طرف سے ہے؛ لہذا خلع میں شوہر کے لیے بدلِ خلع یعنی خلع کے عوض مال لینا جائز نہ ہوگا،  چہ جائے کہ شوہر نان و نفقہ نہ  دے کر بھی بدل خلع میں  پچاس لاکھ برمی پیسہ کا مطالبہ کرے،  یہ مطالبہ تو قطعی جائز نہیں ہے،  تاہم بدل خلع لینے کے باوجود خلع ہوجائے گا اور نکاح ختم ہوجائے گا۔</p><p style=""text-align:justify;"">اور اگر شوہر نہ طلاق پر راضی ہو اور نہ خلع پر، اور حال یہ ہے کہ اس وقت چوں کہ برما میں مسلمان حاکم نہیں اور عورت کسی مسلمان حاکم کی عدالت سے رجوع کر کے فیصلہ کرانے سے بھی عاجز ہے تو عورت اپنا مقدمہ مسلمانوں کی ایک جماعت کے سامنے پیش کرے ، اس جماعت کے ارکان دین دار متقی ہوں، دینی بصیرت رکھتے ہوں اور دینی تقاضوں کو سمجھتے ہوں، ایک دو  ان میں مستند عالمِ دین بھی ہوں، یہ حضرات صورتِ حال کی تحقیق کریں اور بذاتِ خود شوہر کو مطلع کریں، اگر شوہر کسی بات پر آمادہ نہ ہو تو یہ جماعت عورت پر طلاق واقع کردے، اس کے بعد عورت عدت گزار کر دوسری جگہ نکاح کرسکتی ہے۔</p><p style=""text-align:justify;"">جو جماعت فیصلہ کرے ان حضرات کو چاہیے کہ اس سلسلے کی تمام قیود اور شرائط کتاب "" الحیلۃ الناجزہ"" سے معلوم کرکے فیصلہ کرے اور ارکانِ جماعت کم از کم تین ہوں۔ فقط واللہ اعلم</p></p>",144012201818,banuri,"('حقوق و آدابِ معاشرت', 'huqooq-muashret')","('حقوق', 'bahmi-huqooq')","('میاں ، بیوی کے حقوق', 'mian-biwi-k-huqooq')"
05-11-2019,https://www.banuri.edu.pk/readquestion/حمل-میں-طلاق-دینا-144103200176/05-11-2019,حمل میں طلاق دینا,کیا دورانِ حمل طلاق دینے سے طلاق واقع ہوجاتی ہے؟,"<p><p style=""text-align:justify;"">دورانِ حمل طلاق دینے سے طلاق واقع ہوجاتی ہے، اور عدت وضع حمل یعنی بچہ کی پیدائش ہے۔ <span class=""ar_writing"">""وطلاق الحامل یجوز عقیب الجماع"". </span> (الہدایۃ ۲/۳۵۶) فقط واللہ اعلم</p></p>",144103200176,banuri,"('طلاق', 'talaaq')","('وقوع طلاق وعدم وقوع طلاق', 'wuqoo-e-talaq-o-adme-wuqoo-e-talaq')","('طلاق - وقوع اور عدم وقوع', 'talaq-wuqo-or-adm-e-wuqo')"
06-11-2019,https://www.banuri.edu.pk/readquestion/طلاق-کی-صورت-میں-جہیز-وتحائف-عدت-میں-نفقہ-کا-حکم-144103200184/06-11-2019,طلاق کی صورت میں جہیز وتحائف/ عدت میں  نفقہ کا حکم,1-  لڑکی کی عمر لڑکے سے تین سال بڑی ہونے کی وجہ سے اور شادی کے بعد پسند نہ آنے کی وجہ سے لڑکی کو طلاق دے دی ہے،  معلوم یہ کرنا ہے کہ لڑکی کو شادی کے موقع پر دیے گئےتحائف جوکہ شوہر، ساس، نند اور جٹھا نی نے زیورات کی صورت میں دیے تھے جو کہ لڑکی کی تحویل میں رہے، طلاق دینے سے کچھ دن قبل لڑکے کے کہنے پر یہ تحائف لڑکے کی والدہ کے پاس رکھوا دیے تھے، آیا ان تمام تحائف پر کیا لڑکی کا حق ہے ؟ یا لڑکی کو نہ دینے کے مجاز ہیں؟2- کیا لڑکے کے طلاق دینے کی صورت میں لڑکا حقِ مہر اور عدت کا خرچہ دینے کا پابند ہے؟ نیز عدت کا خرچہ کتنا ہوگا؟3-  شرعی طور پر لڑکے نے لڑکی کے سامنے طلاق کے الفاظ استعمال ادا نہیں کیے ہیں، لڑکے نے اسٹامپ پیپر ( stamp papers ) پر دو انجان گواہوں کی موجوگی میں طلاق کے کاغذات بھیج دیے ہیں، آیا طلاق واقع ہوگی؟,"<p><p style=""text-align:justify;"">1۔ جو سونا دیا گیا تھا اگر وہ تحفہ کی صراحت کے ساتھ دیا گیا تھا تو اس صورت میں اس پر لڑکی کی ملکیت ہوگی، واپسی کے مطالبہ کا اختیار نہ ہوگا، اور اگر دیتے وقت فقط استعمال کے لیے دینے کی صراحت کی گئی ہو تو اس صورت میں لڑکے والوں کو طلاق کے وقت مذکورہ سونے کا مطالبہ کرنے کی اجازت ہوگی.اور اگر سونا دیتے وقت کسی بات کی تصریح نہ کی گئی ہو تو ایسی صورت میں لڑکے کے خاندان کے عرف کا اعتبار ہوگا، پس اگر جدائی کی صورت میں لڑکے کے گھرانے میں سونا واپس کرنے  اور لینے کا رواج ہو تو اسی کے مطابق عمل کیا جائے گا،  تاہم اگر لڑکے کے خاندان میں اس حوالے سے کوئی رواج نہ ہو تو عرف عام کا اعتبار کرتے ہوئے سونے کو لڑکی کی ملکیت قرار دیا جائے گا اور لڑکے والوں کو مطالبہ کی اجازت نہ ہوگی۔ </p><p style=""text-align:justify;"">2- عدت ختم ہونے تک مطلقہ کا اپنے شوہر کے گھر میں رہنا لازم ہے، اور اس دوران عدت ختم ہونے تک کا نان ونفقہ شوہر کے ذمہ لازم ہے۔ میاں بیوی کی حیثیت مدِّ نظر رکھتے ہوئے خرچہ دینا ہوگا، یا باہمی رضامندی سے جو مقدار طے کرلیں۔</p><p style=""text-align:justify;""><span class=""ar_writing"">الفتاوى الهندية، کتاب الطلاق، الباب السابع عشر في النفقات ، الفصل الثالث في نفقة المعتدة، (1/ 557) الناشر: دار الفكر:</span></p><p style=""text-align:justify;""><span class=""ar_writing"">’’المعتدة عن الطلاق تستحق النفقة والسكنى كان الطلاق رجعياً أو بائناً، أو ثلاثاً، حاملاً كانت المرأة، أو لم تكن‘‘.</span></p><p style=""text-align:justify;"">3- طلاق کے الفاظ اگر زبان سے ادا نہ کرے، کسی سے لکھواکر دستخط کردے یا خود لکھ دے تب بھی طلاق ہوجاتی ہے۔ فقط واللہ اعلم</p></p>",144103200184,banuri,"('طلاق', 'talaaq')","('عدت', 'iddat')","('عدت', 'iddat')"
06-11-2019,https://www.banuri.edu.pk/readquestion/حرم-میں-مقتدی-کا-امام-سے-آگے-ہونا-144103200191/06-11-2019,حرم میں مقتدی کا امام سے آگے ہونا,اس سال حج کے دوران مشاہدہ کیا کہ دھوپ کے اوقات میں امام صاحب خانہ کعبہ کے دروازے کے سامنے کے بجائے بابِ اسماعیل کے قریب برآمدے میں ایک کیبن کے اندر امامت کرواتے تھے۔تو کیا جو مقتدی جو صحنِ حرم کے اندر نماز پڑھتے تھے جو کہ امام سے آگے ہوتے تھے، ان کی نماز درست تھی؟,"<p><p style=""text-align:justify;"">واضح رہے کہ مسجدِ حرام میں  امام چار جہتوں میں سے جس جہت میں کھڑا ہو کر  نماز پڑھا رہا ہے، اس جہت میں اگر کوئی مقتدی امام سے اتنی مقدار آگے بڑھتا ہے کہ اس کی ایڑھی امام کی ایڑھی سے آگے ہوجائے اور وہ کعبہ سے امام کی بہ نسبت زیادہ قریب ہوجائے تو ایسے مقتدی کی نماز فاسد ہوجاتی ہے۔اور وہ مقتدی جو امام کی جہت میں نہ ہوں، بلکہ دوسری جہات کی طرف ہوں، ان میں سے اگر کوئی مقتدی امام کی بہ نسبت کعبہ سے زیادہ قریب ہو تو ایسے مقتدی کی نماز صحیح اور درست ہے۔</p><p style=""text-align:justify;"">آج کل بعض ائمہ، حرمِ مکی میں بیت اللہ سے کافی فاصلے پر برآمدے میں مخصوص جگہ میں نماز کی امامت کرتے ہیں؛ اور زائرین سمجھتے ہیں کہ ازدحام وغیرہ کی وجہ سے بوجہ عذر امام کے آگے بھی نماز ادا کی جاسکتی ہے، اس وجہ سے آج کل کچھ کوتاہی دیکھنے میں آرہی ہے، مسجدِ حرام میں نماز ادا کرنے والے کو چاہیے کہ وہ اس بات کا اہتمام کرے  کہ جس جہت میں امام کھڑا ہو  اس جہت میں امام سے آگے نہ ہو، ورنہ نماز (خواہ پنج وقتہ ہو یا نمازِ جنازہ) ادا نہیں ہوگی، ازدحام وغیرہ کی وجہ سے بھی امام کی جانب آگے بڑھ کر نماز ادا کرنے کی اجازت نہیں ہے۔ </p><p style=""text-align:justify;""><span class=""ar_writing"">الفتاوى الهندية (1/ 65):<br/>
""وإذا صلى الإمام في المسجد الحرام وتحلق الناس حول الكعبة وصلوا صلاة الإمام فمن كان منهم أقرب إلى الكعبة من الإمام جازت صلاته إذا لم يكن في جانب الإمام. كذا في الهداية"".</span></p><p style=""text-align:justify;""><span class=""ar_writing"">الدر المختار وحاشية ابن عابدين (رد المحتار) (2/ 254):<br/>
""أما إذا كان أقرب إليها من الإمام في الجهة التي يصلي إليها الإمام، بأن كان متقدماً على الإمام بحذائه فيكون ظهره إلى وجه الإمام، أو كان على يمين الإمام أو يساره متقدماً عليه من تلك الجهة ويكون ظهره إلى الصف الذي مع الإمام ووجهه إلى الكعبة، فلا يصح اقتداؤه لأنه إذا كان متقدماً عليه لايكون تابعاً له بدائع"".</span>فقط واللہ اعلم</p></p>",144103200191,banuri,"('نماز', 'salat')","('نماز کی جماعت', 'namaz-ki-jamat')","('جماعت / امامت', 'jamat-imamat')"
19-01-2020,https://www.banuri.edu.pk/readquestion/عورتیں-کنگھی-بالوں-کا-کیا-کریں-144105200830/19-01-2020,عورتیں کنگھی بالوں کا کیا کریں؟,عورتوں کے کنگھی والے بال دفن کیےجائیں یا گٹر میں بہا دیے جائیں؟,"<p><p style=""text-align:justify;"">عورتوں کےبالوں کو دفن کرنا یا  دریا برد کردینا چاہیے، یا ایسی جگہ مٹی میں ڈال دیں جہاں بے توقیری نہ ہو، گٹر یا نالی وغیرہ میں بہانا جائز نہیں۔ </p><p style=""text-align:justify;"">فتاوی محمودیہ میں ہے:</p><p style=""text-align:justify;"">’’بال اورناخن کو جلانا جائز نہیں، ایسی عورتیں جو دفن نہیں کرسکتیں وہ کسی کپڑے یا کاغذ میں لپیٹ کر کہیں ڈال دیں، لیکن بالوں کے ٹکڑے ٹکڑے کردیں۔‘‘ (فتاوی محمودیہ ج:٩ص:٤٠١)</p><p style=""text-align:justify;""><span class=""ar_writing"">""وفي الخانیة: ینبغي أن یدفن قلامة ظفره ومحلوق شعره، وإن رماه فلابأس به"". (حاشیة الطحطاوي علی مراقي الفلاح، ۱/۵۲۷)</span></p><p style=""text-align:justify;""><span class=""ar_writing"">""یدفن أربعة: الظفر، والشعر، وخرقة الحیض والدم"". (الهندیة، الباب التاسع عشر،  ۵/۳۵۸)</span> فقط واللہ اعلم</p></p>",144105200830,banuri,"('حقوق و آدابِ معاشرت', 'huqooq-muashret')","('لباس / وضع قطع', 'libass-waza-qata')","('بالوں کے احکام و آداب', 'baloon-k-ahkam-o-aadab')"
19-01-2020,https://www.banuri.edu.pk/readquestion/اوجھڑی-کھانا-144105200827/19-01-2020,اوجھڑی کھانا,اوجھڑی کا کیا حکم ہے؟,"<p><p style=""text-align:justify;"">حلال جانور کی اوجھڑی کھانا جائز ہے، البتہ خوب  اچھی طرح سے پاک و صاف کرنا ضروری ہے۔</p><p style=""text-align:justify;"">’’امداد الفتاوی‘‘  میں ہے:</p><p style=""text-align:justify;"">’’ اوجھڑی کی حلت  اس لیے ہے کہ اس میں کوئی وجہ حرمت کی نہیں، فقہاء نے اشیائے حرام کو شمار کردیا ہے، یہ ان کے علاوہ ہے، یہ شمار ""درمختار""  کے مسائل شتٰی میں مذکور ہے:</p><p style=""text-align:justify;""><span class=""ar_writing"">والغدة، والخصیة والمثانة، والمرارة، والدم المسفوح، والذکر. اهـ ‘‘.</span> (4/104)</p><p style=""text-align:justify;"">’’فتاوی رحیمیہ‘‘  میں ہے:</p><p style=""text-align:justify;"">’’فقہاء نے جانور کی سات چیزوں کو حرام قراردیا ہے، ان سات چیزوں میں اوجھڑی شامل نہیں ہے ، لہذا اسے حلال کہا جائے گا،  جو  اِسے حرام قرار دیتے ہیں وہ دلیل پیش کریں‘‘۔ (10/81، ط: دارلاشاعت) فقط واللہ اعلم</p></p>",144105200827,banuri,"('حظر و اباحت', 'mamnooaat-mubahat')","('ماکولات / مشروبات', 'makoolat-mashroobat')","('کھانے پینے کی حلال و حرام ، مکروہ و مباح اشیاء', 'khanay-penay-ki-halal-o-haram-makroh-o-mubah-ashya')"
11-09-2019,https://www.banuri.edu.pk/readquestion/دراز-ایپ-کی-گیم-میں-اسکور-بنانے-پر-پیسے-ملنا-144012201137/11-09-2019,دراز ایپ کی  گیم میں اسکور بنانے  پر پیسے ملنا,"میں نے دراز شاپنگ ایپ پر ایک گیم کھیل کر پیسے کمائے, اس گیم میں جتنا اسکور کرتے ہیں  اس حساب سے پیسے ملتے  ہیں،  کیا یہ پیسے میرے لیے جائز ہیں؟  یا مجھ اتنے پیسے ثواب کی نیت کے بغیر صدقہ کرنے چاہییں؟ میں نے ایک عالم سے پوچھا وہ کہتے ہیں کہ اگر گیم کھیلنے پر پیسے دیے ہیں اور پیسے دے کر گیم کھیل کے پیسے کمائے ہیں تو وہ پیسے جائز نہیں، اور اگر بغیر پیسے دیے گیم کھیلا ہے تو جائز ہے!","<p><p style=""text-align:justify;"">بصورتِ مسئولہ اس طرح کے  گیم کھیلنا اور  ان کے ذریعہ  پیسے کمانا شرعاً ناجائز ہے، مذکورہ گیم کھیل کر سائل نے کچھ پیسے کمائے ہیں اور اب تک وصول نہیں کیے تو  حکم یہ ہے کہ وہ رقم وصول ہی نہ کرے ، اگر  وصول کرلیے ہیں اور لوٹانا ممکن ہو  تو  انہیں واپس کردے ، ورنہ کسی مستحق کو  صدقہ کردے۔</p><p style=""text-align:justify;"">  کسی بھی قسم کا کھیل جائز ہونے کے لیے مندرجہ ذیل شرائط کا پایا جانا ضروری ہے، ورنہ وہ کھیل لہو ولعب میں داخل ہو نے کی وجہ سے شرعاً ناجائز اور حرام ہوگا:</p><p style=""text-align:justify;""><strong>1</strong><strong>۔۔</strong><strong> </strong> وہ کھیل بذاتِ خود جائز ہو، اس میں کوئی ناجائزبات نہ ہو۔</p><p style=""text-align:justify;""><strong>2</strong><strong>۔۔  </strong>اس کھیل میں کوئی دینی یا دنیوی منفعت  ہو، مثلاً جسمانی  ورزش وغیرہ ، محض لہو لعب یا وقت گزاری کے لیے نہ کھیلا جائے۔</p><p style=""text-align:justify;""><strong>3</strong><strong>۔۔</strong>  کھیل میں غیر شرعی امور کا ارتکاب نہ کیا جاتا  ہو، مثلاً جوا وغیرہ۔</p><p style=""text-align:justify;""><strong>4</strong><strong>۔۔ </strong>کھیل میں اتنا غلو نہ کیا جائے  کہ شرعی فرائض میں کوتاہی یا غفلت پیدا ہو۔</p><p style=""text-align:justify;"">         حاصل یہ ہے کہ آج کل جو   آن لائن گیمز  ہیں، ان میں مذکورہ خرابیاں پائی جاتی ہیں، نیز ان میں مشغول ہوکر  شرعی فرائض اور واجبات میں کوتاہی  اور غفلت برتی جاتی ہے؛ اس لیے شرعاً ان کا کھیلنا اور اس کے ذریعہ پیسے کمانا شرعاً ناجائز ہے ۔</p><p style=""text-align:justify;""><strong>روح المعانی </strong><strong>میں ہے</strong><strong>:</strong></p><p style=""text-align:justify;""><span class=""ar_writing"">’’ولهو الحديث على ما روي عن الحسن كل ما شغلك عن عبادة الله تعالى وذكره من السمر والأضاحيك والخرافات والغناء ونحوها‘‘. (تفسیر الآلوسي (11 / 66)، سورة لقمان، ط:دار الکتب العلمیة)</span></p><p style=""text-align:justify;""><span class=""ar_writing""><strong>تکملة فتح الملهم </strong></span><strong>میں ہے:</strong></p><p style=""text-align:justify;""><span class=""ar_writing"">’’فالضابط في هذا . . . أن اللهو المجرد الذي لا طائل تحته، وليس له غرض صحيح  مفيد في المعاش ولا المعاد حرام أو مكروه تحريماً، . . . وما كان فيه غرض  ومصلحة دينية أو دنيوية، فإن ورد النهي  عنه من الكتاب أو السنة . . . كان حراماً أو مكروهاً تحريماً، ... وأما مالم يرد فيه النهي عن الشارع وفيه فائدة ومصلحة للناس، فهو بالنظر الفقهي علي نوعين ، الأول ما شهدت التجربة بأن ضرره أعظم من نفعه ومفاسده أغلب علي منافعه، وأنه من اشتغل به الهاه عن ذكر الله  وحده وعن الصلاة والمساجد التحق ذلك بالمنهي عنه لاشتراك العلة فكان حراماً أو مكروهاً، والثاني ماليس كذالك  فهو أيضاً إن اشتغل به بنية التلهي والتلاعب فهو مكروه، وإن اشتغل به لتحصيل تلك المنفعة وبنية استجلاب المصلحة فهو مباح،  بل قد ير تقي إلى درجة الاستحباب أو أعظم منه . . . وعلي هذا الأصل فالألعاب التي يقصد بها رياضة الأبدان أو الأذهان جائزة في نفسها مالم يشتمل علي معصية أخري، وما لم يؤد الانهماك فيها إلى الاخلال بواجب الإنسان في دينه و دنياه‘‘. (تکملة فتح الملهم، قبیل کتاب الرؤیا، (4/435) ط:  دارالعلوم کراچی)</span> فقط واللہ اعلم</p></p>",144012201137,banuri,"('معاملات', 'muamlat')","('سود / بینکاری / انشورنس / شیئرز', 'sood-bankari-insurance-shares')","('متفرقات سود', 'mutafarriqat-e-sood')"
08-11-2019,https://www.banuri.edu.pk/readquestion/طواف-زیارت-میں-تاخیر-144103200223/08-11-2019,طوافِ زیارت میں تاخیر,میں دس سال سے حج پر جا رہا ہوں،  ہر سال رمی کرکے مدینہ چلاجاتا ہوں، وہاں سے واپسی پر طوافِ زیارت کرتا ہوں۔ کیا میرے ذمہ دم لازم ہے؟,"<p><p style=""margin-left:0;margin-right:0;text-align:justify;"">جواب سے پہلے بطورِ تمہید چند اصولی اَحکام ذہن نشین کرلیجیے:</p><p style=""margin-left:0;margin-right:0;text-align:justify;"">1۔  طوافِ زیارت دس ذوالحجہ کی صبح صادق سے بارہ ذوالحجہ کے غروبِ آفتاب تک کیا جاسکتا ہے۔اگر اس وقت میں طواف نہیں کیا تو بعد میں بھی کرنا ہوگا، یہ ذمہ پر رہے گا، البتہ بلاعذرِ شرعی تاخیر  سے اداکرنے کی وجہ سے دم واجب ہوگا۔</p><p style=""margin-left:0;margin-right:0;text-align:justify;"">2۔ طوافِ زیارت سے قبل بیوی سے جماع کرناحرام ہے، اگر وقوفِ عرفہ کے بعد ،طوافِ زیارت سے پہلے بیوی سے جماع کیا تو توبہ واستغفار کے ساتھ ""بدنہ"" یعنی ایک بڑا جانور حدود حرم میں ذبح کرنا لازم ہوگا۔</p><p style=""margin-left:0;margin-right:0;text-align:justify;"">3۔ اگر تمام دنوں کی یا  ایک مکمل دن یا ایک دن کی اکثرکنکریاں  مارنے سے چھوٹ جائیں تو اس سے ایک دم لازم  ہوتا  ہے۔</p><p style=""margin-left:0;margin-right:0;text-align:justify;"">لہذا اگر بارہ تاریخ تک مدینہ سے واپسی آکر طواف کرتے رہے ہیں تو طوافِ زیارت  تو  ادا ہوگیا، البتہ  اگر بارہ ذی الحج سے مؤخر کرتے رہے تو  ساتھ  دم بھی حدودِ حرم میں  دینا لازم ہے، طوافِ زیارت سے پہلے اگر جماع کیا ہوتو بدنہ(بڑا جانور ) بھی واجب ہے۔</p><p style=""margin-left:0;margin-right:0;text-align:justify;"">اگرمدینہ جانے سے پہلے تمام دنوں کی رمی مکمل کرکے نہ گئے ہوں، بلکہ ایک  یا زیادہ دنوں کی پوری یا اکثر رمی باقی ہو تو رمی نہ کرنے کی وجہ سے بھی دم واجب ہے ۔</p><p style=""margin-left:0;margin-right:0;text-align:justify;"">’’غنیۃ الناسک‘‘ میں ہے :</p><p style=""margin-left:0;margin-right:0;text-align:justify;""><span class=""ar_writing"">""ولو أخر طواف الزیارة کلّه أو أکثره عن أیام النحر  فعلیه دم"". (غنیة الناسك، 273)</span></p><p style=""margin-left:0;margin-right:0;text-align:justify;"">’’لباب‘‘  میں ہے:</p><p style=""margin-left:0;margin-right:0;text-align:justify;""><span class=""ar_writing"">""ولو ترك رمي یوم کلّه أو أکثره فعلیه دم"". ( اللباب مع شرحه المناسك للملا علي القاري: 507-508)</span></p><p style=""margin-left:0;margin-right:0;text-align:justify;"">’’فتاویٰ شامی‘‘ میں ہے:'</p><p style=""margin-left:0;margin-right:0;text-align:justify;""><span class=""ar_writing"">""وطؤه ( بعد وقوفه لم يفسد حجه وتجب بدنة وبعد الحلق ) قبل الطواف ( شاة )"". (2/560) </span>فقط واللہ اعلم</p></p>",144103200223,banuri,"('حج', 'haj')","('حج / عمرہ', 'hajj-umrah')","('حج کی غلطیاں اور اس کے احکام', 'haj-ki-ghalatiyan-or-us-k-ahkam')"
26-12-2019,https://www.banuri.edu.pk/readquestion/تحری-سے-سمت-قبلہ-کی-تعیین-144104201001/26-12-2019,تحری سے سمت قبلہ کی تعیین,کسی نے نماز پڑھی اور یہ گمان کیا کہ قبلہ کا رخ اسی طرف ہے، اور پھر نماز کے بعد معلوم ہوا کہ قبلہ اس طرف نہ تھا۔ تو اب نماز لوٹائے گا یا نہیں؟,"<p><p style=""text-align:justify;"">واضح رہے کہ سمتِ قبلہ کی تعیین میں تحری (اندازا  لگاکر غالب گمان پر عمل) کرنا اس وقت جائز ہے جب کسی دوسرے طریقے سے قبلہ کا تعین کرنا ممکن نہ ہو،  اگر کسی سے پوچھنا ممکن ہو اور نہ پوچھا، بلکہ تحری کر لی تو ایسی تحری کے درست ہونے کی صورت میں تو نماز درست ہو  جائے گی، لیکن اگر تحری غلط واقع ہو جائے تو نماز درست نہ ہو گی۔</p><p style=""text-align:justify;""> لہذا اگر مذکورہ شخص نے قریب میں افراد کے موجود ہوتے ہوئے ان سے نہیں پوچھا اور تحری کر لی اور وہ تحری غلط ثابت ہوئی تو  اس  کی نماز درست نہ ہوئی، اس نماز کو دہرانا ضروری ہو گا۔</p><p style=""text-align:justify;"">ہاں! اگر کوئی موجود ہی نہیں تھا جس سے سمتِ قبلہ کی تعیین کروائی جا سکتی ہو  اور آثار سے بھی قبلہ رُخ متعین نہ ہو اور تحری کر کے نماز پڑھ لی اور بعد میں معلوم ہوا کہ سمت درست نہ تھی تو ایسی صورت میں نماز درست ہو جائے گی، دہرانے کی ضرورت نہ ہو گی۔ </p><p style=""text-align:justify;""><span class=""ar_writing"">الدر المختار وحاشية ابن عابدين (رد المحتار) (1/ 433):<br/>
""فأفاد أنه لايتحرى مع القدرة على أحد هذه، حتى لو كان بحضرته من يسأله فتحرى ولم يسأله إن أصاب القبلة جاز؛ لحصول المقصود وإلا فلا؛ لأن قبلة التحري مبنية على مجرد شهادة القلب من غير أمارة، وأهل البلد لهم علم بجهة القبلة المبنية على الأمارات الدالة عليها من النجوم وغيرها، فكان فوق الثابت بالتحري"".</span>فقط واللہ اعلم</p></p>",144104201001,banuri,"('نماز', 'salat')","('نماز کی شرائط', 'namaz-ki-sharait')","('نماز اور اس کی شرائط و ارکان ، سنن و آداب', 'namaz-or-us-ki-sharait-o-arkaan-sunan-o-aadab')"
25-12-2019,https://www.banuri.edu.pk/readquestion/حیض-کے-لیے-استعمال-شدہ-پیڈ-کا-کیا-حکم-ہے-144104200953/25-12-2019,خواتین کے ایام کے لیے استعمال شدہ پیڈ کا کیا حکم ہے؟,خواتین اپنے ایامِ ماہ واری میں سینیٹری  پیڈ استعمال کرتی ہیں اور استعمال کرکے پھینک دیتی ہیں کچرے  میں،  جس پر خون لگا ہوتا ہے۔ کیا اس طرح پھینک دینا درست ہے؟,"<p><p style=""text-align:justify;"">ماہ واری کو  جذب کرنے کے لیے استعمال شدہ کپڑے کا لنگوٹ، سینیٹری پیڈ وغیرہ کرسف کو کھلے عام پھینکنا درست نہیں،  تہذیب اور حیا کا تقاضا  ہے کہ اس طرح کی چیزوں کو چھپاکر ایسی جگہوں پر پھینکا جائے جہاں عام لوگوں کی نگاہ نہ پڑے،  بالخصوص جب کہ استعمال شدہ سینٹری پیڈ کا غلط استعمال بھی بعض خطوں میں پایا گیا ہے۔</p><p style=""text-align:justify;""><span class=""ar_writing"">""یدفن أربعة: الظفر، والشعر، وخرقة الحیض والدم"". (الهندیة، الباب التاسع عشر،  ۵/۳۵۸)</span> فقط واللہ اعلم</p></p>",144104200953,banuri,"('متفرق کتب', 'mutafarriq-kutub')","('متفرق ابواب', 'mutafarriq-abwab')","('متفرق فصول', 'mutafarriq-fusool')"
14-01-2020,https://www.banuri.edu.pk/readquestion/تعبیر-الرؤیا-144105200631/14-01-2020,خواب میں خون دیکھنا,میں نے خواب میں اپنی مرحومہ خالہ کو دیکھا کہ وہ اپنے گھر میں گھوم رہی ہیں تو میں اپنی دادی سے پوچھتی ہوں کہ خالہ کا تو انتقال ہوگیا تھا تو یہ یہاں کیسے ہیں تو دادی کہتی ہیں کہ ان کہ جسم میں تھوڑا سا خون رہ گیا تھا؛ اس لیے ان کی روح اس خون کو پورا کرنے آئی ہے۔ پھر واپس چلی جاۓگی۔  تعبیر بتادیں!,"<p><p style=""text-align:justify;"">خون کی تعبیر تو سود سے حاصل شدہ مال اور حرام مال سے ہے، اگر آپ کے علم کے مطابق ان کے ذرائع آمدنی میں سے کوئی حرام مال ہے تو اسے واپس کرنے کی کوشش کریں۔ فقط واللہ اعلم</p></p>",144105200631,banuri,"('علوم و فنون', 'uloom-funoon')","('تعبیر الرؤیا', 'mutafarriq-deeni-uloom')","('بعض خوابوں کی تعبیر', 'baaz-khuwabon-ki-taabeer')"
19-12-2019,https://www.banuri.edu.pk/readquestion/درود-و-سلام-کی-مراد-144104200710/19-12-2019,درود و سلام کی مراد,آنحضور صلی اللہُ علیہ وسلم پر درود و سلام سے کیا مراد ہے کیا درود الگ ہے اور سلام الگ ہے۔ اگر الگ الگ ہیں توبتائیں سلام سے کیا مراد ہے.,"<p><p>قرآنِ مجید میں امت کو یہ حکم دیا گیا ہے کہ رسول اللہ صلی اللہ علیہ وسلم پر صلاہ و سلام بھیجیں،  آیت مبارکہ  میں صلاۃ اور سلام کا حکم الگ الگ دیا گیا ہے، صلاۃ کا مطلب یہ ہے کہ رسول اللہ صلی اللہ علیہ وسلم کے لیے رفعِ درجات کی دعا کی جائے اور سلام کا معنی یہ ہے کہ <span class=""ar_writing"">السلام عليك أيها النبي</span> کہا جائے، گویا جس طرح آپس میں ایک دوسرے کو سلام کیا جاتا ہے اسی طرح رسول اللہ علیہ وسلم کو بھی سلام کرنے کا حکم دیا گیا ہے۔</p><p><span class=""ar_writing"">التفسير الوسيط لطنطاوي (11/ 242):<br/>
يا أَيُّهَا الَّذِينَ آمَنُوا صَلُّوا عَلَيْهِ أى: عظموه ووقروه وادعوا له بأرفع الدرجات وَسَلِّمُوا تَسْلِيماً أى: وقولوا: السلام عليك أيها النبي. والسلام: مصدر بمعنى السلامة.</span></p><p><span class=""ar_writing"">معانى القرآن للأخفش (2/ 481)<br/>
{إِنَّ اللَّهَ وَمَلاَئِكَتَهُ يُصَلُّونَ عَلَى النَّبِيِّ ياأَيُّهَا الَّذِينَ آمَنُواْ صَلُّواْ عَلَيْهِ وَسَلِّمُواْ تَسْلِيماً} فصلاة الناس عليه دعاؤهم له</span></p><p><span class=""ar_writing"">روح البيان (7/ 225)<br/>
قال كعب بن عجرة رضى الله عنه لما نزل قوله تعالى (يا أَيُّهَا الَّذِينَ آمَنُوا صَلُّوا عَلَيْهِ وَسَلِّمُوا تَسْلِيماً) قمنا اليه فقلنا اما السلام عليك فقد عرفناه فكيف الصلاة عليك يا رسول الله قال (قولوا اللهم صل على محمد وعلى آل محمد كما صليت على ابراهيم وعلى آل ابراهيم انك حميد مجيد وبارك على محمد وعلى آل محمد كما باركت على ابراهيم وعلى آل ابراهيم انك حميد مجيد) </span></p><p><span class=""ar_writing"">الموسوعة القرآنية (10/ 555)<br/>
 إِنَّ اللَّهَ وَمَلائِكَتَهُ يُصَلُّونَ عَلَى النَّبِيِّ يا أَيُّهَا الَّذِينَ آمَنُوا صَلُّوا عَلَيْهِ وَسَلِّمُوا تَسْلِيماً:<br/>
الصلاة من الله رحمته ورضوانه.<br/>
ومن الملائكة الدعاء والاستغفار.<br/>
ومن الأمة الدعاء والتعظيم لأمره.</span><br/>
 </p></p>",144104200710,banuri,"('علوم و فنون', 'uloom-funoon')","('دعائیں، اوراد اور وظائف', 'adeya-azkar')","('درود و سلام', 'durood-o-salam')"
06-01-2020,https://www.banuri.edu.pk/readquestion/کن-چیزوں-کا-قرض-لے-سکتے-ہیں-144105200313/06-01-2020,کن چیزوں کا قرض لے سکتے ہیں؟,ہمارے ہاں دوکان دار  اشیاءِ خورد و نوش کاتبادلہ اس طرح سے کرتے ہیں کہ ایک دوکان دار دوسرے سے بوقتِ ضرورت کوئی چیز مثلاً آٹے کی بوری ادھار لے کراپنے گاہک کودیتاہے۔  چند دن بعد اتنے وزن کی بوری اسے واپس کردیتاہے، اس کاشرعی حکم کیاہے؟,"<p><p style=""text-align:justify;"">ہم مثل چیزوں(مثلاً جو چیزیں وزن کرکے یا ناپ کر دی جاتی ہیں) کا قرض لینا جائز ہے اور جو چیزیں ہم مثل نہ ہوں، بلکہ اس کی جنس کے افراد کی بھی قیمتیں مختلف ہوتی ہوں(مثلاً جانور، زمینیں وغیرہ) تو ایسی چیزوں میں قرض لینا جائز نہیں ہے۔ لہٰذا آٹے کی بوری ادھار پر لے کر  اتنے وزن کی بوری واپس کرنا درست ہے۔</p><p style=""text-align:justify;""><span class=""ar_writing"">الدر المختار وحاشية ابن عابدين (رد المحتار) (5 / 161):<br/>
""(وصح) القرض (في مثلي) هو كل ما يضمن بالمثل عند الاستهلاك (لا في غيره) من القيميات، كحيوان وحطب وعقار وكل متفاوت؛ لتعذر رد المثل"".</span> فقط واللہ اعلم</p></p>",144105200313,banuri,"('معاملات', 'muamlat')","('سود / بینکاری / انشورنس / شیئرز', 'sood-bankari-insurance-shares')","('قرض کے احکام', 'qarz-k-ahkam')"
21-12-2019,https://www.banuri.edu.pk/readquestion/فجر-کی-نماز-طلوع-کے-وقت-اور-عصر-کی-نماز-کے-غروب-کے-وقت-پڑھنا-144104200780/21-12-2019,فجر کی نماز طلوع کے وقت اور عصر کی نماز کے غروب کے وقت پڑھنا,عصر  کی اسی دن کی نماز مکروہ وقت میں پڑھ سکتے ہیں، جب کہ فجر  کی اسی دن کی نماز مکروہ وقت میں نہیں پڑھ سکتے۔  براہِ کرم وضاحت عنایت فرمائیں!,"<p><p style=""text-align:justify;"">عصر  کی نماز سورج کے زرد ہونے کے بعد ادا کرنا مکروہ ہے،  لیکن کسی نے بالکل آخر وقت میں پڑھ  لی یہاں تک کہ نماز کے دوران سورج غروب ہوگیا تو  اس کی اس دن کی عصر کی نماز ادا ہوجائے گی، اور اگر فجر کی نماز کے دوران سورج طلوع ہوجائے تو فجر کی نماز باطل ہوجائے گی۔ حاصل یہ مکروہ اوقات میں فجر اور عصر دونوں نماز پڑھنا درست نہیں ہے، لیکن اگر پڑھ لی تو اس دن کی عصر ادا ہوجائے گی، فجر ادا نہیں ہوگی۔ اس کی وجہ اصولِ فقہ کی کتابوں میں تفصیل سے  مذکور ہے، اس کا خلاصہ یہ ہے کہ نماز کے وجوبِ ادا کا سبب اس سے متصل جزء ہوتا ہے، اور وہ جزء فجر میں کامل اور عصر میں ناقص ہے، نماز کے دوران طلوع وغروب ہونے سے نماز مکروہ ہوتی ہے اور ناقص ہوتی ہے، پس فجر میں جیسے واجب ہوئی تھی ایسی ادا نہیں کی، اس لیے اس کا اعادہ ضروری ہے، اور عصر میں ناقص واجب ہوئی تھی اور ناقص ادا کرلی، اس لیے اس کا اعادہ واجب نہیں ہے۔</p><p style=""text-align:justify;""><span class=""ar_writing"">الدر المختار وحاشية ابن عابدين (رد المحتار) (1/ 372):<br/>
""(وغروب، إلا عصر يومه) فلايكره فعله لأدائه كما وجب بخلاف الفجر، والأحاديث تعارضت فتساقطت، كما بسطه صدر الشريعة.</span></p><p style=""text-align:justify;""><span class=""ar_writing"">(قوله: وغروب) أراد به التغير، كما صرح به في الخانية حيث قال: عند احمرار الشمس إلى أن تغيب، بحر وقهستاني. (قوله: إلا عصر يومه) قيد به؛ لأن عصر أمسه لايجوز وقت التغير لثبوته في الذمة كاملًا، لاستناد السببية فيه إلى جميع الوقت، كما مر. (قوله: فلايكره فعله)؛ لأنه لايستقيم إثبات الكراهة للشيء مع الأمر به، وقيل: الأداء أيضًا مكروه. اهـ. كافي النسفي.<br/>
والحاصل: أنهم اختلفوا في الكراهة في التأخير فقط دون الأداء أو فيهما، فقيل بالأول، ونسبه في المحيط والإيضاح إلى مشايخنا، وقيل بالثاني، وعليه مشى في شرح الطحاوي والتحفة والبدائع والحاوي وغيرها على أنه المذهب بلا حكاية خلاف، وهو الأوجه؛ لحديث مسلم وغيره عن أنس -رضي الله عنه- قال: سمعت رسول الله صلى الله عليه وسلم يقول: «تلك صلاة المنافق، يجلس يرقب الشمس حتى إذا كانت بين قرني الشيطان قام ينقر أربعًا لايذكر الله فيها إلا قليلًا» اهـ حلية، وتبعه في البحر. ولايخفى أن كلام الشارح ماش على الأول لا الثاني، فافهم، قال في القنية: ويستوفي سنة القراءة؛ لأنّ الكراهة في التأخير لا في الوقت. اهـ.<br/>
(قوله: لأدائه كما وجب)؛ لأن السبب هو الجزء الذي يتصل به الأداء، وهو هنا ناقص فقد وجب ناقصًا فيؤدى كذلك. وأما عصر أمسه فقد وجب كاملًا؛ لأن السبب فيه جميع الوقت حيث لم يحصل الأداء في جزء منه، لكن الصحيح الذي عليه المحققون أنه لا نقصان في ذلك الجزء نفسه بل في الأداء فيه لما فيه من التشبه بعبدة الشمس، ولما كان الأداء واجبًا فيه تحمل ذلك النقصان، أما إذا لم يؤد فيه والحال أنه لا نقص في الوقت أصلًا وجب الكامل، ولهذا كان الصحيح وجوب القضاء في كامل على من بلغ وأسلم في ناقص ولم يصل فيه كما تقدم. والحاصل كما في الفتح أن معنى نقصان الوقت نقصان ما اتصل به فعل الأركان المستلزم للتشبه بالكفار.</span></p><p style=""text-align:justify;""><span class=""ar_writing"">فالوقت لا نقص فيه، بل هو كغيره من الأوقات إنما النقص في الأركان فلايتأدى بها ما وجب كاملًا، وهذا أيضًا مؤيد للقول بأن الكراهة في التأخير والأداء خلاف ما مشى عليه الشارح، وما ذكره في النهر بحثًا لبعض الطلبة مذكور مع جوابه في شرح المنية وغيره، وأوضحناه فيما علقناه على البحر.<br/>
(قوله: بخلاف الفجر إلخ) أي فإنه لايؤدي فجر يومه وقت الطلوع؛ لأنّ وقت الفجر كلّه كامل فوجبت كاملة، فتبطل بطرو الطلوع الذي هو وقت فساد"". </span>فقط واللہ اعلم</p></p>",144104200780,banuri,"('نماز', 'salat')","('نمازوں کے اوقات', 'namazon-k-auqat')","('نمازوں کے اوقات', 'namazon-k-auqat')"
16-01-2020,https://www.banuri.edu.pk/readquestion/گٹکا-اور-پان-کھانا-144105200735/16-01-2020,گٹکا اور پان کھانا,گٹکا اور پان کھانا کیسا عمل ہے مکرو ہے یاحرام؟,"<p><p style=""text-align:justify;"">پان کھانا جائز ہے؛ کیوں کہ نشہ آور نہیں ہے۔ اور گٹکا سخت مضرِ صحت اشیاء پر مشتمل ہونے کی وجہ حکومت نے اس پر پابندی لگائی ہوئی ہے، لہذا مضر صحت ہونے اور ملکی قوانین میں ممنوع ہونے کی وجہ سے اس کے استعمال سے احتراز کرنا چاہیے۔فقط واللہ اعلم</p></p>",144105200735,banuri,"('متفرق کتب', 'mutafarriq-kutub')","('متفرق ابواب', 'mutafarriq-abwab')","('متفرق فصول', 'mutafarriq-fusool')"
17-01-2020,https://www.banuri.edu.pk/readquestion/ایک-ہی-بات-پر-کئی-بار-قسم-کا-کفارہ-144105200758/17-01-2020,ایک ہی  بات پر کئی بار قسم کا کفارہ,اگر کسی نے قسم کھائی کہ قرآن کی قسم میں گھر جا کر مار کر تمہارے جنازہ اٹھاؤں گی (بچوں کے لیے) تو اس کا کفارہ کیا ہو گا؟ اور اگر دو تین بار بولا تو کتنا کفارہ ہو گا ایک ہی یا الگ الگ اور ایک ساتھ دینا ہو گا ?,"<p><p style=""text-align:justify;"">قرآنِ کریم کی قسم کھانے سے منع کیا گیا،  تاہم قرآ نِ مجید کی قسم کھانے سے قسم منعقد ہوجائے گی۔</p><p style=""text-align:justify;"">قسم توڑنے کا کفارہ یہ ہے کہ دس مسکینوں کو دو وقت کا کھانا کھلائے، چاہے تو ہر مسکین کو ایک صدقہ فطر کی مقدار (پونے دو سیر گندم یا اس کی قیمت) بھی دے سکتا ہے، یا  دس مسکینوں کو لباس پہنائے، اور ان دونوں صورتوں کی گنجائش نہ ہو تو تین دن مسلسل روزے رکھے۔</p><p style=""text-align:justify;""> صورتِ مسئولہ  میں چوں کہ ایک ہی  معاملہ پر متعدد  قسمیں کھائی گئی  ؛ہیں لہذا ایک کفارہ سب کی جانب سے کافی ہوجائے گا۔</p><p style=""text-align:justify;"">کفایت المفتی میں ہے:</p><p style=""text-align:justify;"">’’ایک امر پر چند قسموں سے ایک ہی کفارہ کافی ہوجاتا ہے‘‘. (کتاب الیمین و النذر 2/ 245 ط: دار الاشاعت)</p><p style=""text-align:justify;""><span class=""ar_writing"">الدر المختار وحاشية ابن عابدين (رد المحتار) - (3 / 714):</span></p><p style=""text-align:justify;""><span class=""ar_writing"">""وفي البحر عن الخلاصة والتجريد: وتتعدد الكفارة لتعدد اليمين، والمجلس والمجالس سواء؛ ولو قال: عنيت بالثاني الأول ففي حلفه بالله لايقبل، وبحجة أو عمرة يقبل"".</span></p><p style=""text-align:justify;""><span class=""ar_writing"">و في الرد:</span></p><p style=""text-align:justify;""><span class=""ar_writing""><strong>""(قوله: وتتعدد الكفارة لتعدد اليمين) وفي البغية: كفارات الأيمان إذا كثرت تداخلت، ويخرج بالكفارة الواحدة عن عهدة الجميع. وقال شهاب الأئمة: هذا قول محمد. قال صاحب الأصل: هو المختار عندي. اهـ. مقدسي، ومثله في القهستاني عن المنية"".</strong></span></p><p style=""text-align:justify;""><span class=""ar_writing""><strong>و في تقريرات الرفعي:</strong></span></p><p style=""text-align:justify;""><strong><span class=""ar_writing"">""( قوله : قال صاحب الأصل هو المختار عندي إلخ) لايخفى أن كلاً من البغية و المنية للزاهدي، و معلوم أن ما انفرد به لايعول عليه، فلايعتمد على القول بالتداخل بل يعتمد على ما ذكره غيره من عدم التداخل حتى يوجد تصحيح لخلافه ممن يعتمد عليه في نقله، و مما يدل لتعددها ما ذكره الفتح أول الحدود: أن كفارة الإفطار المغلب فيها جهة العقوبة حتى تداخلت، و إن كفارة الأيمان المغلب فيها جهة العباد اهـ و في الهندية : إذا قال الرجل: و الله و الرحمن لاأفعل كذا كانا يمينين حتى إذا حنث كان عليه كفارتان في ظاهر الرواية اهـ، فعلم أن التعدد في ظاهر الرواية"". </span></strong>  فقط واللہ اعلم</p></p>",144105200758,banuri,"('حظر و اباحت', 'mamnooaat-mubahat')","('قسم / منت', 'qasam-mannat')","('قسم و کفارات', 'qasam-o-kaffarat')"
16-01-2020,https://www.banuri.edu.pk/readquestion/حالت-حیض-میں-طلاق-144105200731/16-01-2020,حالتِ حیض میں طلاق,حالتِ حیض میں طلاق دینا کیسا ہے؟  اور احناف کا اس مسئلے میں کیا مؤقف ہے؟,"<p><p style=""text-align:justify;"">اگر کوئی حالتِ حیض میں طلاق دے دے تو طلاق واقع ہو جائے گی اگرچہ وہ حدیث کی خلاف ورزی کرنے کی وجہ سے  گناہ گار ہوگا،  حالتِ حیض میں طلاق دینا مکروہِ تحریمی اور ناجائز ہے، فقہ حنفی میں اس کو ’’طلاقِ بدعی‘‘  کہا جاتا ہے، یعنی وہ طلاق جو سنت کے خلاف ہے؛ کیوں کہ رسول اللہ ﷺ نے حالتِ حیض میں طلاق دینے سے منع فرمایا ہے، حضرت ابن عمر رضی اللہ عنہ نے جب لاعلمی میں اپنی بیوی کو حالتِ حیض میں طلاق دے دی تھی تو  آپ ﷺ نے انہیں حکم دیا تھا کہ وہ رجوع کر لیں اور پھر اگر چاہیں تو دوبارہ طہر کی حالت میں طلاق دیں،  رجوع کا حکم دینے سے معلوم ہوا کہ حالتِ حیض میں اگرچہ طلاق دیناجائز نہیں، لیکن اگر طلاق دے دی تو طلاق بہرحال واقع ہوجاتی ہے۔ اور اگر ایک یا دو طلاقِ رجعی دی ہوں تو گناہ کی تلافی کے لیے رجوع کرنا چاہیے۔ اور اگر رجوع نہیں کیا تو جس حیض میں طلاق دی گئی ہے وہ حیض عدت میں شمار نہیں ہوگا، اس کے بعد کامل تین حیض عدت ہوں گے۔</p><p style=""text-align:justify;""><span class=""ar_writing"">الدر المختار وحاشية ابن عابدين (رد المحتار) (3/ 232):</span></p><p style=""text-align:justify;""><span class=""ar_writing"">""(والبدعي ثلاث متفرقة أو ثنتان بمرة أو مرتين) في طهر واحد (لا رجعة فيه، أو واحدة في طهر وطئت فيه، أو) واحدة في (حيض موطوءة) لو قال: والبدعي ما خالفهما لكان أوجز وأفيد (وتجب رجعتها) على الأصح (فيه) أي في الحيض رفعاً للمعصية.</span></p><p style=""text-align:justify;""><span class=""ar_writing"">(قوله: وتجب رجعتها) أي الموطوءة المطلقة في الحيض (قوله: على الأصح) مقابله قول القدوري: إنها مستحبة ؛ لأن المعصية وقعت فتعذر ارتفاعها، ووجه الأصح قوله صلى الله عليه وسلم لعمر في حديث ابن عمر في الصحيحين: «مر ابنك فليراجعها»، حين طلّقها في حالة الحيض، فإنّه يشتمل على وجوبين: صريح وهو الوجوب على عمر أن يأمر، وضمني وهو ما يتعلق بابنه عند توجيه الصيغة إليه، فإن عمر نائب فيه عن النبي صلى الله عليه وسلم  فهو كالمبلغ، وتعذر ارتفاع المعصية لا يصلح صارفاً للصيغة عن الوجوب لجواز إيجاب رفع أثرها وهو العدة وتطويلها ؛ إذ بقاء الشيء بقاء ما هو أثره من وجه فلا تترك الحقيقة، وتمامه في الفتح. (قوله: رفعاً للمعصية) بالراء، وهي أولى من نسخة الدال، ط أي لأن الدفع بالدال لما لم يقع والرفع بالراء للواقع والمعصية هنا وقعت، والمراد رفع أثرها وهو العدة وتطويلها كما علمت؛ لأن رفع الطلاق بعد وقوعه غير ممكن"".</span></p><p style=""text-align:justify;""><span class=""ar_writing"">الفتاوى الهندية (1 / 527):<br/>
""إذا طلق امرأته في حالة الحيض كان عليها الاعتداد بثلاث حيض كوامل ولاتحتسب هذه الحيضة من العدة، كذا في الظهيرية"".</span> فقط واللہ اعلم</p></p>",144105200731,banuri,"('طلاق', 'talaaq')","('وقوع طلاق وعدم وقوع طلاق', 'wuqoo-e-talaq-o-adme-wuqoo-e-talaq')","('طلاق - وقوع اور عدم وقوع', 'talaq-wuqo-or-adm-e-wuqo')"
21-12-2019,https://www.banuri.edu.pk/readquestion/کیا-قرآن-مجید-کے-مطابق-عیسی-علیہ-السلام-دنیا-میں-دوبارہ-تشریف-لائیں-گے-144104200754/21-12-2019,کیا قرآنِ مجید کے مطابق عیسیٰ علیہ السلام دنیا میں دوبارہ تشریف لائیں گے؟,کیا قرآنِ مجید کے مطابق حضرت عیسیٰ علیہ السلام دنیا میں واپس آئیں گے؟,"<p><p style=""text-align:justify;"">حضرت عیسیٰ علیہ السلام حیات ہیں، اللہ تبارک وتعالیٰ نے انہیں یہودیوں سے محفوظ کرکے یقینی طور پر اپنے پاس اٹھا لیا، اور آخر زمانے میں دوبارہ تشریف لائیں گے اور دجال کو قتل کریں گے، خنزیر کو قتل کریں گے اور صلیب کو توڑیں گے۔ حضرت عیسیٰ علیہ السلام کا بحفاظت آسمانوں پر اٹھایا جانا اور ان کی حیات اور دوبارہ دنیا میں آنا قرآنِ مجید اور صحیح احادیثِ مبارکہ سے ثابت ہے۔<br/><span class=""ar_writing"">﴿ وَّ قَوْلِهِمْ اِنَّا قَتَلْنَا الْمَسِیْحَ عِیْسَی ابْنَ مَرْیَمَ رَسُوْلَ اللّٰهِ ۚ وَ مَا قَتَلُوْهُ وَ مَا صَلَبُوْهُ وَ لٰکِنْ شُبِّهَ لَهُمْ ؕ وَ اِنَّ الَّذِیْنَ اخْتَلَفُوْا فِیْهِ لَفِیْ شَكٍّ مِّنْهُ ؕ مَا لَهُمْ بِهِ مِنْ عِلْمٍ اِلَّا اتِّبَاعَ الظَّنِّ ۚ وَ مَا قَتَلُوْهُ یَقِیْنًا ﴿۱۵۷﴾ بَلْ رَّفَعَهُ اللّٰهُ اِلَیْهِ ؕ وَ کَانَ اللّٰهُ عَزِیْزًا حَکِیْمًا ﴿۱۵۸﴾ وَ اِنْ مِّنْ اَهْلِ الْکِتٰبِ اِلَّا لَیُؤْمِنَنَّ بِهِ قَبْلَ مَوْتِهِ ۚ وَ یَوْمَ الْقِیٰمَةِ یَکُوْنُ عَلَیْهِمْ شَهِیْدًا ﴿۱۵۹﴾</span><br/>
ترجمہ :  اور ان کے اس کہنے پر کہ ہم نے قتل کیا مسیح عیسیٰ مریم کے بیٹے کو جو رسول (علیہ السلام) تھا اللہ کا، اور انہوں نے نہ اس کو مارا اور نہ سولی پر چڑھایا، لیکن وہی صورت بن گئی ان کے آگے، اور جو لوگ اس میں مختلف باتیں کرتے ہیں تو وہ لوگ اس جگہ شبہ میں پڑے ہوئے ہیں، کچھ نہیں ان کو اس کی خبر صرف اٹکل پر چل رہے ہیں، اور اس کو قتل نہیں کیا  بے شک،  بلکہ اس کو اٹھا لیا اللہ نے اپنی طرف اور اللہ ہے زبردست حکمت والا، اور جتنے فرقے ہیں اہلِ کتاب کے سو عیسیٰ (علیہ السلام) پر یقین لاویں گے اس کی موت سے پہلے اور قیامت کے دن ہوگا ان پر گواہ۔<br/>
مفتی محمد شفیع عثمانی رحمہ اللہ ’’معارف القرآن  ‘‘ میں تحریر فرماتے ہیں:<br/>
’’سورہ آل عمران کی آیت <span class=""ar_writing"">﴿</span><span class=""ar_writing"">یٰعیسی اني متوفیك ورافعك إلي ...﴾ الآیة</span>[٣: ٥٥] میں حق تعالیٰ نے حضرت عیسیٰ (علیہ السلام) کے دشمن یہود کے عزائم کو ناکام بنانے اور عیسیٰ (علیہ السلام) کو ان کی دست رس  سے بچانے کے سلسلہ میں پانچ وعدے فرمائے تھے جن کی تفصیل اور مکمل تشریح و تفسیر سورۃ آل عمران کی تفسیر میں بیان ہو چکی ہے، ان وعدوں میں ایک وعدہ یہ بھی تھا کہ یہود کو آپ کے قتل پر قدرت نہیں دی جائے گی، بلکہ آپ کو اللہ تعالیٰ اپنی طرف اٹھا لیں گے، اس آیت میں یہود کی شرارتوں اور جھوٹے دعوؤں کے بیان میں اس وعدۂ الٰہیہ کی تکمیل اور یہود کے مغالطہ کا مفصل بیان اور یہود کے اس قول کی مکمل تردید ہے کہ انہوں نے عیسیٰ (علیہ السلام) کو قتل کردیا ہے۔<br/>
ان آیات میں واضح کیا گیا کہ <span class=""ar_writing"">﴿وَ مَا قَتَلُوْهُ وَ مَا صَلَبُوْهُ﴾</span>یعنی ان لوگوں نے حضرت عیسیٰ ابن مریم علیہ السلام کو نہ قتل کیا اور نہ سولی پر چڑھایا، بلکہ صورتِ حال یہ پیش آئی کہ معاملہ ان کے لیے مشتبہ کردیا گیا۔<br/>
یہود کو اشتباہ کس طرح پیش آیا ؟: <span class=""ar_writing"">﴿</span><span class=""ar_writing"">وَلٰکِنْ شُبِّهَ لَهُمْ﴾ </span> کی تفسیر میں امام تفسیر حضرت ضحاک رحمۃ اللہ علیہ فرماتے ہیں کہ قصہ یوں پیش آیا کہ جب یہود نے حضرت مسیح (علیہ السلام) کے قتل کا ارادہ کیا تو آپ کے حواری ایک جگہ جمع ہو گئے، حضرت مسیح (علیہ السلام) بھی ان کے پاس تشریف لے آئے، ابلیس نے یہود کے اس دستہ کو جو عیسیٰ (علیہ السلام) کے قتل کے لیے تیار کھڑا تھا حضرت عیسیٰ (علیہ السلام) کا پتا دیا اور چار ہزار آدمیوں نے مکان کا محاصرہ کرلیا، حضرت عیسیٰ (علیہ السلام) نے اپنے حواریین سے فرمایا کہ تم میں سے کوئی شخص اس کے لیے آمادہ ہے کہ باہر نکلے اور اس کو قتل کردیا جائے اور پھر جنت میں میرے ساتھ ہو؟ ان میں سے ایک آدمی نے اس غرض کے لیے اپنے آپ کو پیش کر دیا، آپ نے اس کو اپنا کرتہ، عمامہ عطا کیا، پھر اس پر آپ کی مشابہت ڈال دی گئی اور جب وہ باہر نکل آیا تو یہود اسے پکڑ کر لے گئے اور سولی پر چڑھا دیا، اور حضرت عیسیٰ (علیہ السلام) کو اٹھا لیا گیا۔ (قرطبی)<br/>
بعض روایات میں ہے کہ یہودیوں نے ایک شخص طیطلانوس کو حضرت عیسیٰ (علیہ السلام) کے قتل کے واسطے بھیجا تھا، حضرت عیسیٰ تو مکان میں نہ ملے، اس لیے کہ ان کو اللہ تعالیٰ نے اٹھا لیا تھا اور یہ شخص جب گھر سے نکلا تو حضرت عیسیٰ (علیہ السلام) کا ہم شکل بنا دیا گیا تھا،  یہودیہ سمجھے کہ یہی عیسیٰ ہے اور انہوں نے اپنے ہی آدمی کو لے جاکر کر قتل کردیا۔ (مظہری)<br/>
ان میں سے جو بھی صورتِ حال پیش آئی ہو سب کی گنجائش ہے، قرآنِ کریم نے کسی خاص صورت کو متعین نہیں فرمایا، اس لیے حقیقتِ حال کا صحیح علم تو اللہ ہی کو ہے، البتہ قرآنِ کریم کے اس جملے اور دوسری تفسیری روایات سے یہ قدرِ مشترک ضرور نکلتی ہے کہ یہود و نصاری کو زبردست مغالطہ ہو گیا تھا، حقیقی واقعہ ان سے پوشیدہ رہا اور اپنے اپنے گمان و قیاس کے مطابق انہوں نے طرح طرح کے دعوے کیے اور ان کے آپس ہی میں اختلافات پیدا ہو گئے، اسی حقیت کی طرف قرآنِ کریم کے ان الفاظ میں اشارہ کیا گیا ہے : <span class=""ar_writing"">﴿وَ اِنَّ الَّذِیْنَ اخْتَلَفُوْا فِیْهِ لَفِیْ شَكٍّ مِّنْهُ ؕ مَا لَهُمْ بِهِ مِنْ عِلْمٍ اِلَّا اتِّبَاعَ الظَّنِّ ۚ وَ مَا قَتَلُوْهُ یَقِیْنًا﴾</span>کہ ان کے پاس صحیح علم کی بنیاد پر کوئی یقینی بات نہیں ہے، جن جن لوگوں نے حضرت مسیح (علیہ السلام) کے بارے میں اختلاف کر کے طرح طرح کے دعوے کیے ہیں، یہ سب شک اور اٹکل کی باتیں ہیں، صحیح صورتِ واقعہ یہ ہے کہ انہوں نے حضرت مسیح (علیہ السلام) کو یقیناً قتل نہیں کیا، بلکہ اللہ تعالیٰ نے ان کو اپنی طرف اٹھا لیا۔<br/>
بعض روایات میں یہ بھی ہے کہ کچھ لوگوں کو تنبیہ ہوا تو انہوں نے کہا کہ ہم نے تو اپنے ہی آدمی کو قتل کردیا ہے؛ اس لیے کہ یہ مقتول چہرے میں تو حضرت مسیح (علیہ السلام) کے مشابہ ہے، لیکن باقی جسم میں ان کی طرح نہیں اور یہ کہ اگر یہ مقتول مسیح (علیہ السلام) ہیں تو ہمارا آدمی کہاں ہے؟ اور اگر یہ ہمارا آدمی ہے تو مسیح (علیہ السلام) کہاں ہیں؟<br/><span class=""ar_writing"">﴿وَ کَانَ اللّٰهُ عَزِیْزًا حَکِیْمًا﴾</span>  اللہ جل شانہ زبردست قدرت و غلبہ والا ہے، یہود لاکھ دفعہ قتل کے منصوبے بناتے، لیکن جب اللہ نے حضرت عیسیٰ کی حفاظت کا ذمہ لیا تو اس کی قدرت و غلبہ کے سامنے ان کے منصوبوں کی حیثیت کیا ہے، وہ قدرت والا ہے، صرف مادہ کے پرستار انسان اگر رفعِ عیسیٰ (علیہ السلام) کی حقیقت کو نہیں سمجھ سکے تو یہ ان کی اپنی کم زوری ہے، وہ حکمت والا ہے، اس کا ہر فعل حکمت و مصلحت پر مبنی ہوتا ہے۔<br/>
آخر میں اسی مضمون کے تتمہ کے لیے فرمایا کہ<span class=""ar_writing"">﴿وَ اِنْ مِّنْ اَهْلِ الْکِتٰبِ اِلَّا لَیُؤْمِنَنَّ بِهِ قَبْلَ مَوْتِهِ﴾ </span>یہ لوگ اس وقت اگرچہ بغض و حسد کی وجہ سے حقیقت کی آنکھوں سے دیکھنے کی کوشش نہیں کرتے اور حضرت عیسیٰ (علیہ السلام) کے متعلق باطل خیالات رکھتے ہیں، نیز حضرت محمد مصطفے (صلی اللہ علیہ وآلہ وسلم) کی نبوت کا بھی انکار کر رہے ہیں، لیکن ایک وقت ایسا آنے والا ہے جب کہ ان کی آنکھیں کھل جائیں گی اور اس وقت انہیں یقین ہو جائے گا کہ حضرت عیسیٰ (علیہ السلام) اور محمد (صلی اللہ علیہ وآلہ وسلم) کے متعلق جو کچھ ہمارا خیال تھا وہ سب باطل تھا۔<br/>
اس آیت کی ایک تفسیر تو وہ ہے جو خلاصہ تفسیر میں گزری ہے کہ <span class=""ar_writing"">’’موته‘‘ </span>کی ضمیر اہل کتاب کی طرف راجع کی جائے اور آیت کا مطلب اس صورت میں یہ ہے کہ یہ یہود اپنی موت سے چند لمحے پیش تر  جب عالمِ برزخ کو دیکھیں گے تو عیسیٰ (علیہ السلام) کی نبوت پر ایمان لے آئیں گے، اگرچہ اس وقت کا ایمان ان کے حق میں نافع نہیں ہو گا، جس طرح کہ فرعون کو اس کے اس ایمان نے فائدہ نہیں دیا تھا جو وہ غرق ہونے کے وقت لایا تھا۔<br/>
دوسری تفسیر  جس کو صحابہ تابعین کی بڑی جماعت نے اختیار کیا ہے اور حدیثِ صحیح سے بھی اس کی تائید ہوتی ہے یہ ہے کہ <span class=""ar_writing"">’’موته‘‘ </span>کی ضمیر حضرت مسیح (علیہ السلام) کی طرف راجع ہے اور آیت کا مطلب یہ ہے کہ یہ اہلِ کتاب اگرچہ اس وقت عیسیٰ (علیہ السلام) پر ایمان نہیں لاتے، یہود تو انہیں نبی ہی تسلیم نہیں کرتے، بلکہ انہیں العیاذ باللہ مفتری اور کاذب قرار دیتے ہیں اور نصاریٰ اگرچہ ان پر ایمان لانے کا دعویٰ کرتے ہیں، مگر بعض تو ان میں اپنی جہالت میں یہاں تک پہنچ گئے کہ یہود ہی کی طرح حضرت عیسیٰ (علیہ السلام) کے مقتول اور مصلوب ہونے کے قائل ہو گئے اور بعض اعتقاد کے غلو میں اس حد تک آگے نکل گئے کہ انہیں خدا اور خدا کا بیٹا سجھ لیا، قرآنِ کریم کی اس آیت میں بتلایا گیا ہے کہ یہ لوگ اگرچہ اس وقت حضرت عیسیٰ (علیہ السلام) کی نبوت پر صحیح ایمان نہیں رکھتے، لیکن جب وہ قیامت کے قریب اس زمین پر پھر نازل ہوں گے تو یہ سب اہلِ کتاب ان پر صحیح ایمان لے آئیں گے، نصاریٰ تو سب کے سب صحیح اعتقاد کے ساتھ مسلمان ہو جائیں گے،  یہود میں جو مخالفت کریں گے قتل کردیے جائیں گے، باقی مسلمان ہو جائیں گے، اس قت کفر اپنی تمام قسموں کے ساتھ دنیا سے فنا کردیا جائے گا اور اس زمین پر صرف اسلام ہی کی حکم رانی ہو گی۔<br/>
حضرت ابوہریرہ (رضی اللہ عنہ) سے ایک روایت منقول ہے:<br/>
”آں حضرت (صلی اللہ علیہ وآلہ وسلم) نے فرمایا کہ عیسیٰ بن مریم ایک عادل حکم ران بن کر ضرور نازل ہوں گے، وہ دجال اور خنزیز کو قتل کر دیں گے، صلیب کو توڑ ڈالیں گے اور اس وقت عبادت صرف پروردگار عالم کی ہو گی۔<br/>
اس کے بعد حضرت ابوہریرہ نے فرمایا: اگر تم چاہو تو قرآنِ کریم کی یہ  آیت بھی پڑھ لو جس میں اسی حقیت کا ذکر کیا گیا ہے کہ اہلِ کتاب میں سے کوئی بھی باقی نہیں رہے گا، مگر یہ کہ وہ ان پر ان کی موت سے پہلے ایمان لے آئے گا آپ نے فرمایا: عیسیٰ (علیہ السلام) کی موت سے پہلے اور تین بار ان الفاظ کو دہرایا۔“<br/>
آیتِ مذکورہ کی یہ تفسیر ایک جلیل القدر صحابی حضرت ابوہریرہ سے بروایتِ صحیحہ ثابت ہے، جس میں <span class=""ar_writing"">’’قبل موته‘‘</span> سے مراد <span class=""ar_writing"">’’قبل موت عیسیٰ‘‘</span> (علیہ السلام) قرار دیا ہے جس نے آیت کا مفہوم واضح طور پر متعین کردیا کہ یہ آیت قربِ قیامت میں حضرت عیسیٰ (علیہ السلام) کے نازل ہونے کے متعلق ہے۔<br/>
اس تفسیر کی بنا پر یہ آیت ناطق ہے کہ حضرت عیسیٰ (علیہ السلام) کی وفات ابھی نہیں ہوئی، بلکہ قیامت کے قریب جب وہ آسمان سے نازل ہوں گے اور ان کے نزول سے اللہ جل شانہ کی جو حکمتیں وابستہ ہیں وہ حکمتیں پوری ہو جائیں گی، تب اس زمین پر ہی ان کی وفات ہو گی۔<br/>
اس کی تائید سورۂ زخرف کی اس آیت سے بھی ہوتی ہے :<span class=""ar_writing"">﴿وانه لعلم للساعة فلاتمترن بها واتبعون﴾</span> (٣٤: ١٦)  یعنی ’’عیسیٰ (علیہ السلام) قیامت کی ایک نشانی ہیں، پس تم قیامت کے آنے میں شک مت کرو اور میرا کہا مانو“. مفسرین کی ایک بڑی جماعت نے یہاں پر لکھا ہے کہ <span class=""ar_writing"">’’إنّه‘‘</span> کی ضمیر حضرت عیسیٰ (علیہ السلام) کی طرف راجع ہے، اور معنی یہ ہیں کہ عیسیٰ (علیہ السلام) قیامت کی ایک علامت ہیں، اس سے معلوم ہوا کہ اس آیت میں حضرت مسیح (علیہ السلام) کے نزول کی خبر دی گئی ہے کہ وہ قیامت کے قریب نازل ہوں گے اور ان کا آنا قیامت کی علامات میں سے ہو گا۔<br/>
اس آیت میں ایک دوسری قراءت <span class=""ar_writing"">’’عَلَم‘‘</span> بھی منقول ہے اس سے یہ معنی زیادہ واضح ہو جاتے ہیں؛ کیوں  کہ <span class=""ar_writing"">’’عَلَم‘‘ </span>بفتح اللام کے معنی علامت کے ہیں، حضرت عبداللہ ابن عباس کی تفسیر بھی اسی کی موید ہے : <span class=""ar_writing"">’’عن ابن عباس (رضي الله عنه) في قوله تعالی: ﴿وانه لعلم للساعة﴾ قال: خروج عیسیٰ (علیه السلام) قبل یوم القیامة ........‘‘</span> حضرت ابن عباس سے <span class=""ar_writing"">﴿وانه لعلم للساعة﴾ </span>کے بارے میں منقول ہے کہ اس سے حضرت عیسیٰ (علیہ السلام) مراد ہیں جو قیامت سے پہلے تشریف لائیں گے۔ (ابن کثیر)<br/>
خلاصہ یہ ہے کہ آیتِ مذکورہ <span class=""ar_writing"">’’قبل موتِه‘‘</span>کے ساتھ جب حضرت ابوہریرہ کی حدیثِ صحیح کے ساتھ تفسیر کو شامل کیا جائے تو اس سے واضح طور پر حضرت عیسیٰ (علیہ السلام) کا زندہ ہونا اور پھر قربِ قیامت میں نازل ہو کر یہود پر مکمل غلبہ پانا ثابت ہو جاتا ہے، اسی طرح آیت <span class=""ar_writing"">﴿وانه لعلم للساعة﴾ </span> سے بھی حسبِ تفسیر ابنِ عباس یہ مضمون یقینی ہو جاتا ہے۔<br/>
امام تفسیر ابن کثیر نے آیت <span class=""ar_writing"">﴿وانه لعلم للساعة﴾ </span>کی تفسیر میں لکھا ہے:<br/>
”رسول اللہ (صلی اللہ علیہ وآلہ وسلم) کی احادیث اس معاملے میں متواتر ہیں  کہ آپ نے قیامت سے پہلے عیسیٰ (علیہ السلام) کے دنیا میں نازل ہونے کی خبر دی ہے۔“<br/>
ان روایاتِ متواترہ کو ہمارے استاذ حجتہ الاسلام حضرت مولانا محمد انور شاہ کشمیری نے جمع فرمایا ، جن کی تعداد سو سے زیادہ ہے، حضرت استاذ کے حکم پر احقر نے اس مجموعے کو بزبانِ عربی مرتب کیا ، حضرت نے اس کا نام <span class=""ar_writing"">’’التصریح بما تواتر في نزول مسیح‘‘</span> تجویز فرمایا، جو اسی زمانے میں شائع ہو چکا تھا، حال میں حلب شام کے ایک بڑے عالم علامہ عبدالفتاح ابوغدہ نے مزید شرح و حواشی کا اضافہ کر کے بیروت میں اعلیٰ کتابت کے ساتھ شائع کرایا ہے۔ <br/>
آخر زمانے میں حضرت عیسیٰ (علیہ السلام) کے نزول کا عقیدہ قطعی اور اجماعی ہے، جس کا منکر کافر ہے :</p><p style=""text-align:justify;""> یہ مضمون آیاتِ مذکورہ سے بھی واضح ہو چکا ہے اور اس کی پوری تفصیل سورۃ آل عمران میں گزر چکی ہے وہاں دیکھ لی جائے۔  اس میں ان شبہات کا بھی جواب مذکور ہے جو اس زمانے کے بعض ملحدین کی طرف سے اس عقیدہ کو مشکوک بنانے کے لیے پیش کیے گئے ہیں.<span class=""ar_writing""> ’’والله ولي الهدایة‘‘! </span> (معارف القرآن، سورہ نساء، آیت نمبر: 157 تا 159) </p><p style=""text-align:justify;"">مزید تفصیل کے لیے  درج ذیل کتابوں کا مطالعہ مفید رہے گا:</p><p style=""text-align:justify;"">1-  علامہ انور شاہ کشمیری رحمہ اللہ کا  رسالہ  <span class=""ar_writing"">”عقیدة الإسلام في حیاة عیسی علیه السلام‘‘.</span></p><p style=""text-align:justify;"">2- علامہ سیوطی کا رسالہ  : <span class=""ar_writing"">’’كتاب الإعلام بحکم عیسی علیه السلام‘‘.</span></p><p style=""text-align:justify;"">3- حضرت مولانا ادریس کاندھلوی صاحب کی کتاب ”حیات عیسیٰ علیہ السلام“. (ادارہ اسلامیات)</p><p style=""text-align:justify;"">اس کے علاوہ ختم نبوت کے دفتر سے بھی اس متعلق لٹریچر وصول کرسکتے ہیں۔فقط واللہ اعلم</p></p>",144104200754,banuri,"('ایمان و عقائد', 'aqaed')","('اسلامی عقائد', 'islami-aqaed')","('انبیاء و رسل علیہم السلام', 'anbiya-o-rusul-alayhim-us-salam')"
