link,title,fatwa_number,question_html,answer_html,html_container,dar_ul_ifta
https://www.farooqia.com/course/%d8%b9%d9%88%d8%b1%d8%aa-%da%a9%db%92-%d9%84%db%8c%db%92-%da%a9%d8%b3-%da%a9%d8%b3-%d8%b3%db%92-%d9%be%d8%b1%d8%af%db%81-%d8%b6%d8%b1%d9%88%d8%b1%db%8c-%db%81%db%92/,عورت کے لیے کس کس سے پردہ ضروری ہے,0123456790,<p> کیا فرماتے ہیں علمائے دین کہ عورت کے لیے پردہ کس کس سے ضروری ہے؟<br/>والد اور والدہ کے چچا زاد، ماموں زاد، خالہ زاد، پھوپی زاد بھائی، بہنوں سے اور اسی طرح ان کی بیویوں سے پردہ کا حکم کیا ہے؟ اسی طرح ان کی بیٹیوں سے اور بیٹوں کی بیویوں سے پردہ کا حکم کیا ہے؟پھوپھی کے شوہر، اسی طرح بہن کے شوہر اور شوہر کی بہن کے شوہر سے پردہ کا حکم کیا ہے؟ اسی طرح وہ چچا زاد بہن یا خالہ زاد، ماموں زاد پھوپھی زاد جو عمر میں بہت بڑی ہے؟ شوہر کے چچا ماموں پھوپھا وغیرہ سے پردہ کا حکم کیا ہے؟ شوہر کے چھوٹے بھائی اور بڑے بھائیوں سے پردہ کا حکم کیا ہے؟ کیا اپنے چچا اپنے ماموں اپنے پھوپھا سے پردہ کرنا چاہیے کہ نہیں؟ آیا صرف اپنی بہن ،ماں، بھانجی، بھتیجی، اپنی ماسیوں، اپنی چچیوں سے پردہ نہیں ہے، یااس کے علاوہ بھی کوئی ہے؟</p>,"<p>واضح رہے کہ مرد یا عورت کے لیے رشتہ داروں سے پردے کے بارے میں قاعدہ یہ ہے کہ جن رشتہ داروں سے (مرد یا عورت کا ) نکاح ہمیشہ کے لیے حرام ہے، اُن سے پردہ نہیں، مثلاً: ماں باپ، دادا، دادی، نانا، نانی، بھائی، بہن، چچا ، پھوپھی ، خالہ، بیٹا ،بیٹی، پوتا، پوتی وغیرہ۔</p><p>اور جن رشتہ داروں سے نکاح جائز ہے، ان سے پردہ کرنا واجب ہے، مثلاً : چچازاد، پھوپھی زاد، ماموں زاد، خالہ زاد بہن بھائی، پھوپھا، چچی، خالو، بہنوئی وغیرہ، اسی طرح عورت کے لیے اپنے شوہر کے ان رشتہ داروں سے پردہ نہیں ہے، جن رشتہ داروں کا عورت سے نکاح ہمیشہ کے لیے حرام ہے، مثلاً:سسر، سوتیلا بٹیا وغیرہ، اور شوہر کے وہ رشتہ دار جن سے اس عورت کا نکاح جائز ہے، ان سے پردہ کرنا واجب ہے، جیسے: شوہر کا بھائی (دیور)، شوہر کا چچا، شوہر کا ماموں، شوہر کا پھوپھا، شوہر کا خالو، شوہر کے بھائی کی اولاد اور شوہر کی بہن کی اولاد وغیرہ۔</p><p>وہ چچازاد، خالہ زاد، ماموں زاد، بہن یا اس کے علاوہ اور کوئی عورت اگر عمر رسیدہ ہو، بڑھاپے کی عمر تک پہنچ گئی ہو، اس کے ساتھ سلام یا ضروری بات کرنے میں کوئی حرج نہیں۔ فقط واللہ اعلم بالصواب</p><p style=""text-align: right;""><strong>دارالافتاء جامعہ فاروقیہ کراچی</strong></p>","<div class=""gdlr-core-text-box-item-content"" style=""text-transform: none ;""><h3 style=""text-align: right;""><span class=""green"">عورت کے لیے کس کس سے پردہ ضروری ہے</span></h3>
<h4 style=""text-align: right;"">سوال</h4>
<p> کیا فرماتے ہیں علمائے دین کہ عورت کے لیے پردہ کس کس سے ضروری ہے؟<br/>والد اور والدہ کے چچا زاد، ماموں زاد، خالہ زاد، پھوپی زاد بھائی، بہنوں سے اور اسی طرح ان کی بیویوں سے پردہ کا حکم کیا ہے؟ اسی طرح ان کی بیٹیوں سے اور بیٹوں کی بیویوں سے پردہ کا حکم کیا ہے؟پھوپھی کے شوہر، اسی طرح بہن کے شوہر اور شوہر کی بہن کے شوہر سے پردہ کا حکم کیا ہے؟ اسی طرح وہ چچا زاد بہن یا خالہ زاد، ماموں زاد پھوپھی زاد جو عمر میں بہت بڑی ہے؟ شوہر کے چچا ماموں پھوپھا وغیرہ سے پردہ کا حکم کیا ہے؟ شوہر کے چھوٹے بھائی اور بڑے بھائیوں سے پردہ کا حکم کیا ہے؟ کیا اپنے چچا اپنے ماموں اپنے پھوپھا سے پردہ کرنا چاہیے کہ نہیں؟ آیا صرف اپنی بہن ،ماں، بھانجی، بھتیجی، اپنی ماسیوں، اپنی چچیوں سے پردہ نہیں ہے، یااس کے علاوہ بھی کوئی ہے؟</p>
<h4 style=""text-align: right;"">جواب </h4>
<p>واضح رہے کہ مرد یا عورت کے لیے رشتہ داروں سے پردے کے بارے میں قاعدہ یہ ہے کہ جن رشتہ داروں سے (مرد یا عورت کا ) نکاح ہمیشہ کے لیے حرام ہے، اُن سے پردہ نہیں، مثلاً: ماں باپ، دادا، دادی، نانا، نانی، بھائی، بہن، چچا ، پھوپھی ، خالہ، بیٹا ،بیٹی، پوتا، پوتی وغیرہ۔</p>
<p>اور جن رشتہ داروں سے نکاح جائز ہے، ان سے پردہ کرنا واجب ہے، مثلاً : چچازاد، پھوپھی زاد، ماموں زاد، خالہ زاد بہن بھائی، پھوپھا، چچی، خالو، بہنوئی وغیرہ، اسی طرح عورت کے لیے اپنے شوہر کے ان رشتہ داروں سے پردہ نہیں ہے، جن رشتہ داروں کا عورت سے نکاح ہمیشہ کے لیے حرام ہے، مثلاً:سسر، سوتیلا بٹیا وغیرہ، اور شوہر کے وہ رشتہ دار جن سے اس عورت کا نکاح جائز ہے، ان سے پردہ کرنا واجب ہے، جیسے: شوہر کا بھائی (دیور)، شوہر کا چچا، شوہر کا ماموں، شوہر کا پھوپھا، شوہر کا خالو، شوہر کے بھائی کی اولاد اور شوہر کی بہن کی اولاد وغیرہ۔</p>
<p>وہ چچازاد، خالہ زاد، ماموں زاد، بہن یا اس کے علاوہ اور کوئی عورت اگر عمر رسیدہ ہو، بڑھاپے کی عمر تک پہنچ گئی ہو، اس کے ساتھ سلام یا ضروری بات کرنے میں کوئی حرج نہیں۔ فقط واللہ اعلم بالصواب</p>
<p style=""text-align: right;""><strong>دارالافتاء جامعہ فاروقیہ کراچی</strong></p>
</div>",farooqia.com
https://www.farooqia.com/course/%d8%af%d9%88%d8%b1%d8%a7%d9%86-%d8%b9%d8%af%d8%aa-%da%a9%d8%b3%db%8c-%d8%b9%d8%b0%d8%b1-%da%a9%db%8c-%d9%88%d8%ac%db%81-%d8%b3%db%92-%d9%85%d9%84%da%a9-%d8%b3%db%92-%d8%a8%d8%a7%db%81%d8%b1-%d8%b3/,دوران عدت کسی عذر کی وجہ سے ملک سے باہر سفر کے لیے جانا,0123456790,<p>کیا فرماتے ہیں مفتیان کرام مندرجہ ذیل  مسئلہ کے بارے میں کہ ایک عورت  اپنے شوہر کے ساتھ باہر  ملک رہتی  ہے، ان دونوں کی مستقل رہائش بھی اسی ملک میں ہے،علاج کی غرض سے کراچی میں آئے تھے،اور کراچی میں بھی ان کا اپنا گھر ہے،پھر یہی کراچی ہی  میں اس کے شوہر کا انتقال ہوگیا،اب یہ عورت واپس اسی ملک میں جانا چاہتی ہے،اور آئندہ بھی وہیں سکونت کا ارادہ ہے،نیز ویزے(اقامے) کی میعاد ختم ہونے والی ہے،جس کی  وجہ سے اس کی تجدیدکرانے کےلیے بھی وہاں جانا ضروری ہے،(اس لیے کہ فی الحال تجدید نہ کرانے کی صورت میں بہت سے مسائل کا سامنا کرنا پڑسکتا ہے) اب پوچھنا یہ ہے کہ کیا  یہ عورت دورانِ عدت وہاں  (ملک سے باہر )جاسکتی ہے، یا نہیں؟ رہنمائی فرمائیں۔</p>,"<p>واضح رہے کہ شوہر کے انتقال سے پہلے میاں ،بیوی جس گھر میں رہائش پذیر  ہوں ، شوہر کے انتقال کے بعد بیوی پر اسی گھر میں عدت گزارنا ضروری ہوتا ہے،چاہے وہ گھر مملوکہ ہو ،یاکرائے کا ،اس گھر میں مستقل رہائش ہو ،یا عارضی،بغیر عذرِشرعی اور سخت مجبوری کے اس گھر سے کہیں اور  منتقل ہونا ،اوروہاں  عدت گزارناجائز نہیں ہے،نیز عدت کے دوران عورت کے لیے ہر قسم کا سفر،یہاں تک کہ  حج جیسا مبارک سفر بھی ممنوع ہے ،لہذا صورتِ مسئولہ میں چونکہ  شوہر کے انتقال سے پہلے میاں بیوی  دونوں کراچی والے گھر میں رہائش پذیر تھے ،تو عورت کے لیے اسی گھر میں عدت گزارنا ضروری ہوگا،البتہ اگر اس بات کا اندیشہ ہو کہ  یہاں عدت گزارنے کی صورت میں ویزے کی بروقت  تجدید نہ کرانے کی وجہ سےناقابل ِ تلافی نقصان اور دیگر مسائل کا سامنا کرنا پڑسکتا ہے تو اس عورت کے لیے دوسرے ملک جاکر  وہاں اپنے  گھر میں منتقل ہونے کی گنجائش ہے،اور وہاں عدت کے  ایام(چار ماہ دس دن)  میں  بلاضرورتِ شدیدہ گھر  سے باہر نکلنے سے احتراز کیا جائے، تاہم  صورتِ مسئولہ میں بہتر یہی ہے کہ یہیں عدت گزار کر پھر وہاں  کا سفر کیاجائے۔</p><p><code>وفي الدرمع التنوير:</code></p><p><code> ""(وتعتدان) أي معتدة طلاق وموت (في بيت وجبت فيه) ولا يخرحان منه (إلا أن تخرج، أو ينهدم المنزل أو تخاف) انهدامه، أو (تلف مالها، أو لا تجد كراء البيت) ونحو ذلك من الضرورات، فتخرج لاقرب موضع إليه.""</code></p><p><code>وفي الشامية:</code></p><p><code> ""(قوله: في بيت وجبت فيه) هو ما يضاف إليهما بالسكنى قبل الفرقة ولو غير بيت الزوج كما مر آنفا، وشمل بيوت الأخبية كما في الشرنبلالية.</code></p><p><code>قوله ( ونحو ذلك ) منه ما في الظهيرية لو خافت بالليل من أمر الميت والموت ولا أحد معها لها التحول والخوف شديدا وإلا فلا "".(كتاب الطلاق،فصل في الحداد،5229،ط:رشيدية)</code></p><p><code>وفي الهندية:</code></p><p><code>المعتدة لا تسافر لا للحج ولا لغيره.(كتاب الطلاق،الباب الرابع عشر في الحداد،1535،دارالفكر)</code></p><p><code>لما في البدائع:</code></p><p><code>وأما في حالة الضرورة فإن اضطرت إلى الخروج من بيتها بأن خافت سقوط منزلها أو خافت على متاعها أو كان المنزل بأجرة ولا تجد ما تؤديه في أجرته في عدة الوفاة فلا بأس عند ذلك أن تنتقل ولأن كانت تقدر على الأجرة لا تنتقل.</code></p><p><code>(كتاب الطلاق،فصل في أحكام العدة،4450،451،ط:دارالكتب)</code> فقط واللہ اعلم بالصواب</p><p style=""text-align: right;""><strong>دارالافتاء جامعہ فاروقیہ کراچی</strong></p><p><strong>فتوی نمبر:171/44</strong></p>","<div class=""gdlr-core-text-box-item-content"" style=""text-transform: none ;""><h3 style=""text-align: right;"">دوران عدت کسی عذر کی وجہ سے ملک سے باہر سفر کے لیے جانا</h3>
<h4 style=""text-align: right;"">سوال</h4>
<p>کیا فرماتے ہیں مفتیان کرام مندرجہ ذیل  مسئلہ کے بارے میں کہ ایک عورت  اپنے شوہر کے ساتھ باہر  ملک رہتی  ہے، ان دونوں کی مستقل رہائش بھی اسی ملک میں ہے،علاج کی غرض سے کراچی میں آئے تھے،اور کراچی میں بھی ان کا اپنا گھر ہے،پھر یہی کراچی ہی  میں اس کے شوہر کا انتقال ہوگیا،اب یہ عورت واپس اسی ملک میں جانا چاہتی ہے،اور آئندہ بھی وہیں سکونت کا ارادہ ہے،نیز ویزے(اقامے) کی میعاد ختم ہونے والی ہے،جس کی  وجہ سے اس کی تجدیدکرانے کےلیے بھی وہاں جانا ضروری ہے،(اس لیے کہ فی الحال تجدید نہ کرانے کی صورت میں بہت سے مسائل کا سامنا کرنا پڑسکتا ہے) اب پوچھنا یہ ہے کہ کیا  یہ عورت دورانِ عدت وہاں  (ملک سے باہر )جاسکتی ہے، یا نہیں؟ رہنمائی فرمائیں۔</p>
<h4 style=""text-align: right;"">جواب </h4>
<p>واضح رہے کہ شوہر کے انتقال سے پہلے میاں ،بیوی جس گھر میں رہائش پذیر  ہوں ، شوہر کے انتقال کے بعد بیوی پر اسی گھر میں عدت گزارنا ضروری ہوتا ہے،چاہے وہ گھر مملوکہ ہو ،یاکرائے کا ،اس گھر میں مستقل رہائش ہو ،یا عارضی،بغیر عذرِشرعی اور سخت مجبوری کے اس گھر سے کہیں اور  منتقل ہونا ،اوروہاں  عدت گزارناجائز نہیں ہے،نیز عدت کے دوران عورت کے لیے ہر قسم کا سفر،یہاں تک کہ  حج جیسا مبارک سفر بھی ممنوع ہے ،لہذا صورتِ مسئولہ میں چونکہ  شوہر کے انتقال سے پہلے میاں بیوی  دونوں کراچی والے گھر میں رہائش پذیر تھے ،تو عورت کے لیے اسی گھر میں عدت گزارنا ضروری ہوگا،البتہ اگر اس بات کا اندیشہ ہو کہ  یہاں عدت گزارنے کی صورت میں ویزے کی بروقت  تجدید نہ کرانے کی وجہ سےناقابل ِ تلافی نقصان اور دیگر مسائل کا سامنا کرنا پڑسکتا ہے تو اس عورت کے لیے دوسرے ملک جاکر  وہاں اپنے  گھر میں منتقل ہونے کی گنجائش ہے،اور وہاں عدت کے  ایام(چار ماہ دس دن)  میں  بلاضرورتِ شدیدہ گھر  سے باہر نکلنے سے احتراز کیا جائے، تاہم  صورتِ مسئولہ میں بہتر یہی ہے کہ یہیں عدت گزار کر پھر وہاں  کا سفر کیاجائے۔</p>
<p><code>وفي الدرمع التنوير:</code></p>
<p><code> ""(وتعتدان) أي معتدة طلاق وموت (في بيت وجبت فيه) ولا يخرحان منه (إلا أن تخرج، أو ينهدم المنزل أو تخاف) انهدامه، أو (تلف مالها، أو لا تجد كراء البيت) ونحو ذلك من الضرورات، فتخرج لاقرب موضع إليه.""</code></p>
<p><code>وفي الشامية:</code></p>
<p><code> ""(قوله: في بيت وجبت فيه) هو ما يضاف إليهما بالسكنى قبل الفرقة ولو غير بيت الزوج كما مر آنفا، وشمل بيوت الأخبية كما في الشرنبلالية.</code></p>
<p><code>قوله ( ونحو ذلك ) منه ما في الظهيرية لو خافت بالليل من أمر الميت والموت ولا أحد معها لها التحول والخوف شديدا وإلا فلا "".(كتاب الطلاق،فصل في الحداد،5229،ط:رشيدية)</code></p>
<p><code>وفي الهندية:</code></p>
<p><code>المعتدة لا تسافر لا للحج ولا لغيره.(كتاب الطلاق،الباب الرابع عشر في الحداد،1535،دارالفكر)</code></p>
<p><code>لما في البدائع:</code></p>
<p><code>وأما في حالة الضرورة فإن اضطرت إلى الخروج من بيتها بأن خافت سقوط منزلها أو خافت على متاعها أو كان المنزل بأجرة ولا تجد ما تؤديه في أجرته في عدة الوفاة فلا بأس عند ذلك أن تنتقل ولأن كانت تقدر على الأجرة لا تنتقل.</code></p>
<p><code>(كتاب الطلاق،فصل في أحكام العدة،4450،451،ط:دارالكتب)</code> فقط واللہ اعلم بالصواب</p>
<p style=""text-align: right;""><strong>دارالافتاء جامعہ فاروقیہ کراچی</strong></p>
<p><strong>فتوی نمبر:171/44</strong></p>
</div>",farooqia.com
https://www.farooqia.com/course/%d9%85%d8%b3%d8%a7%d9%81%d8%b1%da%a9%db%92-%d9%84%db%8c%db%92%da%a9%d8%b3%db%8c-%d8%b4%db%81%d8%b1-%d9%85%db%8c%da%ba-%d9%be%d9%86%d8%af%d8%b1%db%81-%d8%af%d9%86-%d9%b9%da%be%d8%b1%d9%86%d8%a7-%d9%84/,مسافرکے لیےکسی شہر میں پندرہ دن ٹھرنا لازم ہوتووہ قصر کرے،یا اتمام؟,0123456790,<p>    کیا فرماتے ہیں مفتیانِ کرام مندرجہ ذیل  مسئلہ کے بارے میں کہ آج کل سعودیہ جانے کی ترتیب یہ ہے کہ  پہلے دبئی  ،یا  ابوظہبی میں ۱۵۔۱۶ دن اسٹے (قیام ) کرنا پڑے گا، پھر سعودی عرب جانا ہوگا،اب مسافر اسٹے کے دوران نماز میں قصر کریں گے،یا اتمام ؟ واضح رہے کہ دبئی میں  ان احباب پر کوئی پابندی نہیں ہوتی، ساتھیوں اور دیگر رشتہ داروں کے پاس جاسکتے ہیں،رات گزار سکتے ہیں، سیر و تفریح کے لیے دور دور تک جاسکتے ہیں،کوئی پابندی نہیں، مسافر حضرات کہتے ہیں  اگر ہمیں جلد از جلد یہاں سے جانے کی اجازت مل جائے تو ہم تیار ہیں،یعنی اپنی خوشی سے قیام نہیں کرتے ، بلکہ مجبوراً قیام کرتے ہیں۔ کیا مذکورہ بالا صورت میں نماز میں قصر کریں گے ،یا اتمام ؟ عملہ کی طرف سے ان مسافروں کے لیے ایک مخصوص جگہ ہوٹل مقرر ہے۔ رہنمائی فرمائیں  </p>,"<p>صورتِ مسئولہ میں چونکہ  سعودی عرب جانے والے حضرات  کے لیے دبئی میں پندرہ دن یا اس سے زائد  کا قیام ضروری ہوتا ہے ، اور یہ حضرات اس کے پابند ہوتے ہیں،تو اگر ان حضرات کا ارادہ بھی اسی  ایک شہر میں  پندرہ دن کے قیام کا ہو تو یہ مقیم ہونے کی وجہ سے نماز میں اتمام کریں گے ،اور اگر ان کی نیت اور ارادہ ان مقرّرہ ایام میں اس شہر سے باہر کسی اور جگہ بھی رات گزارنے کا ہوتو  پھر یہ مقیم نہیں ہوں گے، تب ان کےلیے نماز میں قصر کرنا ضروری ہوگا۔</p><p><code>وفي البدائع:</code></p><p><code>""فلا بد من أربعة أشياء نية الإقامة ونية مدة الإقامة واتحاد المكان وصلاحيته للإقامة... وأما اتحاد المكان فالشرط نية مدة الإقامة في مكان واحد لأن الإقامة قرار والانتقال يضاده ولا بد من الانتقال في مكانين وإذا عرف هذا فنقول إذا نوى المسافر الإقامة خمسة عشر يوما في موضعين فإن كانا مصرا واحدا أو قرية واحدة صار مقيما لأنهما متحدان حكما"".(كتاب الصلاة، فصل وأما بيان ما يصير المسافر به مقيما،197،دارالكتاب العربي)</code></p><p><code>حاشية الطحطاوي على مراقي الفلاح:</code></p><p><code>""والتابع ( كالمرأة مع زوجها ....( والعبد ) غير المكاتب فيشمل أم الولد والمدبر ( مع مولاه والجندي مع أميره إذا كان يرتزق منه والأجير مع المستأجر والتلميذ مع أستاذه والأسير والمكره مع من أكرهه على السفر"".(كتاب الصلاة، باب صلاة المسافر،ص:187،رشيدية)</code></p><p><code>وفي الشامية:</code></p><p><code>""وإنما يشترط قصده لو كان مستقلا برأيه فلو تابعا لغيره فالاعتبار بنية المتبوع كما سيأتي"".(كتاب الصلاة ،باب صلاة المسافر،2122،دارالفكر)</code></p><p><code>وفي الدرالمختار:</code></p><p><code>""(أو ينوي) ولو في الصلاة إذا لم يخرج وقتها ولم يك لاحقا (إقامة نصف شهر) حقيقة أو حكما لما في البزازية وغيرها: لو دخل الحاج الشام وعلم أنه لا يخرج إلا مع القافلة في نصف شوال أتم لأنه كناوي الإقامة (بموضع) واحد (صالح لها) من مصر أو قرية أو صحراء دارنا وهو من أهل الأخبية (فيقصر إن نوى) الإقامة (في أقل منه) أي في نصف شهر. (أو) نوى (فيه لكن في غير صالح) أو كنحو جزيرة أو نوى فيه لكن (بموضعين مستقلين كمكة ومنى)"" (كتاب الصلاة ،باب صلاة المسافر،2125،دارالفكر)</code></p><p><code>وفي البدائع:</code></p><p><code>""والثاني نية مدة السفر لأن السير قد يكون سفرا وقد لا يكون.... والمعتبر في النية هو نية الأصل دون التابع حتى يصير العبد مسافرا بنية مولاه والزوجة بنية الزوج وكل من لزمه طاعة غيره كالسلطان وأمير الجيش لأن حكم التبع حكم الأصل . (كتاب الصلاة، فصل وأما بيان ما يصير المسافر به مقيما،194،دارالكتاب العربي)</code> فقط واللہ اعلم بالصواب</p><p style=""text-align: right;""><strong>دارالافتاء جامعہ فاروقیہ کراچی</strong></p><p><strong>فتوی نمبر:171/23</strong></p>","<div class=""gdlr-core-text-box-item-content"" style=""text-transform: none ;""><h3 style=""text-align: right;"">مسافرکے لیےکسی شہر میں پندرہ دن ٹھرنا لازم ہوتووہ قصر کرے،یا اتمام؟</h3>
<h4 style=""text-align: right;"">سوال</h4>
<p>    کیا فرماتے ہیں مفتیانِ کرام مندرجہ ذیل  مسئلہ کے بارے میں کہ آج کل سعودیہ جانے کی ترتیب یہ ہے کہ  پہلے دبئی  ،یا  ابوظہبی میں ۱۵۔۱۶ دن اسٹے (قیام ) کرنا پڑے گا، پھر سعودی عرب جانا ہوگا،اب مسافر اسٹے کے دوران نماز میں قصر کریں گے،یا اتمام ؟ واضح رہے کہ دبئی میں  ان احباب پر کوئی پابندی نہیں ہوتی، ساتھیوں اور دیگر رشتہ داروں کے پاس جاسکتے ہیں،رات گزار سکتے ہیں، سیر و تفریح کے لیے دور دور تک جاسکتے ہیں،کوئی پابندی نہیں، مسافر حضرات کہتے ہیں  اگر ہمیں جلد از جلد یہاں سے جانے کی اجازت مل جائے تو ہم تیار ہیں،یعنی اپنی خوشی سے قیام نہیں کرتے ، بلکہ مجبوراً قیام کرتے ہیں۔ کیا مذکورہ بالا صورت میں نماز میں قصر کریں گے ،یا اتمام ؟ عملہ کی طرف سے ان مسافروں کے لیے ایک مخصوص جگہ ہوٹل مقرر ہے۔ رہنمائی فرمائیں  </p>
<h4 style=""text-align: right;"">جواب </h4>
<p>صورتِ مسئولہ میں چونکہ  سعودی عرب جانے والے حضرات  کے لیے دبئی میں پندرہ دن یا اس سے زائد  کا قیام ضروری ہوتا ہے ، اور یہ حضرات اس کے پابند ہوتے ہیں،تو اگر ان حضرات کا ارادہ بھی اسی  ایک شہر میں  پندرہ دن کے قیام کا ہو تو یہ مقیم ہونے کی وجہ سے نماز میں اتمام کریں گے ،اور اگر ان کی نیت اور ارادہ ان مقرّرہ ایام میں اس شہر سے باہر کسی اور جگہ بھی رات گزارنے کا ہوتو  پھر یہ مقیم نہیں ہوں گے، تب ان کےلیے نماز میں قصر کرنا ضروری ہوگا۔</p>
<p><code>وفي البدائع:</code></p>
<p><code>""فلا بد من أربعة أشياء نية الإقامة ونية مدة الإقامة واتحاد المكان وصلاحيته للإقامة... وأما اتحاد المكان فالشرط نية مدة الإقامة في مكان واحد لأن الإقامة قرار والانتقال يضاده ولا بد من الانتقال في مكانين وإذا عرف هذا فنقول إذا نوى المسافر الإقامة خمسة عشر يوما في موضعين فإن كانا مصرا واحدا أو قرية واحدة صار مقيما لأنهما متحدان حكما"".(كتاب الصلاة، فصل وأما بيان ما يصير المسافر به مقيما،197،دارالكتاب العربي)</code></p>
<p><code>حاشية الطحطاوي على مراقي الفلاح:</code></p>
<p><code>""والتابع ( كالمرأة مع زوجها ....( والعبد ) غير المكاتب فيشمل أم الولد والمدبر ( مع مولاه والجندي مع أميره إذا كان يرتزق منه والأجير مع المستأجر والتلميذ مع أستاذه والأسير والمكره مع من أكرهه على السفر"".(كتاب الصلاة، باب صلاة المسافر،ص:187،رشيدية)</code></p>
<p><code>وفي الشامية:</code></p>
<p><code>""وإنما يشترط قصده لو كان مستقلا برأيه فلو تابعا لغيره فالاعتبار بنية المتبوع كما سيأتي"".(كتاب الصلاة ،باب صلاة المسافر،2122،دارالفكر)</code></p>
<p><code>وفي الدرالمختار:</code></p>
<p><code>""(أو ينوي) ولو في الصلاة إذا لم يخرج وقتها ولم يك لاحقا (إقامة نصف شهر) حقيقة أو حكما لما في البزازية وغيرها: لو دخل الحاج الشام وعلم أنه لا يخرج إلا مع القافلة في نصف شوال أتم لأنه كناوي الإقامة (بموضع) واحد (صالح لها) من مصر أو قرية أو صحراء دارنا وهو من أهل الأخبية (فيقصر إن نوى) الإقامة (في أقل منه) أي في نصف شهر. (أو) نوى (فيه لكن في غير صالح) أو كنحو جزيرة أو نوى فيه لكن (بموضعين مستقلين كمكة ومنى)"" (كتاب الصلاة ،باب صلاة المسافر،2125،دارالفكر)</code></p>
<p><code>وفي البدائع:</code></p>
<p><code>""والثاني نية مدة السفر لأن السير قد يكون سفرا وقد لا يكون.... والمعتبر في النية هو نية الأصل دون التابع حتى يصير العبد مسافرا بنية مولاه والزوجة بنية الزوج وكل من لزمه طاعة غيره كالسلطان وأمير الجيش لأن حكم التبع حكم الأصل . (كتاب الصلاة، فصل وأما بيان ما يصير المسافر به مقيما،194،دارالكتاب العربي)</code> فقط واللہ اعلم بالصواب</p>
<p style=""text-align: right;""><strong>دارالافتاء جامعہ فاروقیہ کراچی</strong></p>
<p><strong>فتوی نمبر:171/23</strong></p>
</div>",farooqia.com
https://www.farooqia.com/course/%d8%b9%d9%88%d8%b1%d8%aa%d9%88%da%ba-%da%a9%db%8c-%d8%b7%d8%b1%d9%81-%da%a9%d8%b4%d8%b4-%d9%86%db%81-%db%81%d9%88%d9%86%db%92-%d9%88%db%81%d9%85-%da%a9%db%8c-%d8%a8%d9%86%d8%a7%d8%a1-%d9%be%d8%b1/,عورتوں کی طرف کشش نہ ہونے وہم کی بناء پر ترکِ نکاح کا حکم,0123456790,<p>کیا فرماتے ہیں مفتیانِ کرام مندرجہ ذیل  مسئلہ کے بارے میں کہ میرا تعلق ایک اسلامی گھرانے سے ہے اور والدین انتہائی نیک ہیں،میں خود بفضل اللہ پکا نمازی اور دیندار ہوں ،اللہ کی توفیق سے میں کبھی بدفعلی میں نہیں پڑا ،چونکہ اب میری عمر ۲۵ سال سے اوپر ہے اور میرے والدین میری شادی کے لیے زور ڈال رہے ہیں،بالغ ہونے سے اب تک جنسی طور پر میری کشش صرف مردوں کی طرف ہے اور عورتوں کی طرف بالکل کشش نہیں ہے،میں جانتا ہوں اور مانتا ہوں کہ یہ حرام ہےاور غلط ہے، اگرچہ کشش ہے پر اس پر عمل کرنے کا ارادہ نہیں،اختیاری طور پر توبہ بھی کرتا ہوںاور قطعی ناجائز بھی مانتا ہوں، مسئلہ یہ ہے کہ یہ بات کسی سے نہیں کہہ سکتا ،اور شادی کرتا ہوںتو کشش نہ ہونے کی وجہ سے صحبت نہ کر پاؤں اور اس سے ایک لڑکی کی زندگی میری وجہ سے خراب ہو ،بدنامی کے ڈر سے نہ کسی لڑکی سے اور نہ اپنے والدین کو  بتا سکتا ہوں  ،ایسے میں میں کیا کروں ،شادی کروں یا والدین کو ناراض کروں ؟ براہِ مہربانی راہنمائی فرمائیں ۔</p>,"<p>اسلام نے فطری خواہشات میں غلو اور حدود سے تجاوز پر پابندی لگاتے ہوئے جہاں ہر ایسے غیر فطری تعلق کو ناجائز اور حرام قرار دیا ہے،جو معاشرے میں بے حیائی اور بے اعتدالی کا سبب بن رہا ہو، وہاں اس نے انسانی جذبات  اور فطری ضروریات کو ملحوظ رکھتے ہوئے نکاح کی نہ صرف اجازت دی ہے، بلکہ اس کی حوصلہ افزائی فرماکر اس کو سنت بلکہ بعض مواقع میں فرض و واجب قرار دیا ہے،  اس لیے کہ اگر انسان کی فطری ضرورتوں کے لیے جائز صورتیں نہ پیدا کی گئیں تو یہ بغاوت پر اتر کر جنسی بے راہ روی کا شکار ہو کر رہ جائے گا۔</p><p> چنانچہ حکیم الامت حضرت مولانا اشرف علی تھانوی نور اللہ مرقدہ نکاح کے مقاصد تحریر فرمانے کے بعد بطور خلاصہ لکھتے ہیں : یہ امر مفیدِ صحت ، اطمینان بخش، راحت رساں، سرور افزاء اور ترقی دارین کا سبب ہے،  اور ملک و قوم کے لیے اعلی ترین خدمات میں سے ہے،  بیماریوں سے بچانے، اور صدہا امراض سے محفوظ رکھنے کے لیے ایک حکیمی نسخہ ہے،  اگر یہ قانونِ الٰہی بنی آدم  میں نافذ نہ ہوتا، تو آج دنیا سنسان ہوتی،  نہ کوئی مکان، نہ کوئی باغ اور نہ کسی قوم کانشان باقی رہتا۔  (احکامِ اسلام عقل کی نظر میں:۱۳۷، ۱۳۸)</p><p>      لہٰذا صورتِ مسؤلہ میں آپ اگر حقوقِ زوجیت کے ادا کرنے پر قادر ہیں، تو آپ کے لیے صرف اس وہم کی بنیاد پر نکاح کو ترک کرنا کہ عورتوں کی طرف کشش نہیں ہے،  جائزنہیں،  بلکہ یہ محض شیطانی وسوسہ  اور دھوکہ ہے۔</p><p><code>وفي العنايةعلى هامش الفتح:</code></p><p><code>وابتدأ من بينها بالنكاح لأن فيه مصالح الدين و الدنيا،و قد اشتهرت في وعيد من رغب عنه و تحريض من رغب فيه الآثار ،و ما اتفق في حكم من أحكام الشرع مثل ما اتفق في النكاح من اجتماع دواعي الشرع و العقل و الطبع،فأما دواعي الشرع من الكتاب والسنة والإجماع فظاهرة، وأما دواعي العقل فإن كل عاقل يحب أن يبقى اسمه ولا يمحى رسمه وما ذاك غالبا إلا ببقاء النسل، وأما الطبع فإن الطبع البهيمي من الذكر والأنثى يدعو إلى تحقيق ما أعد من المباضعات الشهوانية والمضاجعات النفسانية ولا مزجرة فيها إذا كانت بأمر الشرع، وإن كانت بدواعي الطبع بل يؤجر عليه بخلاف سائر المشروعات. اهـ. (كتاب النكاح:3/176،175،ط:دار الكتب العلميه)</code></p><p><code>و في التبيين:</code></p><p><code>(قوله: وقد اجتمع فيه دواعي الشرع إلخ) فأما دواعي الشرع من الكتاب والسنة والإجماع فظاهرة، وأما دواعي العقل فإن كل عاقل يحب أن يبقى اسمه ولا يمحى رسمه وما ذاك غالبا إلا ببقاء النسل، وأما الطبع فإن الطبع البهيمي من الذكر والأنثى يدعو إلى تحقيق ما أعد من المباضعات الشهوانية والمضاجعات النفسانية ولا مزجرة فيها إذا كانت بأمر الشرع، وإن كانت بدواعي الطبع بل يؤجر عليه بخلاف سائر المشروعات. اهـ. أكمل.</code></p><p><code>(كتاب النكاح:2/445،444،ط:دار الكتب العلميه)</code></p><p><code>و في التنوير مع الدر:</code></p><p><code>( ويكون واجبا عند التوقان ) فإن تيقن الزنا إلا به فرض نهاية وهذا إن ملك المهر والنفقة وإلا فلا إثم بتركه  بدائع ( و ) يكون ( سنة ) مؤكدة في الأصح فيأثم بتركه ويثاب إن نوى تحصينا وولدا ( حال الاعتدال ) أي القدرة على وطء ومهر ونفقة ورجح في النهر وجوبه للمواظبة عليه والإنكار على من رغب عنه</code></p><p><code>و في الرد تحته:</code></p><p><code>قوله: (عند التوقان) مصدر تاقت نفسه إلى كذا: إذا اشتاقت من باب طلب.بحر عن المغرب.وهو بالفتحات الثلاث كالميلان والسيلان، والمراد شدة الاشتياق كما في الزيلعي: أي بحيث يخاف الوقوع في الزنا لو لم يتزوج، إذ لا يلزم من الاشتياق إلى الجماع الخوف المذكور بحر.قلت: وكذا فيما يظهر لو كان لا يمكنه منع نفسه عن النظر المحرم أو عن الاستمناء بالكف، فيجب التزوج وإن لم يخف الوقوع في الزنا.(كتاب النكاح:4/73،72،ط:رشيدية) </code>فقط واللہ اعلم بالصواب</p><p style=""text-align: right;""><strong>دارالافتاء جامعہ فاروقیہ کراچی</strong></p><p><strong>فتوی نمبر:171/12</strong></p>","<div class=""gdlr-core-text-box-item-content"" style=""text-transform: none ;""><h3 style=""text-align: right;"">عورتوں کی طرف کشش نہ ہونے وہم کی بناء پر ترکِ نکاح کا حکم</h3>
<h4 style=""text-align: right;"">سوال</h4>
<p>کیا فرماتے ہیں مفتیانِ کرام مندرجہ ذیل  مسئلہ کے بارے میں کہ میرا تعلق ایک اسلامی گھرانے سے ہے اور والدین انتہائی نیک ہیں،میں خود بفضل اللہ پکا نمازی اور دیندار ہوں ،اللہ کی توفیق سے میں کبھی بدفعلی میں نہیں پڑا ،چونکہ اب میری عمر ۲۵ سال سے اوپر ہے اور میرے والدین میری شادی کے لیے زور ڈال رہے ہیں،بالغ ہونے سے اب تک جنسی طور پر میری کشش صرف مردوں کی طرف ہے اور عورتوں کی طرف بالکل کشش نہیں ہے،میں جانتا ہوں اور مانتا ہوں کہ یہ حرام ہےاور غلط ہے، اگرچہ کشش ہے پر اس پر عمل کرنے کا ارادہ نہیں،اختیاری طور پر توبہ بھی کرتا ہوںاور قطعی ناجائز بھی مانتا ہوں، مسئلہ یہ ہے کہ یہ بات کسی سے نہیں کہہ سکتا ،اور شادی کرتا ہوںتو کشش نہ ہونے کی وجہ سے صحبت نہ کر پاؤں اور اس سے ایک لڑکی کی زندگی میری وجہ سے خراب ہو ،بدنامی کے ڈر سے نہ کسی لڑکی سے اور نہ اپنے والدین کو  بتا سکتا ہوں  ،ایسے میں میں کیا کروں ،شادی کروں یا والدین کو ناراض کروں ؟ براہِ مہربانی راہنمائی فرمائیں ۔</p>
<h4 style=""text-align: right;"">جواب </h4>
<p>اسلام نے فطری خواہشات میں غلو اور حدود سے تجاوز پر پابندی لگاتے ہوئے جہاں ہر ایسے غیر فطری تعلق کو ناجائز اور حرام قرار دیا ہے،جو معاشرے میں بے حیائی اور بے اعتدالی کا سبب بن رہا ہو، وہاں اس نے انسانی جذبات  اور فطری ضروریات کو ملحوظ رکھتے ہوئے نکاح کی نہ صرف اجازت دی ہے، بلکہ اس کی حوصلہ افزائی فرماکر اس کو سنت بلکہ بعض مواقع میں فرض و واجب قرار دیا ہے،  اس لیے کہ اگر انسان کی فطری ضرورتوں کے لیے جائز صورتیں نہ پیدا کی گئیں تو یہ بغاوت پر اتر کر جنسی بے راہ روی کا شکار ہو کر رہ جائے گا۔</p>
<p> چنانچہ حکیم الامت حضرت مولانا اشرف علی تھانوی نور اللہ مرقدہ نکاح کے مقاصد تحریر فرمانے کے بعد بطور خلاصہ لکھتے ہیں : یہ امر مفیدِ صحت ، اطمینان بخش، راحت رساں، سرور افزاء اور ترقی دارین کا سبب ہے،  اور ملک و قوم کے لیے اعلی ترین خدمات میں سے ہے،  بیماریوں سے بچانے، اور صدہا امراض سے محفوظ رکھنے کے لیے ایک حکیمی نسخہ ہے،  اگر یہ قانونِ الٰہی بنی آدم  میں نافذ نہ ہوتا، تو آج دنیا سنسان ہوتی،  نہ کوئی مکان، نہ کوئی باغ اور نہ کسی قوم کانشان باقی رہتا۔  (احکامِ اسلام عقل کی نظر میں:۱۳۷، ۱۳۸)</p>
<p>      لہٰذا صورتِ مسؤلہ میں آپ اگر حقوقِ زوجیت کے ادا کرنے پر قادر ہیں، تو آپ کے لیے صرف اس وہم کی بنیاد پر نکاح کو ترک کرنا کہ عورتوں کی طرف کشش نہیں ہے،  جائزنہیں،  بلکہ یہ محض شیطانی وسوسہ  اور دھوکہ ہے۔</p>
<p><code>وفي العنايةعلى هامش الفتح:</code></p>
<p><code>وابتدأ من بينها بالنكاح لأن فيه مصالح الدين و الدنيا،و قد اشتهرت في وعيد من رغب عنه و تحريض من رغب فيه الآثار ،و ما اتفق في حكم من أحكام الشرع مثل ما اتفق في النكاح من اجتماع دواعي الشرع و العقل و الطبع،فأما دواعي الشرع من الكتاب والسنة والإجماع فظاهرة، وأما دواعي العقل فإن كل عاقل يحب أن يبقى اسمه ولا يمحى رسمه وما ذاك غالبا إلا ببقاء النسل، وأما الطبع فإن الطبع البهيمي من الذكر والأنثى يدعو إلى تحقيق ما أعد من المباضعات الشهوانية والمضاجعات النفسانية ولا مزجرة فيها إذا كانت بأمر الشرع، وإن كانت بدواعي الطبع بل يؤجر عليه بخلاف سائر المشروعات. اهـ. (كتاب النكاح:3/176،175،ط:دار الكتب العلميه)</code></p>
<p><code>و في التبيين:</code></p>
<p><code>(قوله: وقد اجتمع فيه دواعي الشرع إلخ) فأما دواعي الشرع من الكتاب والسنة والإجماع فظاهرة، وأما دواعي العقل فإن كل عاقل يحب أن يبقى اسمه ولا يمحى رسمه وما ذاك غالبا إلا ببقاء النسل، وأما الطبع فإن الطبع البهيمي من الذكر والأنثى يدعو إلى تحقيق ما أعد من المباضعات الشهوانية والمضاجعات النفسانية ولا مزجرة فيها إذا كانت بأمر الشرع، وإن كانت بدواعي الطبع بل يؤجر عليه بخلاف سائر المشروعات. اهـ. أكمل.</code></p>
<p><code>(كتاب النكاح:2/445،444،ط:دار الكتب العلميه)</code></p>
<p><code>و في التنوير مع الدر:</code></p>
<p><code>( ويكون واجبا عند التوقان ) فإن تيقن الزنا إلا به فرض نهاية وهذا إن ملك المهر والنفقة وإلا فلا إثم بتركه  بدائع ( و ) يكون ( سنة ) مؤكدة في الأصح فيأثم بتركه ويثاب إن نوى تحصينا وولدا ( حال الاعتدال ) أي القدرة على وطء ومهر ونفقة ورجح في النهر وجوبه للمواظبة عليه والإنكار على من رغب عنه</code></p>
<p><code>و في الرد تحته:</code></p>
<p><code>قوله: (عند التوقان) مصدر تاقت نفسه إلى كذا: إذا اشتاقت من باب طلب.بحر عن المغرب.وهو بالفتحات الثلاث كالميلان والسيلان، والمراد شدة الاشتياق كما في الزيلعي: أي بحيث يخاف الوقوع في الزنا لو لم يتزوج، إذ لا يلزم من الاشتياق إلى الجماع الخوف المذكور بحر.قلت: وكذا فيما يظهر لو كان لا يمكنه منع نفسه عن النظر المحرم أو عن الاستمناء بالكف، فيجب التزوج وإن لم يخف الوقوع في الزنا.(كتاب النكاح:4/73،72،ط:رشيدية) </code>فقط واللہ اعلم بالصواب</p>
<p style=""text-align: right;""><strong>دارالافتاء جامعہ فاروقیہ کراچی</strong></p>
<p><strong>فتوی نمبر:171/12</strong></p>
</div>",farooqia.com
https://www.farooqia.com/course/%da%88%db%8c%d9%88%d9%b9%db%8c-%da%a9%db%92-%d9%81%d8%a7%d8%b1%d8%ba-%d8%a7%d9%88%d9%82%d8%a7%d8%aa-%d9%85%db%8c%da%ba-%d8%aa%d9%84%d8%a7%d9%88%d8%aa-%d8%a7%d9%88%d8%b1-%d9%85%d8%b7%d8%a7%d9%84%d8%b9/,ڈیوٹی کے فارغ اوقات میں تلاوت اور مطالعہ کرنا،ذاتی کاموں کے لیے آفس کا وائی فائی استعمال کرنا,0123456790,<p>کیا فرماتے ہیں مفتیانِ کرام مندرجہ ذیل مسائل  کے بارے میں کہ میں ایک نجی ادارے میں ملازمت کرتا ہوں،پوچھنا یہ ہے</p><p>۱۔  آفس میں فارغ اوقات میں آفس کے کمپیوٹر کو یا اپنے موبائل کو تلاوت ،مطالعہ  کرنے،بیان سننے یا عصری علوم (متعلقہ و غیر متعلقہ ) کے لیے استعمال کیا جاسکتا ہے؟</p><p>۲۔ آ فس کا وائی فائی اپنے ذاتی کاموں (فیس بک،واٹس ایپ وغیرہ ) کے لیے استعمال کیا جاسکتا ہے؟</p><p>نوٹ : مندرجہ بالا امور آفس کے معاہدے (اپائنٹمنٹ لیٹر ) میں موجود نہیں ہیں ۔</p>,"<p>۱۔ اگر آفس کے مالک کی طرف سے صراحتًا یا دلالتًااجازت ہو تو  آپ کے لیے فارغ اوقات میں آفس  کا کمپیوٹر  یا اپنا موبائل تلاوت ، مطالعہ اور بیان سننے یا عصری علوم کے لیے استعمال کرنا درست ہے۔</p><p>۲۔ آفس کا وائی فائی مالک کی اجازت سے اپنے ذاتی کاموں کے لیے  استعمال کرنا درست  ہے، بغیر اجازت  کے استعمال کرنا  درست نہیں۔</p><p><code>لما في الدرمع الرد:</code></p><p><code>وليس للخاص أن يعمل لغيره، ولو عمل نقص من أجرته بقدر ما عمل.</code></p><p><code>(قوله وليس للخاص أن يعمل لغيره) بل ولا أن يصلي النافلة. قال في التتارخانية: وفي فتاوى الفضلي وإذا استأجر رجلا يوما يعمل كذا فعليه أن يعمل ذلك العمل إلى تمام المدة ولا يشتغل بشيء آخر سوى المكتوبة وفي فتاوى سمرقند: وقد قال بعض مشايخنا له أن يؤدي السنة أيضا. واتفقوا أنه لا يؤدي نفلا.(كتاب الاجارة،باب ضمان الأجير:9118،ط:رشيدية)</code></p><p><code>وفي الدر:</code></p><p><code>لا يجوز التصرف في مال غيره بلا إذنه ولا ولايته. (كتاب الغصب،9334،رشيدية)</code>  فقط واللہ اعلم بالصواب</p><p style=""text-align: right;""><strong>دارالافتاء جامعہ فاروقیہ کراچی</strong></p><p><strong>فتوی نمبر:171/02,03</strong></p>","<div class=""gdlr-core-text-box-item-content"" style=""text-transform: none ;""><h3 style=""text-align: right;"">ڈیوٹی کے فارغ اوقات میں تلاوت اور مطالعہ کرنا،ذاتی کاموں کے لیے آفس کا وائی فائی استعمال کرنا</h3>
<h4 style=""text-align: right;"">سوال</h4>
<p>کیا فرماتے ہیں مفتیانِ کرام مندرجہ ذیل مسائل  کے بارے میں کہ میں ایک نجی ادارے میں ملازمت کرتا ہوں،پوچھنا یہ ہے</p>
<p>۱۔  آفس میں فارغ اوقات میں آفس کے کمپیوٹر کو یا اپنے موبائل کو تلاوت ،مطالعہ  کرنے،بیان سننے یا عصری علوم (متعلقہ و غیر متعلقہ ) کے لیے استعمال کیا جاسکتا ہے؟</p>
<p>۲۔ آ فس کا وائی فائی اپنے ذاتی کاموں (فیس بک،واٹس ایپ وغیرہ ) کے لیے استعمال کیا جاسکتا ہے؟</p>
<p>نوٹ : مندرجہ بالا امور آفس کے معاہدے (اپائنٹمنٹ لیٹر ) میں موجود نہیں ہیں ۔</p>
<h4 style=""text-align: right;"">جواب </h4>
<p>۱۔ اگر آفس کے مالک کی طرف سے صراحتًا یا دلالتًااجازت ہو تو  آپ کے لیے فارغ اوقات میں آفس  کا کمپیوٹر  یا اپنا موبائل تلاوت ، مطالعہ اور بیان سننے یا عصری علوم کے لیے استعمال کرنا درست ہے۔</p>
<p>۲۔ آفس کا وائی فائی مالک کی اجازت سے اپنے ذاتی کاموں کے لیے  استعمال کرنا درست  ہے، بغیر اجازت  کے استعمال کرنا  درست نہیں۔</p>
<p><code>لما في الدرمع الرد:</code></p>
<p><code>وليس للخاص أن يعمل لغيره، ولو عمل نقص من أجرته بقدر ما عمل.</code></p>
<p><code>(قوله وليس للخاص أن يعمل لغيره) بل ولا أن يصلي النافلة. قال في التتارخانية: وفي فتاوى الفضلي وإذا استأجر رجلا يوما يعمل كذا فعليه أن يعمل ذلك العمل إلى تمام المدة ولا يشتغل بشيء آخر سوى المكتوبة وفي فتاوى سمرقند: وقد قال بعض مشايخنا له أن يؤدي السنة أيضا. واتفقوا أنه لا يؤدي نفلا.(كتاب الاجارة،باب ضمان الأجير:9118،ط:رشيدية)</code></p>
<p><code>وفي الدر:</code></p>
<p><code>لا يجوز التصرف في مال غيره بلا إذنه ولا ولايته. (كتاب الغصب،9334،رشيدية)</code>  فقط واللہ اعلم بالصواب</p>
<p style=""text-align: right;""><strong>دارالافتاء جامعہ فاروقیہ کراچی</strong></p>
<p><strong>فتوی نمبر:171/02,03</strong></p>
</div>",farooqia.com
https://www.farooqia.com/course/%d9%85%d8%af%d8%b1%d8%b3%db%92-%d9%88%d8%a7%d9%84%d9%88%da%ba-%da%a9%d8%a7-%d9%85%d9%88%d8%a8%d8%a7%d8%a6%d9%84-%d8%aa%d9%88%da%91%d9%86%db%92-%da%a9%d8%a7-%d8%b6%d8%a7%d8%a8%d8%b7%db%81-%d8%a8-2/,مدرسے والوں کا موبائل توڑنے کا ضابطہ بنانا،اور توڑنے کا ضمان کس پر آئے گا؟,0123456790,,"<p>۱۔ مدرسہ والوں کے لیے ایسا ضابطہ بنانے کی شرعی حیثیت من جملہ احکام شرعیہ ثمانیہ(فرض، واجب، سنت، مستحب، مباح، مکروہ تنزیہی، مکروہ تحریمی ،حرام) کے کیا ہے؟</p><p>۲۔  طلبہ کرام کے خلاف ورزی کرنے پر اچانک چھاپہ مارنااور انہیں ذہنی تشویش میں مبتلا کرنا کیسا ہے؟</p><p>۳۔   طلبہ کرام سے موبائل لے کر انہیں توڑنے کیا حکم ہے؟</p><p>۴۔ موبائل توڑنے پر ضمان کس پر آئے گی مدرسہ پر یا توڑنے والے پر؟</p><p>۵۔   اب تک جن طلبہ کرام کے موبائل توڑے اور وہ طلبہ کرام مدرسہ سے الوداع ہوچکے اور ان کے متعلق معلوم نہیں ہوسکتا تو اس کی تلافی کی کیا صورت ہے، جبکہ وہ طلبہ کرام کسی صورت میں معاف کرنے کو تیار نہ ہوں؟</p><p>۶۔  کیا مدرسہ والوں کے لیے ایسا کرنا جائز ہے کہ موبائل لے کر انہیں بیچ  کر رقم مدرسہ میں جمع کرادیں؟ یا ایسا ضابطہ  بنانے کی شرعی حیثیت کیا ہے؟</p><p>۱۔واضح رہے کہ منتظمینِ مدارس کےلیے طلبہ کی علمی و عملی استعداد کو پختہ اور مضبوط بنانے کے لیے  ایسے قواعد و ضوابط تشکیل  دینا، جس  میں خالصتاً طلبہ کی بہترتربیت اور   اصلاح پیشِ نظر   ہو ،نا صرف جائز،بلکہ  طلبہ اور منتظمین مدارس  دونوں کے حق میں انتہائی  مفید بھی ہے۔</p><p>۲۔  درست ہے،تاکہ طلبہ کسی بھی وقت مدرسے کے ضوابط کی خلاف ورزی کا ارتکاب نہ کریں۔</p><p>۳۔  درست نہیں ہے،بلکہ اس کی بجائے وہ موبائل اپنی تحویل میں لے لیا جائے،مدرسے سے جاتے وقت ،یا اس سے پہلے مناسب تنبیہ کےبعد  اس طالب علم کو واپس کردیا جائے۔</p><p>۴۔ضمان توڑنے والے پر آئے گا۔</p><p>۵۔  حتی الامکان ان کو تلاش کر کےوہ موبائل  ان کے حوالے کیا جائے،بصورتِ دیگر  اس کو   بیچ کررقم اس طالب علم کی طرف سے کسی مستحق   پر  صدقہ کردی جائے۔</p><p>۶۔ ایسا کرنا تعزیرِ مالی کے زمرے میں آئےگا،لہذا ایسا ضابطہ  نہ بنایا  جائے،بلکہ مذکورہ بالا ضابطہ(وہ موبائل اپنی تحویل میں لے لیا جائے،مدرسے سے جاتے وقت ،یا اس سے پہلے مناسب تنبیہ کے بعداس طالب علم کو  واپس کردیا جائے) ہی زیادہ کارآمد اور مفید ہے۔</p><p><code>لما في الشامية:</code></p><p><code>وأفاد في البزازية أن معنى التعزير بأخذ المال على القول به إمساك شيء من ماله عند مدة لينزجر ثم يعيده الحاكم إليه لا أن يأخذه الحاكم لنفسه أو لبيت المال كما يتوهمه الظلمة إذ لا يجوز لأحد من المسلمين أخذ مال أحد بغير سبب شرعي وفي المجتبى لم يذكر كيفية الأخذ ورأى أن يأخذها فيمسكها فإن أيس من توبته يصرفها إلى ما يرى... والحاصل أن المذهب عدم التعزير بأخذ المال (باب التعزير،مطلب: في التعزيربأخذ المال،698،ط:رشيدية)</code></p><p><code>و في شرح القواعد الفقهية:</code></p><p><code>' المباشر ' للفعل ' ضامن ' لما تلف بفعله إذا كان متعدياً فيه ، ويكفي لكونه متعدياً أن يتصل فعله في غير ملكه بمالا مسوغ له فيه سواء كان نفس الفعل سائغاً....أو غيرسائغ ...' وإن لم يتعمد ' الإتلاف ، لأن الخطأ يرفع عنه إثم مباشرة الإتلاف ولا يرفع عنه ضمان المتلف بعد أن كان متعدياً.( ( القاعدة الحادية والتسعون ( المادة / 92 ،ص:453،دارالقلم) )</code></p><p><code>وفي مجمع الضمانات:</code></p><p><code>""المباشر ضامن وإن لم يتعد والمتسبب لا إلإ إذا كان متعديا"".  (الباب الحادي عشر،الفصل الرابع،ص: 34،رشيدية)</code></p><p><code>وفي المجلّة:</code></p><p><code>( المادة 416 )الضمان هو إعطاء مثل الشيء إن كان من المثليات وقيمته إن كان من القيميات.(ص:267،دار ابن حزم)</code> فقط واللہ اعلم بالصواب</p><p style=""text-align: right;""><strong>دارالافتاء جامعہ فاروقیہ کراچی</strong></p><p><strong>فتوی نمبر:170/348,51</strong></p>","<div class=""gdlr-core-text-box-item-content"" style=""text-transform: none ;""><h3 style=""text-align: right;"">مدرسے والوں کا موبائل توڑنے کا ضابطہ بنانا،اور توڑنے کا ضمان کس پر آئے گا؟</h3>
<h4 style=""text-align: right;"">سوال</h4>
<p>ایک  مسئلہ میں شرعی حکم معلوم کرنا ہے،  وہ یہ کہ ایک دینی مدرسہ میں طلبہ کرام کے لیے من جملہ شرائط و ضوابط کے ایک  ضابطہ یہ ہے کہ طلبہ کرام کے لیے سمارٹ موبائل فون  رکھنے کی ممانعت ہے،  جس طالب علم سے سمارٹ موبائل پکڑا گیا اس سے ضبط کرلیا جائے گا،   اور ایک مخصوص مدت کے بعد مثلاً سال کے آخر میں واپس کیا جائے گا،  مدرسہ کے ایک استاذ  صاحب  دامت فیوضہ کی یہ عادتِ شریفہ ہے کہ وہ  غیر تعلیمی اوقات میں اچانک کسی ایسے وقت میں طلبہ  کے درمیان چھاپہ مارتے ہیں جس وقت کے متعلق طلبہ کا خیال  یہ ہوتا ہے کہ اس وقت کوئی استاذ ہماری طرف نہیں آئے گا،  اور طلبہ سے موبائل لے کر ان کے سامنے توڑدیتے ہیں،  اب موجودہ صورتِ حال کو سامنے رکھتے ہوئے چند سوالات کے جوابات شریعت ِمحمدی علی صاحبھا الف الف صلوات و تسلیمات کی روشنی میں عنایت فرماکر شکریہ  کا موقع عنایت فرمائیں:</p>
<p>۱۔ مدرسہ والوں کے لیے ایسا ضابطہ بنانے کی شرعی حیثیت من جملہ احکام شرعیہ ثمانیہ(فرض، واجب، سنت، مستحب، مباح، مکروہ تنزیہی، مکروہ تحریمی ،حرام) کے کیا ہے؟</p>
<p>۲۔  طلبہ کرام کے خلاف ورزی کرنے پر اچانک چھاپہ مارنااور انہیں ذہنی تشویش میں مبتلا کرنا کیسا ہے؟</p>
<p>۳۔   طلبہ کرام سے موبائل لے کر انہیں توڑنے کیا حکم ہے؟</p>
<p>۴۔ موبائل توڑنے پر ضمان کس پر آئے گی مدرسہ پر یا توڑنے والے پر؟</p>
<p>۵۔   اب تک جن طلبہ کرام کے موبائل توڑے اور وہ طلبہ کرام مدرسہ سے الوداع ہوچکے اور ان کے متعلق معلوم نہیں ہوسکتا تو اس کی تلافی کی کیا صورت ہے، جبکہ وہ طلبہ کرام کسی صورت میں معاف کرنے کو تیار نہ ہوں؟</p>
<p>۶۔  کیا مدرسہ والوں کے لیے ایسا کرنا جائز ہے کہ موبائل لے کر انہیں بیچ  کر رقم مدرسہ میں جمع کرادیں؟ یا ایسا ضابطہ  بنانے کی شرعی حیثیت کیا ہے؟</p>
<p>         مذکورہ بالا سوالات کے شریعت مطہرہ کی روشنی میں جوابات عنایت فرمائیں۔  شکریہ ۔</p>
<h4 style=""text-align: right;"">جواب </h4>
<p>۱۔واضح رہے کہ منتظمینِ مدارس کےلیے طلبہ کی علمی و عملی استعداد کو پختہ اور مضبوط بنانے کے لیے  ایسے قواعد و ضوابط تشکیل  دینا، جس  میں خالصتاً طلبہ کی بہترتربیت اور   اصلاح پیشِ نظر   ہو ،نا صرف جائز،بلکہ  طلبہ اور منتظمین مدارس  دونوں کے حق میں انتہائی  مفید بھی ہے۔</p>
<p>۲۔  درست ہے،تاکہ طلبہ کسی بھی وقت مدرسے کے ضوابط کی خلاف ورزی کا ارتکاب نہ کریں۔</p>
<p>۳۔  درست نہیں ہے،بلکہ اس کی بجائے وہ موبائل اپنی تحویل میں لے لیا جائے،مدرسے سے جاتے وقت ،یا اس سے پہلے مناسب تنبیہ کےبعد  اس طالب علم کو واپس کردیا جائے۔</p>
<p>۴۔ضمان توڑنے والے پر آئے گا۔</p>
<p>۵۔  حتی الامکان ان کو تلاش کر کےوہ موبائل  ان کے حوالے کیا جائے،بصورتِ دیگر  اس کو   بیچ کررقم اس طالب علم کی طرف سے کسی مستحق   پر  صدقہ کردی جائے۔</p>
<p>۶۔ ایسا کرنا تعزیرِ مالی کے زمرے میں آئےگا،لہذا ایسا ضابطہ  نہ بنایا  جائے،بلکہ مذکورہ بالا ضابطہ(وہ موبائل اپنی تحویل میں لے لیا جائے،مدرسے سے جاتے وقت ،یا اس سے پہلے مناسب تنبیہ کے بعداس طالب علم کو  واپس کردیا جائے) ہی زیادہ کارآمد اور مفید ہے۔</p>
<p><code>لما في الشامية:</code></p>
<p><code>وأفاد في البزازية أن معنى التعزير بأخذ المال على القول به إمساك شيء من ماله عند مدة لينزجر ثم يعيده الحاكم إليه لا أن يأخذه الحاكم لنفسه أو لبيت المال كما يتوهمه الظلمة إذ لا يجوز لأحد من المسلمين أخذ مال أحد بغير سبب شرعي وفي المجتبى لم يذكر كيفية الأخذ ورأى أن يأخذها فيمسكها فإن أيس من توبته يصرفها إلى ما يرى... والحاصل أن المذهب عدم التعزير بأخذ المال (باب التعزير،مطلب: في التعزيربأخذ المال،698،ط:رشيدية)</code></p>
<p><code>و في شرح القواعد الفقهية:</code></p>
<p><code>' المباشر ' للفعل ' ضامن ' لما تلف بفعله إذا كان متعدياً فيه ، ويكفي لكونه متعدياً أن يتصل فعله في غير ملكه بمالا مسوغ له فيه سواء كان نفس الفعل سائغاً....أو غيرسائغ ...' وإن لم يتعمد ' الإتلاف ، لأن الخطأ يرفع عنه إثم مباشرة الإتلاف ولا يرفع عنه ضمان المتلف بعد أن كان متعدياً.( ( القاعدة الحادية والتسعون ( المادة / 92 ،ص:453،دارالقلم) )</code></p>
<p><code>وفي مجمع الضمانات:</code></p>
<p><code>""المباشر ضامن وإن لم يتعد والمتسبب لا إلإ إذا كان متعديا"".  (الباب الحادي عشر،الفصل الرابع،ص: 34،رشيدية)</code></p>
<p><code>وفي المجلّة:</code></p>
<p><code>( المادة 416 )الضمان هو إعطاء مثل الشيء إن كان من المثليات وقيمته إن كان من القيميات.(ص:267،دار ابن حزم)</code> فقط واللہ اعلم بالصواب</p>
<p style=""text-align: right;""><strong>دارالافتاء جامعہ فاروقیہ کراچی</strong></p>
<p><strong>فتوی نمبر:170/348,51</strong></p>
</div>",farooqia.com
https://www.farooqia.com/course/%d8%b9%d9%88%d8%b1%d8%aa%d9%88%da%ba-%da%a9%d8%a7-%d9%82%d8%a8%d8%b1%d8%b3%d8%aa%d8%a7%d9%86-%d8%ac%d8%a7%d9%86%db%92-%da%a9%db%92-%d9%84%db%8c%db%92-%d8%ac%d9%85%d8%b9%db%81-%da%a9%db%92-%d8%af%d9%86/,عورتوں کا قبرستان جانے کے لیے جمعہ کے دن کو خاص کرنا،کھانا بھی ساتھ لے جانا,0123456790,<p>کیا فرماتے ہیں مفتیان کرام مندرجہ ذیل  مسئلہ کے بارے میں کہ ہمارے علاقے میں  عورتیں ہر جمعہ کی صبح کو قبرستان جاتی ہیں،تو عورتوں کا قبرستان جانا کیسا ہے؟اور جمعہ کے دن کو خاص کر کے جانا  اور وہاں  قبر  پر کھانے کی چیزیں لے کر جانا، شریعت کی رو سے کیسا ہے؟  نیز یہ کھانے کی چیزیں قبر پر رکھ دی جاتی ہیں جسے بعد میں بچے آ کر اٹھا لیتے ہیں.</p>,"<p>قبرستان جانے کےلیے جمعہ کے دن تخصیص  کرنا اور کھانے  کی چیزیں  قبرستان  لے جا کر  قبروں پر ڈالنا  شرعاً  درست نہیں، نیز جوان عورتوں  کا قبرستان جانا  بھی جائز نہیں  ،البتہ بوڑھی عورتیں اگر امور شرع  کی رعایت کے ساتھ جائیں  تو اس کی گنجائش ہے۔</p><p><code>لما في البحر :</code></p><p><code>ولأن ذكر الله تعالى إذا قصد به التخصيص بوقت دون وقت أو بشيء دون شيء لم يكن مشروعا حيث لم يرد الشرع به ؛ لأنه خلاف المشروع .(كتاب الصلاة،باب العيدين،2279،رشيدية)</code></p><p><code>وفي الرد:</code></p><p><code>""ويكره اتخاذ الضيافة من الطعام من أهل الميت لأنه شرع في السرور لا في الشرور وهي بدعة مستقبحة .... وبعد الأسبوع ونقل الطعام إلى القبر في المواسم"".</code></p><p><code>(كتاب الصلاة،مطلب:في كراهية الضيافة من أهل الميت،3176،رشيدية)</code></p><p><code>وفي عمدة القاري:</code></p><p><code>وإما الشواب فلا يؤمن من الفتنة عليهن وبهن حيث خرجن ولا شيء للمرأة أحسن من لزوم قعر بيتها ولقد كره أكثر العلماء خروجهن إلى الصلوات فكيف إلى المقابر.(كتاب الجنائز،باب زيارة القبور،8100،دارالكتب)</code> فقط واللہ اعلم بالصواب</p><p style=""text-align: right;""><strong>دارالافتاء جامعہ فاروقیہ کراچی</strong></p><p><strong>فتوی نمبر:170/318</strong></p>","<div class=""gdlr-core-text-box-item-content"" style=""text-transform: none ;""><h3 style=""text-align: right;"">عورتوں کا قبرستان جانے کے لیے جمعہ کے دن کو خاص کرنا،کھانا بھی ساتھ لے جانا</h3>
<h4 style=""text-align: right;"">سوال</h4>
<p>کیا فرماتے ہیں مفتیان کرام مندرجہ ذیل  مسئلہ کے بارے میں کہ ہمارے علاقے میں  عورتیں ہر جمعہ کی صبح کو قبرستان جاتی ہیں،تو عورتوں کا قبرستان جانا کیسا ہے؟اور جمعہ کے دن کو خاص کر کے جانا  اور وہاں  قبر  پر کھانے کی چیزیں لے کر جانا، شریعت کی رو سے کیسا ہے؟  نیز یہ کھانے کی چیزیں قبر پر رکھ دی جاتی ہیں جسے بعد میں بچے آ کر اٹھا لیتے ہیں.</p>
<h4 style=""text-align: right;"">جواب </h4>
<p>قبرستان جانے کےلیے جمعہ کے دن تخصیص  کرنا اور کھانے  کی چیزیں  قبرستان  لے جا کر  قبروں پر ڈالنا  شرعاً  درست نہیں، نیز جوان عورتوں  کا قبرستان جانا  بھی جائز نہیں  ،البتہ بوڑھی عورتیں اگر امور شرع  کی رعایت کے ساتھ جائیں  تو اس کی گنجائش ہے۔</p>
<p><code>لما في البحر :</code></p>
<p><code>ولأن ذكر الله تعالى إذا قصد به التخصيص بوقت دون وقت أو بشيء دون شيء لم يكن مشروعا حيث لم يرد الشرع به ؛ لأنه خلاف المشروع .(كتاب الصلاة،باب العيدين،2279،رشيدية)</code></p>
<p><code>وفي الرد:</code></p>
<p><code>""ويكره اتخاذ الضيافة من الطعام من أهل الميت لأنه شرع في السرور لا في الشرور وهي بدعة مستقبحة .... وبعد الأسبوع ونقل الطعام إلى القبر في المواسم"".</code></p>
<p><code>(كتاب الصلاة،مطلب:في كراهية الضيافة من أهل الميت،3176،رشيدية)</code></p>
<p><code>وفي عمدة القاري:</code></p>
<p><code>وإما الشواب فلا يؤمن من الفتنة عليهن وبهن حيث خرجن ولا شيء للمرأة أحسن من لزوم قعر بيتها ولقد كره أكثر العلماء خروجهن إلى الصلوات فكيف إلى المقابر.(كتاب الجنائز،باب زيارة القبور،8100،دارالكتب)</code> فقط واللہ اعلم بالصواب</p>
<p style=""text-align: right;""><strong>دارالافتاء جامعہ فاروقیہ کراچی</strong></p>
<p><strong>فتوی نمبر:170/318</strong></p>
</div>",farooqia.com
https://www.farooqia.com/course/%d9%85%da%a9%d8%a7%d8%aa%d8%a8-%d9%88-%d9%85%d8%af%d8%a7%d8%b1%d8%b3-%d9%85%db%8c%da%ba-%d8%a7%d8%b3%d8%a7%d8%aa%d8%b0%db%81-%d8%b7%d9%84%d8%a8%db%81-%da%a9%d9%88-%da%a9%d8%b3-%d8%ad%d8%af-%d8%aa/,مکاتب و مدارس میں اساتذہ طلبہ کو کس حد تک مار سکتے ہیں,0123456790,<p>کیا فرماتے ہیں مفتیان کرام مندرجہ ذیل  مسئلہ کے بارے میں کہ اساتذہ کرام کا   مکاتب و مدارس میں  طلبہ و بچوں کی  پٹائی کرنا  کیسا ہے ؟ کس حد تک کر سکتے ہیں برائے  تنبیہ  ؟ شرعی اعتبار سے راہنمائی فرمائیں ۔ شکریہ</p>,"<p>  واضح رہے کہ  تعلیم و تربیت کے حوالے سے استاد کسی غفلت  اور کوتاہی  پر  طالب علم  کی تادیباً پٹائی کرسکتا ہے،لیکن اس بارے میں اوّلاً زبانی تنبیہ  ہونی چاہیے اور اگر اس پر بھی نہ مانے  تو غفلت اور کوتاہی کی نوعیت اور طالب علم کی طبیعت ،تحّمل اور برداشت کے مناسب کوئی سزا دی جاسکتی ہے، البتہ اس بارے میں سزا کی دیگر حدود و شرائط کا لحاظ رکھنا بھی ضروری ہے  ان میں سے چند شرائط مندرجہ ذیل ہیں:</p><p>۱۔ تین ضرب سے زیادہ نہ مارے ۔</p><p>۲۔ چہرے اور اس جیسے نازک اعضاء پر نہ مارے۔</p><p>۳۔ بچہ اس ضرب اور سزا کا متحمل ہو۔</p><p>۴۔ استاد کی ضرب اور پٹائی سے مقصود بچے کی اصلاح و تربیت ہو ۔</p><p>۵۔ ضرب اور پٹائی  ذاتی غرض اور غصّہ کی وجہ سے نہ ہو۔</p><p>۶۔ ضرب اور پٹائی لکڑی سے نہ ہو۔</p><p>لہذا  مذکورہ بالا  شرائط میں  سے اگر کوئی شرط  مفقود ہوجائے ،تو یہ ضرب اور پٹائی درست نہیں  ہوگی۔</p><p><code>لما في الرد:</code></p><p><code>قوله ( بيد ) أي ولا يجاوز الثلاث وكذلك المعلم ليس له أن يجاوزها . قال عليه الصلاة والسلام لمرداس المعلم</code></p><p><code>"" إياك أن تضرب فوق الثلاث فإنك إذا ضربت فوق الثلاث قتص لله منك"" ا هـ ....... قوله ( لا بخشبة ) أي عصا ومقتضى قوله بيد أن يراد بالخشبة ما هو الأعم منها ومن السوط أفاده ط  قوله ( لحديث الخ ) استدلال على الضرب المطلق وأما كونه لا بخشبة فلأن الضرب بها ورد في جناية المكلف ا ه    (كتاب الصلاة،27،رشيدية)</code></p><p><code>وفي سنن أبي داؤد:</code></p><p><code>عَنْ أَبِيهِ عَنْ أَبِى هُرَيْرَةَ عَنِ النَّبِىِّ -صلى الله عليه وسلم- قَالَ « إِذَا ضَرَبَ أَحَدُكُمْ فَلْيَتَّقِ الْوَجْهَ ».(كتاب الحدود،باب في التعزير:رقم الحديث:4493،دارالسلام)</code></p><p><code>وفي البحرالرائق:</code></p><p><code>فهذا تنصيص على عدم جواز ضرب ولد الآمر بأمره بخلاف المعلم لأن المأمور بضربه نيابة عن الأب لمصلحته والمعلم يضربه بحكم الملك بتمليك أبيه لمصلحة العلم. (كتاب الحدود، باب حد القذف،583،رشيدية)</code> فقط واللہ اعلم بالصواب</p><p style=""text-align: right;""><strong>دارالافتاء جامعہ فاروقیہ کراچی</strong></p><p><strong>فتوی نمبر:170/316</strong></p>","<div class=""gdlr-core-text-box-item-content"" style=""text-transform: none ;""><h3 style=""text-align: right;"">مکاتب و مدارس میں اساتذہ طلبہ کو کس حد تک مار سکتے ہیں</h3>
<h4 style=""text-align: right;"">سوال</h4>
<p>کیا فرماتے ہیں مفتیان کرام مندرجہ ذیل  مسئلہ کے بارے میں کہ اساتذہ کرام کا   مکاتب و مدارس میں  طلبہ و بچوں کی  پٹائی کرنا  کیسا ہے ؟ کس حد تک کر سکتے ہیں برائے  تنبیہ  ؟ شرعی اعتبار سے راہنمائی فرمائیں ۔ شکریہ</p>
<h4 style=""text-align: right;"">جواب </h4>
<p>  واضح رہے کہ  تعلیم و تربیت کے حوالے سے استاد کسی غفلت  اور کوتاہی  پر  طالب علم  کی تادیباً پٹائی کرسکتا ہے،لیکن اس بارے میں اوّلاً زبانی تنبیہ  ہونی چاہیے اور اگر اس پر بھی نہ مانے  تو غفلت اور کوتاہی کی نوعیت اور طالب علم کی طبیعت ،تحّمل اور برداشت کے مناسب کوئی سزا دی جاسکتی ہے، البتہ اس بارے میں سزا کی دیگر حدود و شرائط کا لحاظ رکھنا بھی ضروری ہے  ان میں سے چند شرائط مندرجہ ذیل ہیں:</p>
<p>۱۔ تین ضرب سے زیادہ نہ مارے ۔</p>
<p>۲۔ چہرے اور اس جیسے نازک اعضاء پر نہ مارے۔</p>
<p>۳۔ بچہ اس ضرب اور سزا کا متحمل ہو۔</p>
<p>۴۔ استاد کی ضرب اور پٹائی سے مقصود بچے کی اصلاح و تربیت ہو ۔</p>
<p>۵۔ ضرب اور پٹائی  ذاتی غرض اور غصّہ کی وجہ سے نہ ہو۔</p>
<p>۶۔ ضرب اور پٹائی لکڑی سے نہ ہو۔</p>
<p>لہذا  مذکورہ بالا  شرائط میں  سے اگر کوئی شرط  مفقود ہوجائے ،تو یہ ضرب اور پٹائی درست نہیں  ہوگی۔</p>
<p><code>لما في الرد:</code></p>
<p><code>قوله ( بيد ) أي ولا يجاوز الثلاث وكذلك المعلم ليس له أن يجاوزها . قال عليه الصلاة والسلام لمرداس المعلم</code></p>
<p><code>"" إياك أن تضرب فوق الثلاث فإنك إذا ضربت فوق الثلاث قتص لله منك"" ا هـ ....... قوله ( لا بخشبة ) أي عصا ومقتضى قوله بيد أن يراد بالخشبة ما هو الأعم منها ومن السوط أفاده ط  قوله ( لحديث الخ ) استدلال على الضرب المطلق وأما كونه لا بخشبة فلأن الضرب بها ورد في جناية المكلف ا ه    (كتاب الصلاة،27،رشيدية)</code></p>
<p><code>وفي سنن أبي داؤد:</code></p>
<p><code>عَنْ أَبِيهِ عَنْ أَبِى هُرَيْرَةَ عَنِ النَّبِىِّ -صلى الله عليه وسلم- قَالَ « إِذَا ضَرَبَ أَحَدُكُمْ فَلْيَتَّقِ الْوَجْهَ ».(كتاب الحدود،باب في التعزير:رقم الحديث:4493،دارالسلام)</code></p>
<p><code>وفي البحرالرائق:</code></p>
<p><code>فهذا تنصيص على عدم جواز ضرب ولد الآمر بأمره بخلاف المعلم لأن المأمور بضربه نيابة عن الأب لمصلحته والمعلم يضربه بحكم الملك بتمليك أبيه لمصلحة العلم. (كتاب الحدود، باب حد القذف،583،رشيدية)</code> فقط واللہ اعلم بالصواب</p>
<p style=""text-align: right;""><strong>دارالافتاء جامعہ فاروقیہ کراچی</strong></p>
<p><strong>فتوی نمبر:170/316</strong></p>
</div>",farooqia.com
https://www.farooqia.com/course/%d8%a8%da%91%db%92-%d8%a8%da%be%d8%a7%d8%a6%db%8c-%da%a9%db%8c-%d9%85%d9%88%d8%ac%d9%88%d8%af%da%af%db%8c-%d9%85%db%8c%da%ba-%da%86%da%be%d9%88%d9%b9%db%92-%d8%a8%da%be%d8%a7%d8%a6%db%8c-%da%a9%d8%a7/,بڑے بھائی کی موجودگی میں چھوٹے بھائی کا امر بالمعروف کرنا,0123456790,<p>کیا فرماتے ہیں مفتیانِ کرام مندرجہ ذیل  مسئلہ کے بارے میں کہ گھر میں سرپرست موجود ہیں،لیکن چھوٹا بھائی کوئی قانون نافذ کرنا چاہے ،مثلاً بچے فلاں وقت موبائل استعمال کریں گے،فلاں وقت استعمال نہیں کریں گے، فلاں وقت میں گھر سے باہر جائیں گے،کیا اس طرح امر بالمعروف کرنا سرپرست کے ہوتے ہوئے جائز ہے کہ نہیں؟ جبکہ سرپرست اس معاملے میں تھوڑا غافل بھی ہو،راہنمائی فرمائیں ۔ شکریہ</p>,"<p>واضح رہے کہ اولاد کی تربیت کرنا والدین کا اہم فریضہ ہے،قرآن وحدیث میں بہت تاکید کے ساتھ اس کو بیان کیا گیا ہے،حدیث مبارکہ میں ہے کہ:‘‘تم میں سے ہر آدمی نگہبان ہے اور اس کے بارے میں تم سے پوچھا جائے گا’’، لہٰذا سرپرست کو چاہئے کہ بچوں کی تربیت پر خصوصی توجہ دےاور ان کی تربیت کے بارے میں اسلامی تعلیمات کے مطابق ہر ممکن کوشش کرے اور اس میں غفلت نہ برتے،ان کو ہر اس کام سے منع کرے جس میں ان کا دینی اور دنیاوی نقصان ہو،یا ان کا مستقبل برباد ہورہا ہو،بالخصوص آج کل کے زمانے میں جہاں فتنوں کا سیلاب اُمڈ آیا ہے،ہر طرف فتنے ہی فتنے ہیں، ان میں سے خاص کر موبائل فون کا فتنہ جو دینی اور دنیاوی دونوں لحاظ سے بہت ہی خطرناک ہے، اور یہ بچوں کا مستقبل برباد کردیتا ہے، لہٰذا سرپرست کو چاہئے کہ وہ بچوں کی تربیت میں محتاط رہے، کسی طرح کی کوتاہی نہ کرے،لیکن وقت کے اس اہم تقاضے کے باوجود سرپرست اگر غفلت سے کام لیتا ہے اور اپنی ذمہ داری پوری نہیں کرتا،توایسے موقع پر گھر کے دوسرے فرد کو چاہئےکہ وہ اس پر توجہ دیں اور حکمت عملی کے ساتھ ان کی تربیت کی ذمہ داری کو نبھائے کہ جس میں اپنے بڑوں ،مثلاً: بھائی وغیرہ کے ساتھ ناراضگی بھی پیدا نہ ہو اور بچوں کی بھی اس میں بہترین تربیت ہوجائے۔</p><p>         لہٰذا صورت مسئولہ میں چھوٹے بھائی کا بڑے بھائی کے ہوتے ہوئے جو کہ غفلت سے کام لیتا ہے، بچوں کی تربیت کے حوالے سے ا ن پر ایسی پابندیاں لگانا جس میں بچوں کا دینی اور دنیاوی فائدہ ہو،درست ہے۔</p><p><code>لما في القرآن الکریم:</code></p><p><code>﴿يَاأَيُّهَا الَّذِينَ آمَنُوا قُوا أَنْفُسَكُمْ وَأَهْلِيكُمْ نَارًا وَقُودُهَا النَّاسُ وَالْحِجَارَةُ عَلَيْهَا مَلَائِكَةٌ غِلَاظٌ شِدَادٌ لَا يَعْصُونَ اللَّهَ مَا أَمَرَهُمْ وَيَفْعَلُونَ مَا يُؤْمَرُونَ﴾.(سورة التحریم:6).</code></p><p><code>وفي صحیح البخاري:</code></p><p><code>عن عبد الله بن عمر رضي الله عنهما:أن رسول الله صلى الله عليه و سلم قال: ألا كلكم راع وكلكم مسؤول عن رعيته فالإمام الذي على الناس راع وهو مسؤول عن رعيته،والرجل راع على أهل بيته وهو مسؤول عن رعيته والمرأة راعية على أهل بيت زوجها وولده وهي مسؤولة عنهم…(کتاب الأحکام،باب قول الله تعالیٰ:أطیعوا الله وأطیعوا الرسول…..)[رقم الحدیث:7138]، 1/1229، ط:دارالسلام).</code></p><p><code>وفي مرقاة المفاتیح:</code></p><p><code>إذا كان المنكر حراما وجب الزجر عنه، وإذا كان مكروها ندب، والأمر بالمعروف أيضا تبع لما يؤمر به، فإن وجب فواجب، وإن ندب فمندوب، ولم يتعرض له في الحديث لأن النهي عن المنكر شامل له، إذ النهي عن الشيء أمر بضده، وضد المنهي إما واجب أو مندوب أو مباح والكل معروف، ۔۔۔۔۔۔۔۔ ومن تمكن منه وتركه بلا عذر أثم، وقد يتعين كما إذا كان في موضع لا يعلم به إلا هو، أو لا يتمكن من إزالته إلا هو، وكمن يرى زوجته أو ولده أو غلامه على منكر. قالوا: ولا يسقط عن المكلف لظنه أن لا يفيد، بل يجب عليه فعله، فإن الذكرى تنفع المؤمنين، وما على الرسول إلا البلاغ المبين.(کتاب الأداب،باب الأمر بالمعروف:8/862،863،ط:رشیدية).</code></p><p><code>وفي عمدة القاري:</code></p><p><code>قوله: (كلكم راع) أصل راع راعي فاعل إعلال قاض من رعى رعاية وهو حفظ الشيء وحسن التعهد له والراعي هو الحافظ المؤتمن الملتزم صلاح ما قام عليه وما هو تحت نظره، فكل من كان تحت نظره شيء فهو مطلوب بالعدل فيه والقيام بمصالحه في دينه ودنياه ومتعلقاته فإن وفى ما عليه من الرعاية حصل له الحظ الأوفر والجزاء الأكبر وإن كان غير ذلك طالبه كل أحد من رعيته بحقه.(کتاب الجمعة،باب الجمعة في القری والمدن:6/274، ط:دارالکتب العلمية،بیروت)</code> فقط واللہ اعلم بالصواب</p><p style=""text-align: right;""><strong>دارالافتاء جامعہ فاروقیہ کراچی</strong></p><p><strong>فتوی نمبر:170/315</strong></p>","<div class=""gdlr-core-text-box-item-content"" style=""text-transform: none ;""><h3 style=""text-align: right;"">بڑے بھائی کی موجودگی میں چھوٹے بھائی کا امر بالمعروف کرنا</h3>
<h4 style=""text-align: right;"">سوال</h4>
<p>کیا فرماتے ہیں مفتیانِ کرام مندرجہ ذیل  مسئلہ کے بارے میں کہ گھر میں سرپرست موجود ہیں،لیکن چھوٹا بھائی کوئی قانون نافذ کرنا چاہے ،مثلاً بچے فلاں وقت موبائل استعمال کریں گے،فلاں وقت استعمال نہیں کریں گے، فلاں وقت میں گھر سے باہر جائیں گے،کیا اس طرح امر بالمعروف کرنا سرپرست کے ہوتے ہوئے جائز ہے کہ نہیں؟ جبکہ سرپرست اس معاملے میں تھوڑا غافل بھی ہو،راہنمائی فرمائیں ۔ شکریہ</p>
<h4 style=""text-align: right;"">جواب </h4>
<p>واضح رہے کہ اولاد کی تربیت کرنا والدین کا اہم فریضہ ہے،قرآن وحدیث میں بہت تاکید کے ساتھ اس کو بیان کیا گیا ہے،حدیث مبارکہ میں ہے کہ:‘‘تم میں سے ہر آدمی نگہبان ہے اور اس کے بارے میں تم سے پوچھا جائے گا’’، لہٰذا سرپرست کو چاہئے کہ بچوں کی تربیت پر خصوصی توجہ دےاور ان کی تربیت کے بارے میں اسلامی تعلیمات کے مطابق ہر ممکن کوشش کرے اور اس میں غفلت نہ برتے،ان کو ہر اس کام سے منع کرے جس میں ان کا دینی اور دنیاوی نقصان ہو،یا ان کا مستقبل برباد ہورہا ہو،بالخصوص آج کل کے زمانے میں جہاں فتنوں کا سیلاب اُمڈ آیا ہے،ہر طرف فتنے ہی فتنے ہیں، ان میں سے خاص کر موبائل فون کا فتنہ جو دینی اور دنیاوی دونوں لحاظ سے بہت ہی خطرناک ہے، اور یہ بچوں کا مستقبل برباد کردیتا ہے، لہٰذا سرپرست کو چاہئے کہ وہ بچوں کی تربیت میں محتاط رہے، کسی طرح کی کوتاہی نہ کرے،لیکن وقت کے اس اہم تقاضے کے باوجود سرپرست اگر غفلت سے کام لیتا ہے اور اپنی ذمہ داری پوری نہیں کرتا،توایسے موقع پر گھر کے دوسرے فرد کو چاہئےکہ وہ اس پر توجہ دیں اور حکمت عملی کے ساتھ ان کی تربیت کی ذمہ داری کو نبھائے کہ جس میں اپنے بڑوں ،مثلاً: بھائی وغیرہ کے ساتھ ناراضگی بھی پیدا نہ ہو اور بچوں کی بھی اس میں بہترین تربیت ہوجائے۔</p>
<p>         لہٰذا صورت مسئولہ میں چھوٹے بھائی کا بڑے بھائی کے ہوتے ہوئے جو کہ غفلت سے کام لیتا ہے، بچوں کی تربیت کے حوالے سے ا ن پر ایسی پابندیاں لگانا جس میں بچوں کا دینی اور دنیاوی فائدہ ہو،درست ہے۔</p>
<p><code>لما في القرآن الکریم:</code></p>
<p><code>﴿يَاأَيُّهَا الَّذِينَ آمَنُوا قُوا أَنْفُسَكُمْ وَأَهْلِيكُمْ نَارًا وَقُودُهَا النَّاسُ وَالْحِجَارَةُ عَلَيْهَا مَلَائِكَةٌ غِلَاظٌ شِدَادٌ لَا يَعْصُونَ اللَّهَ مَا أَمَرَهُمْ وَيَفْعَلُونَ مَا يُؤْمَرُونَ﴾.(سورة التحریم:6).</code></p>
<p><code>وفي صحیح البخاري:</code></p>
<p><code>عن عبد الله بن عمر رضي الله عنهما:أن رسول الله صلى الله عليه و سلم قال: ألا كلكم راع وكلكم مسؤول عن رعيته فالإمام الذي على الناس راع وهو مسؤول عن رعيته،والرجل راع على أهل بيته وهو مسؤول عن رعيته والمرأة راعية على أهل بيت زوجها وولده وهي مسؤولة عنهم…(کتاب الأحکام،باب قول الله تعالیٰ:أطیعوا الله وأطیعوا الرسول…..)[رقم الحدیث:7138]، 1/1229، ط:دارالسلام).</code></p>
<p><code>وفي مرقاة المفاتیح:</code></p>
<p><code>إذا كان المنكر حراما وجب الزجر عنه، وإذا كان مكروها ندب، والأمر بالمعروف أيضا تبع لما يؤمر به، فإن وجب فواجب، وإن ندب فمندوب، ولم يتعرض له في الحديث لأن النهي عن المنكر شامل له، إذ النهي عن الشيء أمر بضده، وضد المنهي إما واجب أو مندوب أو مباح والكل معروف، ۔۔۔۔۔۔۔۔ ومن تمكن منه وتركه بلا عذر أثم، وقد يتعين كما إذا كان في موضع لا يعلم به إلا هو، أو لا يتمكن من إزالته إلا هو، وكمن يرى زوجته أو ولده أو غلامه على منكر. قالوا: ولا يسقط عن المكلف لظنه أن لا يفيد، بل يجب عليه فعله، فإن الذكرى تنفع المؤمنين، وما على الرسول إلا البلاغ المبين.(کتاب الأداب،باب الأمر بالمعروف:8/862،863،ط:رشیدية).</code></p>
<p><code>وفي عمدة القاري:</code></p>
<p><code>قوله: (كلكم راع) أصل راع راعي فاعل إعلال قاض من رعى رعاية وهو حفظ الشيء وحسن التعهد له والراعي هو الحافظ المؤتمن الملتزم صلاح ما قام عليه وما هو تحت نظره، فكل من كان تحت نظره شيء فهو مطلوب بالعدل فيه والقيام بمصالحه في دينه ودنياه ومتعلقاته فإن وفى ما عليه من الرعاية حصل له الحظ الأوفر والجزاء الأكبر وإن كان غير ذلك طالبه كل أحد من رعيته بحقه.(کتاب الجمعة،باب الجمعة في القری والمدن:6/274، ط:دارالکتب العلمية،بیروت)</code> فقط واللہ اعلم بالصواب</p>
<p style=""text-align: right;""><strong>دارالافتاء جامعہ فاروقیہ کراچی</strong></p>
<p><strong>فتوی نمبر:170/315</strong></p>
</div>",farooqia.com
https://www.farooqia.com/course/%da%af%da%be%d8%b1-%d8%b3%db%92-%d8%a8%d8%ba%db%8c%d8%b1-%d8%a7%d8%ac%d8%a7%d8%b2%d8%aa-%d9%86%da%a9%d9%84%d9%86%db%92%d9%be%d8%b1-%d8%a8%db%8c%d9%88%db%8c-%da%a9%db%92-%d8%ad%d8%b1%d8%a7%d9%85-%db%81/,گھر سے بغیر اجازت نکلنےپر بیوی کے حرام ہونے کو معلق کرنا,0123456790,<p>کیا فرماتے ہیں مفتیان کرام مندرجہ ذیل مسئلہ کے بارے میں کہ ایک آدمی نے اپنی بیوی کو چار دیواری کے اندر پابند کرنے کے لیے اس سے کہا ”اگر تو میری اجازت کے بغیر گھر سے نکلی تو ،تومجھ پر حرام ہے“ پھر تیسرے دن اس آدمی کی بچی نے اجازت لی، کہ میں کالج اپنی امی کو ساتھ لے جارہی ہوں تو اس آدمی نے بچی کو اجازت دے دی امی کو ساتھ لے جا۔<br/>پھر کچھ دنوں بعد بچی نے اجازت مانگی ہم فلاں کام کے لیے جارہے ہیں ،آپ امی کو اجازت دیں، لیکن اس آدمی کا کہنا ہے کہ میں نے کہا میں سوچوں گا ؛ یعنی میں نے اجازت نہیں دی ؛لیکن بیوی چلی گئی۔<br/>پوچھنا یہ ہے کہ بیوی پر طلاق واقع ہوگی یا نہیں؟ اور یہ بھی پو چھنا ہے کہ اگر اس سے پہلے ایک ،یا دو طلاق دے چکا ہو تو پھر کیا حکم ہے؟ </p>,"<p>صورتِ مسئولہ میں بغیر اجازت گھر سے نکلنے  کی وجہ سے بیوی پر ایک طلاقِ بائن  واقع ہوچکی ہے،اب ازدواجی تعلق قائم کرنے کے لیے نئے مہر کے ساتھ  تجدید ِ نکاح   ضروری ہے،اس کے بعد بیوی کےبغیر اجازت گھر سے نکلنے کی وجہ سے طلاق واقع نہیں ہوگی۔نیز  اگر وہ شخص پہلےبھی  ایک طلاق دے چکا ہو  تو  اب اس کے پاس صرف ایک طلا ق کا اختیار باقی رہ جائے گا،اگر وہ اس سے پہلے دو طلاقیں دے چکا ہو ، تو اب اس کی بیوی اس پر حرمت مغلظہ کے ساتھ حرام ہو چکی ہے ؛ لہذا اب بغیر حلالہ شرعیہ نہ تو رجوع ممکن ہوگا اور نہ ہی تجدید ِ نکاح، بلکہ ان کے درمیان علیحدگی کرانا  ضروری ہے۔</p><p><code>وفي الهندية:</code></p><p><code>"" وإذا أضافه إلى الشرط وقع عقيب الشرط اتفاقا مثل أن يقول لامرأته إن دخلت الدار فأنت طالق.(كتاب الطلاق،الفصل الثالث في تعليق الطلاق بكلمة إن وإذا وغيرهما،1420،ط:دارالفكر)</code></p><p><code> لما في المحيط البرهاني:</code></p><p><code>""إذا علّق طلاق امرأته بفعل إن حصل التعليق بكلمة إن وإذا وإذا ما ومتى ومهما، فهذا على</code></p><p><code>مرّة  واحدة، حتّى لو فعلت ذاك الفعل مرّة وقع الطلاق، ولو فعلت ذلك الفعل مرّة أخرى لا يقع الطلاق.                     (كتاب الطلاق،الفصل السابع عشر،3681،:دارإحياء التراث)</code></p><p><code>وكذا في التاترخانية: (كتاب الطلاق،الفصل السابع عشر554،ط:مكتبه فاروقيه)</code></p><p><code>وفي التنويرمع الدر:</code></p><p><code> (وينكح)مبانته بمادون الثلاث في العدة وبعدها...... بالاجماع ومنع غيره فيها لاشتباه النسب.</code></p><p><code> (كتاب الطلاق،باب الرجعة،مطلب:في العقدعلى المبانة،542،ط:رشيدية)</code></p><p><code>وفي البدائع:</code></p><p><code>""فإن كانا حرين فالحكم الأصلي لما دون الثلاث من الواحدة البائنة والثنتين البائنتين هو نقصان عدد الطلاق وزوال الملك أيضا حتى لا يحل له وطؤها إلا بنكاح جديد"". (كتاب الطلاق،باب الرجعة،فصل:في حكم الطلاق البائن،3295،ط:رشيدية)</code></p><p><code>وفي الهندية:</code></p><p><code>"" وإذا قال لامرأته أنت طالق وطالق وطالق ولم يعلقه بالشرط إن كانت مدخولة طلقت ثلاثا وإن كانت غير مدخولة طلقت واحدة "" .(كتاب الطلاق ،الباب الثاني:في ايقاع الطلاق ،الفصل الاول:في الطلاق الصريح،1423،دارالفكر)</code> فقط واللہ اعلم بالصواب</p><p style=""text-align: right;""><strong>دارالافتاء جامعہ فاروقیہ کراچی</strong></p><p><strong>فتوی نمبر:170/304</strong></p>","<div class=""gdlr-core-text-box-item-content"" style=""text-transform: none ;""><h3 style=""text-align: right;"">گھر سے بغیر اجازت نکلنےپر بیوی کے حرام ہونے کو معلق کرنا</h3>
<h4 style=""text-align: right;"">سوال</h4>
<p>کیا فرماتے ہیں مفتیان کرام مندرجہ ذیل مسئلہ کے بارے میں کہ ایک آدمی نے اپنی بیوی کو چار دیواری کے اندر پابند کرنے کے لیے اس سے کہا ”اگر تو میری اجازت کے بغیر گھر سے نکلی تو ،تومجھ پر حرام ہے“ پھر تیسرے دن اس آدمی کی بچی نے اجازت لی، کہ میں کالج اپنی امی کو ساتھ لے جارہی ہوں تو اس آدمی نے بچی کو اجازت دے دی امی کو ساتھ لے جا۔<br/>پھر کچھ دنوں بعد بچی نے اجازت مانگی ہم فلاں کام کے لیے جارہے ہیں ،آپ امی کو اجازت دیں، لیکن اس آدمی کا کہنا ہے کہ میں نے کہا میں سوچوں گا ؛ یعنی میں نے اجازت نہیں دی ؛لیکن بیوی چلی گئی۔<br/>پوچھنا یہ ہے کہ بیوی پر طلاق واقع ہوگی یا نہیں؟ اور یہ بھی پو چھنا ہے کہ اگر اس سے پہلے ایک ،یا دو طلاق دے چکا ہو تو پھر کیا حکم ہے؟ </p>
<h4 style=""text-align: right;"">جواب </h4>
<p>صورتِ مسئولہ میں بغیر اجازت گھر سے نکلنے  کی وجہ سے بیوی پر ایک طلاقِ بائن  واقع ہوچکی ہے،اب ازدواجی تعلق قائم کرنے کے لیے نئے مہر کے ساتھ  تجدید ِ نکاح   ضروری ہے،اس کے بعد بیوی کےبغیر اجازت گھر سے نکلنے کی وجہ سے طلاق واقع نہیں ہوگی۔نیز  اگر وہ شخص پہلےبھی  ایک طلاق دے چکا ہو  تو  اب اس کے پاس صرف ایک طلا ق کا اختیار باقی رہ جائے گا،اگر وہ اس سے پہلے دو طلاقیں دے چکا ہو ، تو اب اس کی بیوی اس پر حرمت مغلظہ کے ساتھ حرام ہو چکی ہے ؛ لہذا اب بغیر حلالہ شرعیہ نہ تو رجوع ممکن ہوگا اور نہ ہی تجدید ِ نکاح، بلکہ ان کے درمیان علیحدگی کرانا  ضروری ہے۔</p>
<p><code>وفي الهندية:</code></p>
<p><code>"" وإذا أضافه إلى الشرط وقع عقيب الشرط اتفاقا مثل أن يقول لامرأته إن دخلت الدار فأنت طالق.(كتاب الطلاق،الفصل الثالث في تعليق الطلاق بكلمة إن وإذا وغيرهما،1420،ط:دارالفكر)</code></p>
<p><code> لما في المحيط البرهاني:</code></p>
<p><code>""إذا علّق طلاق امرأته بفعل إن حصل التعليق بكلمة إن وإذا وإذا ما ومتى ومهما، فهذا على</code></p>
<p><code>مرّة  واحدة، حتّى لو فعلت ذاك الفعل مرّة وقع الطلاق، ولو فعلت ذلك الفعل مرّة أخرى لا يقع الطلاق.                     (كتاب الطلاق،الفصل السابع عشر،3681،:دارإحياء التراث)</code></p>
<p><code>وكذا في التاترخانية: (كتاب الطلاق،الفصل السابع عشر554،ط:مكتبه فاروقيه)</code></p>
<p><code>وفي التنويرمع الدر:</code></p>
<p><code> (وينكح)مبانته بمادون الثلاث في العدة وبعدها...... بالاجماع ومنع غيره فيها لاشتباه النسب.</code></p>
<p><code> (كتاب الطلاق،باب الرجعة،مطلب:في العقدعلى المبانة،542،ط:رشيدية)</code></p>
<p><code>وفي البدائع:</code></p>
<p><code>""فإن كانا حرين فالحكم الأصلي لما دون الثلاث من الواحدة البائنة والثنتين البائنتين هو نقصان عدد الطلاق وزوال الملك أيضا حتى لا يحل له وطؤها إلا بنكاح جديد"". (كتاب الطلاق،باب الرجعة،فصل:في حكم الطلاق البائن،3295،ط:رشيدية)</code></p>
<p><code>وفي الهندية:</code></p>
<p><code>"" وإذا قال لامرأته أنت طالق وطالق وطالق ولم يعلقه بالشرط إن كانت مدخولة طلقت ثلاثا وإن كانت غير مدخولة طلقت واحدة "" .(كتاب الطلاق ،الباب الثاني:في ايقاع الطلاق ،الفصل الاول:في الطلاق الصريح،1423،دارالفكر)</code> فقط واللہ اعلم بالصواب</p>
<p style=""text-align: right;""><strong>دارالافتاء جامعہ فاروقیہ کراچی</strong></p>
<p><strong>فتوی نمبر:170/304</strong></p>
</div>",farooqia.com
https://www.farooqia.com/course/%d8%b5%d8%ad%d8%a7%d8%a8%db%81-%da%a9%d8%b1%d8%a7%d9%85-%d8%b1%d8%b6%d9%88%d8%a7%d9%86-%d8%a7%d9%84%d9%84%db%81-%d8%b9%d9%84%db%8c%db%81%d9%85-%d8%a7%d8%ac%d9%85%d8%b9%db%8c%d9%86-%da%a9%db%92-%da%a9/,صحابہ کرام رضوان اللہ علیہم اجمعین کے کردار پر فلم بنانے اور دیکھنے والوں کا حکم,0123456790,"<p style=""text-align: justify;"">کیا فرماتے ہیں علماء کرام ومفتیان عظام اس مسئلہ کے بارے میں کہ اگر کوئی صحابہ کرام رضوان اللہ علیہم اجمعین پر فلم بنائے اور صحابہ کرام رضوان اللہ علیہم اجمعین کا کردار داڑھی منڈھے لوگوں سے ادا کرے، تو اس کے بنانے والوں اور اس کے دیکھنے والوں کا کیا حکم ہے؟</p>","<p style=""text-align: justify;"">واضح رہے کہ صحابہ کرام رضوان اللہ علیہم اجمعین کی جماعت وہ مقدس اور برگزیدہ جماعت تھی ،جس کا انتخاب اللہ تبارک وتعالیٰ نے اپنے پیارے نبی ﷺ کی صحبت مبارکہ کے لیے کیا تھا، ان مبارک ہستیوں کی توہین کا خیال ایک سچے مسلمان کے حاشیہ خیال میں بھی نہیں آسکتا،سوال میں مذکور اور اس طرح کی دیگر فلم کے ذریعے دینِ اسلام اور صحابہ کرام کی حرمت وعظمت کو نقصان تو پہنچ رہا ہے ،فائدہ نہیں،جیسا کہ مشاہدہ ہے، لہٰذا صحابہ کرام رضوان اللہ علیہم اجمعین کی تصویری فلم بنانا،دیکھنا،دکھانا اور اس کی تشہیر کرنا بالاتفاق حرام ہےاور دوسروں کو اس سے منع کرنا واجب ہے۔</p><p style=""text-align: justify;"">اس کے برعکس ان فلموں میں پیشہ ور عام گنہگار انسانوں اور بہروپیوں کو ان مقدس شخصیات کی شکل میں پیش کر کے ان سے مصنوعی نقالی کرائی جاتی ہے،مثلا:خشخشی داڑھی،کلین شیو وغیرہ،تو یہ تمام تر امور ان مقدس شخصیات کی تنقیص وتوہین ہے،قرآن کریم کے احکامات اور دینِ اسلام کو کھیل تماشہ بنانے کے مترادف ہے ،جو کہ بنص قرآنی حرام ہے،سورۃ الانعام میں اللہ تعالیٰ کا ارشاد ہے: <strong>  </strong></p><p style=""text-align: center;""><code>﴿وَذَرِ الَّذِينَ اتَّخَذُوا دِينَهُمْ لَعِبًا وَلَهْوًا وَغَرَّتْهُمُ الْحَيَاةُ الدُّنْيَا وَذَكِّرْ بِهِ أَنْ تُبْسَلَ نَفْسٌ بِمَا كَسَبَتْ لَيْسَ لَهَا مِنْ دُونِ اللَّهِ وَلِيٌّ وَلَا شَفِيعٌ وَإِنْ تَعْدِلْ كُلَّ عَدْلٍ لَا يُؤْخَذْ مِنْهَا أُولَئِكَ الَّذِينَ أُبْسِلُوا بِمَا كَسَبُوا لَهُمْ شَرَابٌ مِنْ حَمِيمٍ وَعَذَابٌ أَلِيمٌ بِمَا كَانُوا يَكْفُرُونَ﴾.(سورة الإنعام:70).</code></p><p style=""text-align: center;""><strong>ترجمہ:</strong>اور ایسے لوگوں سے بالکل کنارہ کش رہو، جنہوں نے اپنے دین کو لہوولعب بنارکھا ہے اور دنیاوی زندگی نے ان کو دھوکے میں ڈال رکھا ہے،اور اس قرآن کے ذریعے نصیحت بھی کرتا رہ تاکہ کوئی شخص اپنے کردار کے سبب اس طرح نہ پھنس جائے کہ کوئی غیر اللہ اس کا نہ مددگار ہو اور نہ سفارشی۔(بیان القرآن،سورۃ الإنعام:70،ص:559،ط:إدارۃ تالیفات اشرفیہ)</p><p style=""text-align: justify;"">اس صورت حال میں فلم دیکھنے والے غیر اسلامی تعلیمات کو اسلامی تعلیمات سمجھ کر  اس کو دین سمجھ لیتے ہیں اور اس میں امتیاز نہیں کرپاتے،لہٰذا اس سنگین غلطی میں مبتلا کرنے کی ذمہ داری ان لوگوں پر عائد ہوتی ہے جو اس فلم کے بنانے یا دکھلانے والے ہیں۔الغرض تمام مسلمانوں پر اس طرح کی فلموں سے احتراز کرنا لازم ہے، حکومتِ وقت کا فرض ہے کہ نہ صرف اس طرح کے کفر وارتداد کو پھیلانے والے عناصر کی سرزنش کرے اور آئندہ ہونے والی اس قسم کی سازشوں کا مکمل سدِباب کرے۔صحابہ کرام رضوان اللہ علیہم اجمعین کی زندگی سے واقفیت کے لئے حیاتِ صحابہ جیسی کتابوں کا پڑھنا اور سننا بہت مفید ہے اور یہی طریقہ زیرِ عمل چلا آرہا ہے ،ہر دور میں اسی کو فروغ دینے کی ضرورت ہے۔</p><p><code>لما في صحیح البخاري:</code></p><p style=""text-align: justify;""><code>عن نافع أن عبد الله بن عمر رضي الله عنهما أخبره:أن رسول الله صلى الله عليه و سلم قال:«إن الذين يصنعون هذه الصور يعذبون يوم القيامةيقال لهم أحيوا ما خلقتم».(کتاب اللباس،رقم الحدیث:5951،ط:دارالسلام).</code></p><p><code>وفيه أیضاً:</code></p><p style=""text-align: justify;""><code>سمعت عبد الله قال:سمعت النبي صلى الله عليه و سلم يقول:«إن أشد الناس عذابا عند الله يوم القيامة المصورون».(کتاب اللباس،باب عذاب المصور یوم القیامة[رقم الحدیث:5950]،ص: 1224،ط: دارالکتاب العربي).</code></p><p><code>وفي رد المحتار:</code></p><p style=""text-align: justify;""><code>وظاهر كلام النووي في شرح مسلم الإجماع على تحريم تصوير الحيوان وقال وسواء صنعه لما يمتهن أو لغيره فصنعته حرام بكل حال لأن فيه مضاهاة لخلق الله تعالى وسواء كان في ثوب أو بساط أو درهم وإناء وحائط وغيرها ا هـ.(کتاب الصلاۃ،مطلب:إذا تردد الحکم۔۔۔۔۔:2/502،ط:رشیدية).</code></p><p><code>وفي جامع الترمذي:</code></p><p style=""text-align: justify;""><code>عن عبد الله بن مغفل قال،قال رسول الله صلى الله عليه و سلم: «الله الله في أصحابي لا تتخذوهم غرضا بعدي فمن أحبهم فبحبي أحبهم ومن أبغضهم فببغضي أبغضهم ومن آذاهم فقد آذاني ومن آذاني فقد آذى الله ومن آذى الله فيوشك أن يأخذه».(کتاب المناقب،باب:فیمن سب أصحاب النبي صلى الله عليه وسلم [رقم الحدیث: 3862]،ط:دارالسلام للنشر والتوزیع).</code></p><p><code>قال العلامة أحمد بن تیمية:</code></p><p style=""text-align: justify;""><code>ثم أصحاب رسول الله صلى الله عليه و سلم بعد هؤلاء الأربعة خیر الناس،لایجوز لأحد أن یذکر شیئاً من مساوئهم، ولایطعن علی أحد منهم بعیب ولانقص،فمن فعل ذلک فقد وجب علی السلطان تأدیبه وعقوبته،لیس له أن یعفوا عنه، بل یعاقبه ویستتیبه،فإن تاب قبل منه،وإن ثبت أعاد عليه العقوبة وخلدہ في الحبس حتی یموت أو یراجع</code></p><p style=""text-align: justify;""><code>.(الصارم المسلول علی شاتم الرسول،فصل: في حکم من سب أحداً من الصحابة: 419،ط:المکتبـــــــــــة العصــــــــرية)</code> فقط واللہ اعلم بالصواب</p><p style=""text-align: right;""><strong>دارالافتاء جامعہ فاروقیہ کراچی</strong></p><p><strong>فتوی نمبر:170/288</strong></p>","<div class=""gdlr-core-text-box-item-content"" style=""text-transform: none ;""><h3 style=""text-align: right;"">صحابہ کرام رضوان اللہ علیہم اجمعین کے کردار پر فلم بنانے اور دیکھنے والوں کا حکم</h3>
<h4 style=""text-align: right;"">سوال</h4>
<p style=""text-align: justify;"">کیا فرماتے ہیں علماء کرام ومفتیان عظام اس مسئلہ کے بارے میں کہ اگر کوئی صحابہ کرام رضوان اللہ علیہم اجمعین پر فلم بنائے اور صحابہ کرام رضوان اللہ علیہم اجمعین کا کردار داڑھی منڈھے لوگوں سے ادا کرے، تو اس کے بنانے والوں اور اس کے دیکھنے والوں کا کیا حکم ہے؟</p>
<h4 style=""text-align: right;"">جواب </h4>
<p style=""text-align: justify;"">واضح رہے کہ صحابہ کرام رضوان اللہ علیہم اجمعین کی جماعت وہ مقدس اور برگزیدہ جماعت تھی ،جس کا انتخاب اللہ تبارک وتعالیٰ نے اپنے پیارے نبی ﷺ کی صحبت مبارکہ کے لیے کیا تھا، ان مبارک ہستیوں کی توہین کا خیال ایک سچے مسلمان کے حاشیہ خیال میں بھی نہیں آسکتا،سوال میں مذکور اور اس طرح کی دیگر فلم کے ذریعے دینِ اسلام اور صحابہ کرام کی حرمت وعظمت کو نقصان تو پہنچ رہا ہے ،فائدہ نہیں،جیسا کہ مشاہدہ ہے، لہٰذا صحابہ کرام رضوان اللہ علیہم اجمعین کی تصویری فلم بنانا،دیکھنا،دکھانا اور اس کی تشہیر کرنا بالاتفاق حرام ہےاور دوسروں کو اس سے منع کرنا واجب ہے۔</p>
<p style=""text-align: justify;"">اس کے برعکس ان فلموں میں پیشہ ور عام گنہگار انسانوں اور بہروپیوں کو ان مقدس شخصیات کی شکل میں پیش کر کے ان سے مصنوعی نقالی کرائی جاتی ہے،مثلا:خشخشی داڑھی،کلین شیو وغیرہ،تو یہ تمام تر امور ان مقدس شخصیات کی تنقیص وتوہین ہے،قرآن کریم کے احکامات اور دینِ اسلام کو کھیل تماشہ بنانے کے مترادف ہے ،جو کہ بنص قرآنی حرام ہے،سورۃ الانعام میں اللہ تعالیٰ کا ارشاد ہے: <strong>  </strong></p>
<p style=""text-align: center;""><code>﴿وَذَرِ الَّذِينَ اتَّخَذُوا دِينَهُمْ لَعِبًا وَلَهْوًا وَغَرَّتْهُمُ الْحَيَاةُ الدُّنْيَا وَذَكِّرْ بِهِ أَنْ تُبْسَلَ نَفْسٌ بِمَا كَسَبَتْ لَيْسَ لَهَا مِنْ دُونِ اللَّهِ وَلِيٌّ وَلَا شَفِيعٌ وَإِنْ تَعْدِلْ كُلَّ عَدْلٍ لَا يُؤْخَذْ مِنْهَا أُولَئِكَ الَّذِينَ أُبْسِلُوا بِمَا كَسَبُوا لَهُمْ شَرَابٌ مِنْ حَمِيمٍ وَعَذَابٌ أَلِيمٌ بِمَا كَانُوا يَكْفُرُونَ﴾.(سورة الإنعام:70).</code></p>
<p style=""text-align: center;""><strong>ترجمہ:</strong>اور ایسے لوگوں سے بالکل کنارہ کش رہو، جنہوں نے اپنے دین کو لہوولعب بنارکھا ہے اور دنیاوی زندگی نے ان کو دھوکے میں ڈال رکھا ہے،اور اس قرآن کے ذریعے نصیحت بھی کرتا رہ تاکہ کوئی شخص اپنے کردار کے سبب اس طرح نہ پھنس جائے کہ کوئی غیر اللہ اس کا نہ مددگار ہو اور نہ سفارشی۔(بیان القرآن،سورۃ الإنعام:70،ص:559،ط:إدارۃ تالیفات اشرفیہ)</p>
<p style=""text-align: justify;"">اس صورت حال میں فلم دیکھنے والے غیر اسلامی تعلیمات کو اسلامی تعلیمات سمجھ کر  اس کو دین سمجھ لیتے ہیں اور اس میں امتیاز نہیں کرپاتے،لہٰذا اس سنگین غلطی میں مبتلا کرنے کی ذمہ داری ان لوگوں پر عائد ہوتی ہے جو اس فلم کے بنانے یا دکھلانے والے ہیں۔الغرض تمام مسلمانوں پر اس طرح کی فلموں سے احتراز کرنا لازم ہے، حکومتِ وقت کا فرض ہے کہ نہ صرف اس طرح کے کفر وارتداد کو پھیلانے والے عناصر کی سرزنش کرے اور آئندہ ہونے والی اس قسم کی سازشوں کا مکمل سدِباب کرے۔صحابہ کرام رضوان اللہ علیہم اجمعین کی زندگی سے واقفیت کے لئے حیاتِ صحابہ جیسی کتابوں کا پڑھنا اور سننا بہت مفید ہے اور یہی طریقہ زیرِ عمل چلا آرہا ہے ،ہر دور میں اسی کو فروغ دینے کی ضرورت ہے۔</p>
<p><code>لما في صحیح البخاري:</code></p>
<p style=""text-align: justify;""><code>عن نافع أن عبد الله بن عمر رضي الله عنهما أخبره:أن رسول الله صلى الله عليه و سلم قال:«إن الذين يصنعون هذه الصور يعذبون يوم القيامةيقال لهم أحيوا ما خلقتم».(کتاب اللباس،رقم الحدیث:5951،ط:دارالسلام).</code></p>
<p><code>وفيه أیضاً:</code></p>
<p style=""text-align: justify;""><code>سمعت عبد الله قال:سمعت النبي صلى الله عليه و سلم يقول:«إن أشد الناس عذابا عند الله يوم القيامة المصورون».(کتاب اللباس،باب عذاب المصور یوم القیامة[رقم الحدیث:5950]،ص: 1224،ط: دارالکتاب العربي).</code></p>
<p><code>وفي رد المحتار:</code></p>
<p style=""text-align: justify;""><code>وظاهر كلام النووي في شرح مسلم الإجماع على تحريم تصوير الحيوان وقال وسواء صنعه لما يمتهن أو لغيره فصنعته حرام بكل حال لأن فيه مضاهاة لخلق الله تعالى وسواء كان في ثوب أو بساط أو درهم وإناء وحائط وغيرها ا هـ.(کتاب الصلاۃ،مطلب:إذا تردد الحکم۔۔۔۔۔:2/502،ط:رشیدية).</code></p>
<p><code>وفي جامع الترمذي:</code></p>
<p style=""text-align: justify;""><code>عن عبد الله بن مغفل قال،قال رسول الله صلى الله عليه و سلم: «الله الله في أصحابي لا تتخذوهم غرضا بعدي فمن أحبهم فبحبي أحبهم ومن أبغضهم فببغضي أبغضهم ومن آذاهم فقد آذاني ومن آذاني فقد آذى الله ومن آذى الله فيوشك أن يأخذه».(کتاب المناقب،باب:فیمن سب أصحاب النبي صلى الله عليه وسلم [رقم الحدیث: 3862]،ط:دارالسلام للنشر والتوزیع).</code></p>
<p><code>قال العلامة أحمد بن تیمية:</code></p>
<p style=""text-align: justify;""><code>ثم أصحاب رسول الله صلى الله عليه و سلم بعد هؤلاء الأربعة خیر الناس،لایجوز لأحد أن یذکر شیئاً من مساوئهم، ولایطعن علی أحد منهم بعیب ولانقص،فمن فعل ذلک فقد وجب علی السلطان تأدیبه وعقوبته،لیس له أن یعفوا عنه، بل یعاقبه ویستتیبه،فإن تاب قبل منه،وإن ثبت أعاد عليه العقوبة وخلدہ في الحبس حتی یموت أو یراجع</code></p>
<p style=""text-align: justify;""><code>.(الصارم المسلول علی شاتم الرسول،فصل: في حکم من سب أحداً من الصحابة: 419،ط:المکتبـــــــــــة العصــــــــرية)</code> فقط واللہ اعلم بالصواب</p>
<p style=""text-align: right;""><strong>دارالافتاء جامعہ فاروقیہ کراچی</strong></p>
<p><strong>فتوی نمبر:170/288</strong></p>
</div>",farooqia.com
https://www.farooqia.com/course/%d9%85%d8%af%d8%b1%d8%b3%db%92-%da%a9%db%92-%d8%b3%d9%81%db%8c%d8%b1-%da%a9%db%92-%d9%84%db%8c%db%92-%da%86%d9%86%d8%af%db%81-%d9%85%db%8c%da%ba-%d8%b3%db%92-%d9%81%db%8c%d8%b5%d8%af-%da%a9%db%92/,مدرسے کے سفیر کے لیے چندہ میں سے فیصد کے حساب سے تنخواہ مقرر کرنا,0123456790,<p>کیا فرماتے ہیں مفتیان کرام مندرجہ ذیل  مسئلہ کے بارے میں کہ بندہ ایک مدرسے کا سفیر ہے، مدرسہ والوں نے اس شرط پر بندہ  کو  چندہ حاصل کرنے کے لیے رکھا ہے کہ  جو آمدنی ہو ( چندہ میں سے ) ایک تہائی  بندہ کا ،دو تہائی مدرسے کا  ہوگا۔</p><p>کیا یہ معاملہ کرنا  درست ہے ؟ اگر درست نہیں تو متبادل جائز صورت سے آگاہ فرمائیں ۔ شکریہ</p>,"<p>مذکورہ معاملہ درست نہیں ، اس کی جائز اور متبادل  صورت یہ ہے کہ  مدرسہ  والے آپ کے لیے ماہانہ  یا روزانہ کے حساب سےمعیّن تنخواہ مقرر کردیں ۔</p><p><code>لما في التنوير مع الدر:</code></p><p><code> (هي) لغة: اسم للأجرة....وشرعا:(تمليك نفع بعوض )وشرطها: كون الاجرة والمنفعة معلومتين لان جهالتهما تفضي إلى المنازعة. (كتاب الإجارة:9/9،5،رشيدية)</code></p><p><code>وفي المحيط البرهاني:</code></p><p><code>وأما بيان شرائطها :فنقول يجب أن تكون الأجرة معلومة، والعمل إن وردت الإجارة على العمل، والمنفعة إن وردت الإجارة على المنفعة، وهذا لأن الأجرة معقود به والعمل أو المنفعة معقود عليه، وإعلام المعقود به وإعلام المعقود عليه شرط تحرزا عن المنازعة.(كتاب الإجارة،الفصل الأول في بيان الألفاظ التي تنعقد الإجارة:11/217،إدارة القرآن)</code> فقط واللہ اعلم بالصواب</p><p style=""text-align: right;""><strong>دارالافتاء جامعہ فاروقیہ کراچی</strong></p><p><strong>فتوی نمبر:170/287</strong></p>","<div class=""gdlr-core-text-box-item-content"" style=""text-transform: none ;""><h3 style=""text-align: right;"">مدرسے کے سفیر کے لیے چندہ میں سے فیصد کے حساب سے تنخواہ مقرر کرنا</h3>
<h4 style=""text-align: right;"">سوال</h4>
<p>کیا فرماتے ہیں مفتیان کرام مندرجہ ذیل  مسئلہ کے بارے میں کہ بندہ ایک مدرسے کا سفیر ہے، مدرسہ والوں نے اس شرط پر بندہ  کو  چندہ حاصل کرنے کے لیے رکھا ہے کہ  جو آمدنی ہو ( چندہ میں سے ) ایک تہائی  بندہ کا ،دو تہائی مدرسے کا  ہوگا۔</p>
<p>کیا یہ معاملہ کرنا  درست ہے ؟ اگر درست نہیں تو متبادل جائز صورت سے آگاہ فرمائیں ۔ شکریہ</p>
<h4 style=""text-align: right;"">جواب </h4>
<p>مذکورہ معاملہ درست نہیں ، اس کی جائز اور متبادل  صورت یہ ہے کہ  مدرسہ  والے آپ کے لیے ماہانہ  یا روزانہ کے حساب سےمعیّن تنخواہ مقرر کردیں ۔</p>
<p><code>لما في التنوير مع الدر:</code></p>
<p><code> (هي) لغة: اسم للأجرة....وشرعا:(تمليك نفع بعوض )وشرطها: كون الاجرة والمنفعة معلومتين لان جهالتهما تفضي إلى المنازعة. (كتاب الإجارة:9/9،5،رشيدية)</code></p>
<p><code>وفي المحيط البرهاني:</code></p>
<p><code>وأما بيان شرائطها :فنقول يجب أن تكون الأجرة معلومة، والعمل إن وردت الإجارة على العمل، والمنفعة إن وردت الإجارة على المنفعة، وهذا لأن الأجرة معقود به والعمل أو المنفعة معقود عليه، وإعلام المعقود به وإعلام المعقود عليه شرط تحرزا عن المنازعة.(كتاب الإجارة،الفصل الأول في بيان الألفاظ التي تنعقد الإجارة:11/217،إدارة القرآن)</code> فقط واللہ اعلم بالصواب</p>
<p style=""text-align: right;""><strong>دارالافتاء جامعہ فاروقیہ کراچی</strong></p>
<p><strong>فتوی نمبر:170/287</strong></p>
</div>",farooqia.com
https://www.farooqia.com/course/%d8%a7%d9%85%d8%a7%d9%85%d8%aa-%da%a9%db%92-%d8%b3%d8%a7%d8%aa%da%be-%d8%af%d9%88%d8%b3%d8%b1%d8%a7-%da%a9%d9%88%d8%a6%db%8c-%d8%b0%d8%b1%db%8c%d8%b9%db%81-%d9%85%d8%b9%d8%a7%d8%b4-%d8%a7%d8%ae%d8%aa/,امامت کے ساتھ دوسرا کوئی ذریعہ معاش اختیار کرنا,0123456790,<p>:    کیا فرماتے ہیں مفتیانِ کرام مندرجہ ذیل  مسئلہ کے بارے میں کہ میں شعبہ امامت سے وابستہ ہوں  گھر میں  والدین بیمار ہیں،اسباب کے درجے میں  والدین اور اہل خانہ کی کفالت کی ذمہ داری مجھ پر عائد ہے، دو والدہ ہیں میری  کبھی ان کی آپس میں سخت باتیں ہوجاتی ہیں ،تو پھر دل پریشان سا ہوجاتا ہے کہ سب کچھ چھوڑ دوں  ،انتہائی  تنگی اور گھٹن کی سی کیفیت  ہوجاتی ہے اس دوران کبھی سخت بات  مجھ سے بھی ہوجاتی ہے۔</p><p>آپ اس حوالے سے راہنمائی فرمائیں کہ جب دل تنگ ہوتو کیا کروں؟ منفی خیالات اور سوچیں بہت زیادہ آتی ہیں کہ امامت چھوڑ دوں ، اس میں کیا رکھا ہے ،جاؤں اپنے لیے کچھ اور کام کروں ،مزید آپ جو بہتر سمجھیں میری اس حوالے سے راہنمائی فرمائیں ۔</p>,"<p> </p><p>          اللہ تعالیٰ نے قرآن مجید میں مختلف مقامات پر والدین کے ادب و احترام اور ان کے ساتھ اچھا سلوک اور برتاؤ کے بارے میں تاکید فرمائی ہے،کہذا کوشش کریں کہ والدین کے ساتھ اچھے طریقے سے پیش آئیں،پھر بھی بشری تقاضے سے کوئی غلطی یا کوتاہی ہوجائے،تو اس پر ان سے معافی مانگ لیا کریں،اور ان کے آپس کے جھگڑے میں اپنا دل تنگ نہ کریں،اور اگر تنگ ہوبھی تو اس کی طرف توجہ نہ کریں۔</p><p>باقی رہا آپ کی امامت کا مسئلہ ،امامت بلاشبہ ایک عظیم الشان دینی منصب اور ذمہ داری ہے ، بلکہ رسول اللہ ﷺ کی ایک طرح کی نیابت ہے، لہذا مقتدیوں کی معمولی سی  باتوں پر امامت چھوڑ کر کوئی اور کام کرنا اچھی بات نہیں ہے، بلکہ آپ کو چاہیے کہ خود بھی فضول باتوں سے رکیں اور دوسروں کو بھی منع کریں،اور خود بھی نیکی کی طرف بڑھیں اور دوسروں کوبھی ترغیب دیں ، البتہ امامت کے ساتھ ساتھ اگر کوئی اور جائز ذریعہ معاش اختیار کرنا چاہیں تو اس میں کوئی حرج نہیں ۔</p><p><code>لما في القران الكريم:</code></p><p><code>وَقَضَى رَبُّكَ أَلَّا تَعْبُدُوا إِلَّا إِيَّاهُ وَبِالْوَالِدَيْنِ إِحْسَانًا إِمَّا يَبْلُغَنَّ عِنْدَكَ الْكِبَرَ أَحَدُهُمَا أَوْ كِلَاهُمَا فَلَا تَقُلْ لَهُمَا أُفٍّ وَلَا تَنْهَرْهُمَا وَقُلْ لَهُمَا قَوْلًا كَرِيمًا (23) وَاخْفِضْ لَهُمَا جَنَاحَ الذُّلِّ مِنَ الرَّحْمَةِ وَقُلْ رَبِّ ارْحَمْهُمَا كَمَا رَبَّيَانِي صَغِيرًا (24) رَبُّكُمْ أَعْلَمُ بِمَا فِي نُفُوسِكُمْ إِنْ تَكُونُوا صَالِحِينَ فَإِنَّهُ كَانَ لِلْأَوَّابِينَ غَفُورًا (25)(سورة الإسراء:23-25) </code> فقط واللہ اعلم بالصواب</p><p style=""text-align: right;""><strong>دارالافتاء جامعہ فاروقیہ کراچی</strong></p><p><strong>فتوی نمبر:170/282</strong></p>","<div class=""gdlr-core-text-box-item-content"" style=""text-transform: none ;""><h3 style=""text-align: right;"">امامت کے ساتھ دوسرا کوئی ذریعہ معاش اختیار کرنا</h3>
<h4 style=""text-align: right;"">سوال</h4>
<p>:    کیا فرماتے ہیں مفتیانِ کرام مندرجہ ذیل  مسئلہ کے بارے میں کہ میں شعبہ امامت سے وابستہ ہوں  گھر میں  والدین بیمار ہیں،اسباب کے درجے میں  والدین اور اہل خانہ کی کفالت کی ذمہ داری مجھ پر عائد ہے، دو والدہ ہیں میری  کبھی ان کی آپس میں سخت باتیں ہوجاتی ہیں ،تو پھر دل پریشان سا ہوجاتا ہے کہ سب کچھ چھوڑ دوں  ،انتہائی  تنگی اور گھٹن کی سی کیفیت  ہوجاتی ہے اس دوران کبھی سخت بات  مجھ سے بھی ہوجاتی ہے۔</p>
<p>آپ اس حوالے سے راہنمائی فرمائیں کہ جب دل تنگ ہوتو کیا کروں؟ منفی خیالات اور سوچیں بہت زیادہ آتی ہیں کہ امامت چھوڑ دوں ، اس میں کیا رکھا ہے ،جاؤں اپنے لیے کچھ اور کام کروں ،مزید آپ جو بہتر سمجھیں میری اس حوالے سے راہنمائی فرمائیں ۔</p>
<h4 style=""text-align: right;"">جواب </h4>
<p> </p>
<p>          اللہ تعالیٰ نے قرآن مجید میں مختلف مقامات پر والدین کے ادب و احترام اور ان کے ساتھ اچھا سلوک اور برتاؤ کے بارے میں تاکید فرمائی ہے،کہذا کوشش کریں کہ والدین کے ساتھ اچھے طریقے سے پیش آئیں،پھر بھی بشری تقاضے سے کوئی غلطی یا کوتاہی ہوجائے،تو اس پر ان سے معافی مانگ لیا کریں،اور ان کے آپس کے جھگڑے میں اپنا دل تنگ نہ کریں،اور اگر تنگ ہوبھی تو اس کی طرف توجہ نہ کریں۔</p>
<p>باقی رہا آپ کی امامت کا مسئلہ ،امامت بلاشبہ ایک عظیم الشان دینی منصب اور ذمہ داری ہے ، بلکہ رسول اللہ ﷺ کی ایک طرح کی نیابت ہے، لہذا مقتدیوں کی معمولی سی  باتوں پر امامت چھوڑ کر کوئی اور کام کرنا اچھی بات نہیں ہے، بلکہ آپ کو چاہیے کہ خود بھی فضول باتوں سے رکیں اور دوسروں کو بھی منع کریں،اور خود بھی نیکی کی طرف بڑھیں اور دوسروں کوبھی ترغیب دیں ، البتہ امامت کے ساتھ ساتھ اگر کوئی اور جائز ذریعہ معاش اختیار کرنا چاہیں تو اس میں کوئی حرج نہیں ۔</p>
<p><code>لما في القران الكريم:</code></p>
<p><code>وَقَضَى رَبُّكَ أَلَّا تَعْبُدُوا إِلَّا إِيَّاهُ وَبِالْوَالِدَيْنِ إِحْسَانًا إِمَّا يَبْلُغَنَّ عِنْدَكَ الْكِبَرَ أَحَدُهُمَا أَوْ كِلَاهُمَا فَلَا تَقُلْ لَهُمَا أُفٍّ وَلَا تَنْهَرْهُمَا وَقُلْ لَهُمَا قَوْلًا كَرِيمًا (23) وَاخْفِضْ لَهُمَا جَنَاحَ الذُّلِّ مِنَ الرَّحْمَةِ وَقُلْ رَبِّ ارْحَمْهُمَا كَمَا رَبَّيَانِي صَغِيرًا (24) رَبُّكُمْ أَعْلَمُ بِمَا فِي نُفُوسِكُمْ إِنْ تَكُونُوا صَالِحِينَ فَإِنَّهُ كَانَ لِلْأَوَّابِينَ غَفُورًا (25)(سورة الإسراء:23-25) </code> فقط واللہ اعلم بالصواب</p>
<p style=""text-align: right;""><strong>دارالافتاء جامعہ فاروقیہ کراچی</strong></p>
<p><strong>فتوی نمبر:170/282</strong></p>
</div>",farooqia.com
https://www.farooqia.com/course/%d8%a8%da%be%d8%a7%d8%a6%db%8c-%da%a9%d9%88-%db%81%d8%a8%db%81-%d9%85%db%8c%da%ba-%d9%85%d9%84%db%8c-%db%81%d9%88%d8%a6%db%8c-%d8%ac%d8%a7%d8%a6%db%8c%d8%af%d8%a7%d8%af-%d9%85%db%8c%da%ba-%d8%a8%db%81/,بھائی کو ہبہ میں ملی ہوئی جائیداد میں بہن حصّہ دار نہیں ہوگی,0123456790,<p>کیا فرماتے ہیں مفتیانِ کرام مندرجہ ذیل  مسئلہ کے بارے میں کہ زید کے دوبیٹے خالد اور بکر اور ایک بیٹی فاطمہ ہے،زید نے اپنی حیات میں  اپنی بیٹی کو حصہ دے دیا ،جو کہ شرعی وراثت کے  اعتبار سے کم تھا،لیکن فاطمہ نے بخوشی قبول کرلیا،بعد ازاں  زید نے پوری  ملکیت عبداللہ کے حوالے کردی جو کہ اس کا بھتیجا ہے، اور زید نے اسے یہ کہہ کر ملکیت حوالے کی کہ یہ پوری ملکیت تمہاری ہے،اس میں میرے بچوں کا کوئی حصہ نہیں،عبداللہ نے اس وقت  زمین پر قبضہ کیا ،لیکن وہ غیر آباد  زمین تھی۔</p><p>زید کے انتقال کے بعد عبداللہ نے وہ پوری ملکیت  زید کے بیٹے خالد حوالے کردی اور فاطمہ نے بھی وہ حصّہ جو کہ زید نے اپنی حیات میں اسے دیا تھا،خالد کے حوالے کردیا خوشی سے دستخط کے ساتھ،اب فاطمہ بیس سال بعد وراثت کا دعوی کررہی ہے،اپنے بچوں کے کہنے پر تو آیا اس کو میراث ملے گی، یا نہیں؟اگر ملے گی تو کس حساب سے؟ ازسر نو میراث کو تقسیم کیا جائے گا یا  وہ حصّہ  جو زید نے اپنی  حیات میں دیا جس کو خالد کے حوالے کردیا اور یہ بھی وضاحت فرمائیں کہ زید کا اپنی حیات میں اپنی بیٹی کو حصّہ دینا اس کا اعتبار کیا جائے گا ، یا نہیں؟نیز زید کا دوسرا بیٹا بکر بچپن میں انتقال کرگیا تھا۔ اس مسئلے میں راہنمائی فرمائیں ۔ شکریہ</p>,"<p> <strong> </strong>صورت مسئولہ میں اگر واقعی زید نے اپنے بھتیجے عبد اللہ کو  باقی زمین ہبہ کردی ،اور مالکانہ اختیارات کے ساتھ اس میں تصرف کرنے کا حق بھی دیا ہو،اگر چہ عبداللہ نےاس میں تصرف نہ بھی کیا ہو،تب  بھی عبداللہ اس زمین کا مالک بن گیاہے،لہذا جب عبداللہ نے اپنی مرضی سےمذکورہ زمین  زید مرحوم کے  بیٹےخالد کےحوالے کردی ،تواب اس زمین میں فاطمہ کی وراثت کا کوئی حق نہیں ہے۔</p><p>     اور زید نے اپنی حیات میں اپنی بیٹی کو جو حصہ دیا تھا اس کا اعتبار کیا جائے گا،اس حصے کی فاطمہ مالک بن گئی تھی ،لیکن جب اس نے اپنی رضامندی سے اپنے بھائی خالد کو وہ زمین دی ،تو اب اس زمین میں اس کا کوئی حق باقی نہیں رہا،لہذا فاطمہ یا اس کے بچوں کا پوری جائداد یا  اپنے حصے میں وراثت کا دعوی کرنا شرعا درست نہیں۔</p><p> <code>لما في شرح المجلة:</code></p><p><code>والمختار أن القبض يحصل بالتخلية في الهبة الصحيحة لا في فاسدها.(الباب الأول،المادة:837،ج:1/463،دار الكتب)</code></p><p><code>وفي الرد:</code></p><p><code>وحاصله: أن التخلية قبض حكما لو مع القدرة عليه بلا كلفة.(كتاب البيوع،مطلب:في شروط التخلية،  7/96،رشيدية)</code></p><p><code>وفي المحيط البرهاني:</code></p><p><code>       في «فتاوي أبي الليث» رجل قال لختنه بالفارسية :اين زمين ترا،فاذهب وازرعها إن كان قال الختن عندما قال هذه المقال: قبلت صارت الأرض له، وإن لم يقل قبلت لا شيء له.</code></p><p><code>(كتاب الهبة،الفصل الثاني:فيما يجوز من الهبة وما لا يجوز،9/173،إدارة القرآن)</code></p><p><code>       وفي البدائع:</code></p><p><code>            وعلى هذا يخرج ما إذا وهب أرضا فيها زرع دون الزرع أو شجرا عليها ثمر دون    الثمر أو وهب الزرع دون الأرض أو الثمر دون الشجر وخلى بينه وبين الموهوب له أنه لا يجوز لأن الموهوب متصل بما ليس بموهوب اتصال جزء بجزء فمنع صحة القبض(كتاب الهبة،فصل في شرائطها،8/109، دار الكتب العلمية)</code> فقط واللہ اعلم بالصواب</p><p style=""text-align: right;""><strong>دارالافتاء جامعہ فاروقیہ کراچی</strong></p><p><strong>فتوی نمبر:170/279</strong></p>","<div class=""gdlr-core-text-box-item-content"" style=""text-transform: none ;""><h3 style=""text-align: right;"">بھائی کو ہبہ میں ملی ہوئی جائیداد میں بہن حصّہ دار نہیں ہوگی</h3>
<h4 style=""text-align: right;"">سوال</h4>
<p>کیا فرماتے ہیں مفتیانِ کرام مندرجہ ذیل  مسئلہ کے بارے میں کہ زید کے دوبیٹے خالد اور بکر اور ایک بیٹی فاطمہ ہے،زید نے اپنی حیات میں  اپنی بیٹی کو حصہ دے دیا ،جو کہ شرعی وراثت کے  اعتبار سے کم تھا،لیکن فاطمہ نے بخوشی قبول کرلیا،بعد ازاں  زید نے پوری  ملکیت عبداللہ کے حوالے کردی جو کہ اس کا بھتیجا ہے، اور زید نے اسے یہ کہہ کر ملکیت حوالے کی کہ یہ پوری ملکیت تمہاری ہے،اس میں میرے بچوں کا کوئی حصہ نہیں،عبداللہ نے اس وقت  زمین پر قبضہ کیا ،لیکن وہ غیر آباد  زمین تھی۔</p>
<p>زید کے انتقال کے بعد عبداللہ نے وہ پوری ملکیت  زید کے بیٹے خالد حوالے کردی اور فاطمہ نے بھی وہ حصّہ جو کہ زید نے اپنی حیات میں اسے دیا تھا،خالد کے حوالے کردیا خوشی سے دستخط کے ساتھ،اب فاطمہ بیس سال بعد وراثت کا دعوی کررہی ہے،اپنے بچوں کے کہنے پر تو آیا اس کو میراث ملے گی، یا نہیں؟اگر ملے گی تو کس حساب سے؟ ازسر نو میراث کو تقسیم کیا جائے گا یا  وہ حصّہ  جو زید نے اپنی  حیات میں دیا جس کو خالد کے حوالے کردیا اور یہ بھی وضاحت فرمائیں کہ زید کا اپنی حیات میں اپنی بیٹی کو حصّہ دینا اس کا اعتبار کیا جائے گا ، یا نہیں؟نیز زید کا دوسرا بیٹا بکر بچپن میں انتقال کرگیا تھا۔ اس مسئلے میں راہنمائی فرمائیں ۔ شکریہ</p>
<h4 style=""text-align: right;"">جواب </h4>
<p> <strong> </strong>صورت مسئولہ میں اگر واقعی زید نے اپنے بھتیجے عبد اللہ کو  باقی زمین ہبہ کردی ،اور مالکانہ اختیارات کے ساتھ اس میں تصرف کرنے کا حق بھی دیا ہو،اگر چہ عبداللہ نےاس میں تصرف نہ بھی کیا ہو،تب  بھی عبداللہ اس زمین کا مالک بن گیاہے،لہذا جب عبداللہ نے اپنی مرضی سےمذکورہ زمین  زید مرحوم کے  بیٹےخالد کےحوالے کردی ،تواب اس زمین میں فاطمہ کی وراثت کا کوئی حق نہیں ہے۔</p>
<p>     اور زید نے اپنی حیات میں اپنی بیٹی کو جو حصہ دیا تھا اس کا اعتبار کیا جائے گا،اس حصے کی فاطمہ مالک بن گئی تھی ،لیکن جب اس نے اپنی رضامندی سے اپنے بھائی خالد کو وہ زمین دی ،تو اب اس زمین میں اس کا کوئی حق باقی نہیں رہا،لہذا فاطمہ یا اس کے بچوں کا پوری جائداد یا  اپنے حصے میں وراثت کا دعوی کرنا شرعا درست نہیں۔</p>
<p> <code>لما في شرح المجلة:</code></p>
<p><code>والمختار أن القبض يحصل بالتخلية في الهبة الصحيحة لا في فاسدها.(الباب الأول،المادة:837،ج:1/463،دار الكتب)</code></p>
<p><code>وفي الرد:</code></p>
<p><code>وحاصله: أن التخلية قبض حكما لو مع القدرة عليه بلا كلفة.(كتاب البيوع،مطلب:في شروط التخلية،  7/96،رشيدية)</code></p>
<p><code>وفي المحيط البرهاني:</code></p>
<p><code>       في «فتاوي أبي الليث» رجل قال لختنه بالفارسية :اين زمين ترا،فاذهب وازرعها إن كان قال الختن عندما قال هذه المقال: قبلت صارت الأرض له، وإن لم يقل قبلت لا شيء له.</code></p>
<p><code>(كتاب الهبة،الفصل الثاني:فيما يجوز من الهبة وما لا يجوز،9/173،إدارة القرآن)</code></p>
<p><code>       وفي البدائع:</code></p>
<p><code>            وعلى هذا يخرج ما إذا وهب أرضا فيها زرع دون الزرع أو شجرا عليها ثمر دون    الثمر أو وهب الزرع دون الأرض أو الثمر دون الشجر وخلى بينه وبين الموهوب له أنه لا يجوز لأن الموهوب متصل بما ليس بموهوب اتصال جزء بجزء فمنع صحة القبض(كتاب الهبة،فصل في شرائطها،8/109، دار الكتب العلمية)</code> فقط واللہ اعلم بالصواب</p>
<p style=""text-align: right;""><strong>دارالافتاء جامعہ فاروقیہ کراچی</strong></p>
<p><strong>فتوی نمبر:170/279</strong></p>
</div>",farooqia.com
https://www.farooqia.com/course/%d8%ad%d8%b6%d8%b1-%d8%aa-%d8%b9%d8%a7%d8%a6%d8%b4%db%81-%d8%b1%d8%b6%db%8c-%d8%a7%d9%84%d9%84%db%81-%d8%b9%d9%86%db%81%d8%a7-%da%a9%db%92-%db%8c%d9%82%db%8c%d9%86%db%8c-%d8%ac%d9%86%d8%aa%db%8c/,حضر ت عائشہ رضی اللہ عنہا کے یقینی جنتی ہونے کا حدیث سے ثبوت,0123456790,<p>کیا فرماتے ہیں مفتیانِ کرام مندرجہ ذیل  مسئلہ کے بارے میں کہ کچھ لوگ یہ دعوی کرتے ہیں  کہ جن لوگوں کے جنتی ہونے کا  رسول اللہ ﷺ نے  اعلان نہیں کیا  انہیں یقینی جنتی نہیں کہا جاسکتا ۔</p><p>اس صورت میں  کیا ہم ام المؤمنین حضرت عائشہ رضی اللہ عنہا کو یقینی جنتی  کہہ سکتے ہیں ؟ چونکہ یہ غیب کا معاملہ ہے۔ اگر ان کے جنتی ہونے کے بارے میں کوئی حدیث ہوتو ضرور  مطلع فرمائیں ۔ جزاک اللہ</p>,"<p>أم المؤمنین حضرت عائشہ رضي اللہ عنہا کے جنتی ہونے پر کئی احادیث شاہد ہیں،کہ حضرت عائشہ رضي اللہ عنہا دنیا وآخرت میں آپ صلی اللہ علیہ وسلم کی بیوی ہوں گی،جیسا کہ خود حضرت عائشہ رضي اللہ عنہا سے مروی ہے،کہ جبرئیل امین میری تصویر سبز ریشمی کپڑے کے ٹکڑے میں اللہ کے نبی صلی اللہ علیہ وسلم کے پاس لے کر آئے،اور فرمایا کہ یہ دنیا وآخرت میں آپ کی بیوی ہیں۔</p><p><code>لما في جامع الترمذي:</code></p><p><code>عن عائشة  أن جبریل جاء بصورتها في خرقة حریر خضراء إلی النبي صلی الله عليه وسلم فقال: إن هذه زوجتک في الدنیا والآخرة.(المناقب،باب:من فضل عائشة رضي الله عنها،135،ط:دارالسلام للنشر والتوزیع).</code></p><p><code>وفي صحیح البخاري:</code></p><p><code>حدثنا أبو مریم عبدالله بن زیاد الأسدي قال: لما سار طلحة والزبیر وعائشة إلی البصرة بعث علي عمار عمار بن یاسر وحسن بن عليّ فقدما علینا الکوفة فصعد المنبر،فکان الحسن بن علي فوق المنبر في أعلاه،وقام عمار أسفل من الحسن فاجتمعنا إليه فسمعت عمارا یقول: إن عائشة قد سارت إلی البصرة، ووالله إنها الزوجة نبیکم صلی الله عليه وسلم في الدنیا والآخرة، ولکن الله تبارک وتعالٰی ابتلاکم لیعلم إیاه تطیعون أم هي.(کتاب الفتن،باب الفتنة التي تموج کموج البحر،1224،ط:دارالسلام للنشر والتوزیع).</code></p><p><code>لمافي فضائل الصحابة:</code></p><p><code>عن أبي إسحاق أن رجلا وقع في عائشة وعابها فقال له عمار ویحک ماترید من حبیبة رسول الله صلی الله عليه وسلم ماترید من أم المؤمنین فأنا أشهد أنها زوجته في الجنة،بین یدي علي وعلي ساکت.(فضائل عائشة أم المؤمنین رضي الله عنها وغیر ذلک في أهل الیمن،2/868، ط:مؤسسة الرسالة).</code> فقط واللہ اعلم بالصواب</p><p style=""text-align: right;""><strong>دارالافتاء جامعہ فاروقیہ کراچی</strong></p><p><strong>فتوی نمبر:170/275</strong></p>","<div class=""gdlr-core-text-box-item-content"" style=""text-transform: none ;""><h3 style=""text-align: right;"">حضر ت عائشہ رضی اللہ عنہا کے یقینی جنتی ہونے کا حدیث سے ثبوت</h3>
<h4 style=""text-align: right;"">سوال</h4>
<p>کیا فرماتے ہیں مفتیانِ کرام مندرجہ ذیل  مسئلہ کے بارے میں کہ کچھ لوگ یہ دعوی کرتے ہیں  کہ جن لوگوں کے جنتی ہونے کا  رسول اللہ ﷺ نے  اعلان نہیں کیا  انہیں یقینی جنتی نہیں کہا جاسکتا ۔</p>
<p>اس صورت میں  کیا ہم ام المؤمنین حضرت عائشہ رضی اللہ عنہا کو یقینی جنتی  کہہ سکتے ہیں ؟ چونکہ یہ غیب کا معاملہ ہے۔ اگر ان کے جنتی ہونے کے بارے میں کوئی حدیث ہوتو ضرور  مطلع فرمائیں ۔ جزاک اللہ</p>
<h4 style=""text-align: right;"">جواب </h4>
<p>أم المؤمنین حضرت عائشہ رضي اللہ عنہا کے جنتی ہونے پر کئی احادیث شاہد ہیں،کہ حضرت عائشہ رضي اللہ عنہا دنیا وآخرت میں آپ صلی اللہ علیہ وسلم کی بیوی ہوں گی،جیسا کہ خود حضرت عائشہ رضي اللہ عنہا سے مروی ہے،کہ جبرئیل امین میری تصویر سبز ریشمی کپڑے کے ٹکڑے میں اللہ کے نبی صلی اللہ علیہ وسلم کے پاس لے کر آئے،اور فرمایا کہ یہ دنیا وآخرت میں آپ کی بیوی ہیں۔</p>
<p><code>لما في جامع الترمذي:</code></p>
<p><code>عن عائشة  أن جبریل جاء بصورتها في خرقة حریر خضراء إلی النبي صلی الله عليه وسلم فقال: إن هذه زوجتک في الدنیا والآخرة.(المناقب،باب:من فضل عائشة رضي الله عنها،135،ط:دارالسلام للنشر والتوزیع).</code></p>
<p><code>وفي صحیح البخاري:</code></p>
<p><code>حدثنا أبو مریم عبدالله بن زیاد الأسدي قال: لما سار طلحة والزبیر وعائشة إلی البصرة بعث علي عمار عمار بن یاسر وحسن بن عليّ فقدما علینا الکوفة فصعد المنبر،فکان الحسن بن علي فوق المنبر في أعلاه،وقام عمار أسفل من الحسن فاجتمعنا إليه فسمعت عمارا یقول: إن عائشة قد سارت إلی البصرة، ووالله إنها الزوجة نبیکم صلی الله عليه وسلم في الدنیا والآخرة، ولکن الله تبارک وتعالٰی ابتلاکم لیعلم إیاه تطیعون أم هي.(کتاب الفتن،باب الفتنة التي تموج کموج البحر،1224،ط:دارالسلام للنشر والتوزیع).</code></p>
<p><code>لمافي فضائل الصحابة:</code></p>
<p><code>عن أبي إسحاق أن رجلا وقع في عائشة وعابها فقال له عمار ویحک ماترید من حبیبة رسول الله صلی الله عليه وسلم ماترید من أم المؤمنین فأنا أشهد أنها زوجته في الجنة،بین یدي علي وعلي ساکت.(فضائل عائشة أم المؤمنین رضي الله عنها وغیر ذلک في أهل الیمن،2/868، ط:مؤسسة الرسالة).</code> فقط واللہ اعلم بالصواب</p>
<p style=""text-align: right;""><strong>دارالافتاء جامعہ فاروقیہ کراچی</strong></p>
<p><strong>فتوی نمبر:170/275</strong></p>
</div>",farooqia.com
https://www.farooqia.com/course/%da%86%d9%88%d8%b1%db%8c-%d8%b4%d8%af%db%81-%d8%ac%d8%a7%d9%86%d9%88%d8%b1-%d8%ae%d8%b1%db%8c%d8%af-%da%a9%d8%b1-%d9%82%d8%b1%d8%a8%d8%a7%d9%86%db%8c-%da%a9%d8%b1%d9%86%d8%a7/,چوری شدہ جانور خرید کر قربانی کرنا,0123456790,<p>کیا فرماتے ہیں مفتیانِ کرام مندرجہ ذیل  مسائل کے بارے میں  :</p><p>۱۔اگر کسی نے قربانی کے لیے بکرا خریدا پھر ذبح کرنے کے بعد پتہ چلا کہ  کہ یہ  بکر ا  چوری کا ہے تو ابھی اس کی قربانی کا کیا حکم ہے؟</p><p>۲۔اگر کسی نے قربانی کے لیے  بکرا خریدا  ، لیکن ذبح کرنے سے  پہلے پتہ چلا  کہ یہ بکرا چوری کا ہے ، اور اس حال میں  بائع  بھی غائب ہو گیا  تو ابھی اس کی قربانی کا کیا حکم ہے ؟ راہنمائی فرمائیں  ۔ شکریہ</p>,"<p>۱۔صورتِ مسئولہ میں  چوری کا جانور خریدنے والا شخص  اس جانور  کا مالک نہیں بنا ، جبکہ  قربانی  کے صحیح ہونے کے لیے  اس جانو ر کا مالک ہونا ضروری ہے، لہذا سوال میں ذکر کردہ  پہلی صورت  پہلی صورت  میں چوری   کا جانور  ذبح کرنے سے اس شخص کی قربانی  درست نہیں ہوئی۔</p><p>۲۔  اس صورت میں اس  شخص پر واجب ہے کہ وہ جانور اصل مالک تک پہنچادے  اور اگر اصل مالک  تک رسائی  کسی طرح بھی ممکن نہ ہو  تو پھر وہ  فقراء پر صدقہ کردے ۔</p><p><code>لما في البدائع:</code></p><p><code>والثاني ملك المحل وهو أن يكون المضحي ملك من عليه الأضحية فإن لم يكن لا تجوز لأن التضحية قربة ولا قربة في الذبح بملك الغير بغير إذنه وعلى هذا يخرج ما إذا اغتصب شاة إنسان فضحى بها عن نفسه أنه لا تجزيه لعدم الملك.</code></p><p><code>(كتاب التضحية،6317،ط: رشيدية)</code></p><p><code>وفي الشامية:</code></p><p><code>قال في البدائع:غصب شاة فضحى بها عن نفسه أنه لا تجزئه لعدم الملك.(كتاب الأضحية،4547،رشيدية)</code> فقط واللہ اعلم بالصواب</p><p style=""text-align: right;""><strong>دارالافتاء جامعہ فاروقیہ کراچی</strong></p><p><strong>فتوی نمبر:170/241</strong></p>","<div class=""gdlr-core-text-box-item-content"" style=""text-transform: none ;""><h3 style=""text-align: right;"">چوری شدہ جانور خرید کر قربانی کرنا</h3>
<h4 style=""text-align: right;"">سوال</h4>
<p>کیا فرماتے ہیں مفتیانِ کرام مندرجہ ذیل  مسائل کے بارے میں  :</p>
<p>۱۔اگر کسی نے قربانی کے لیے بکرا خریدا پھر ذبح کرنے کے بعد پتہ چلا کہ  کہ یہ  بکر ا  چوری کا ہے تو ابھی اس کی قربانی کا کیا حکم ہے؟</p>
<p>۲۔اگر کسی نے قربانی کے لیے  بکرا خریدا  ، لیکن ذبح کرنے سے  پہلے پتہ چلا  کہ یہ بکرا چوری کا ہے ، اور اس حال میں  بائع  بھی غائب ہو گیا  تو ابھی اس کی قربانی کا کیا حکم ہے ؟ راہنمائی فرمائیں  ۔ شکریہ</p>
<h4 style=""text-align: right;"">جواب </h4>
<p>۱۔صورتِ مسئولہ میں  چوری کا جانور خریدنے والا شخص  اس جانور  کا مالک نہیں بنا ، جبکہ  قربانی  کے صحیح ہونے کے لیے  اس جانو ر کا مالک ہونا ضروری ہے، لہذا سوال میں ذکر کردہ  پہلی صورت  پہلی صورت  میں چوری   کا جانور  ذبح کرنے سے اس شخص کی قربانی  درست نہیں ہوئی۔</p>
<p>۲۔  اس صورت میں اس  شخص پر واجب ہے کہ وہ جانور اصل مالک تک پہنچادے  اور اگر اصل مالک  تک رسائی  کسی طرح بھی ممکن نہ ہو  تو پھر وہ  فقراء پر صدقہ کردے ۔</p>
<p><code>لما في البدائع:</code></p>
<p><code>والثاني ملك المحل وهو أن يكون المضحي ملك من عليه الأضحية فإن لم يكن لا تجوز لأن التضحية قربة ولا قربة في الذبح بملك الغير بغير إذنه وعلى هذا يخرج ما إذا اغتصب شاة إنسان فضحى بها عن نفسه أنه لا تجزيه لعدم الملك.</code></p>
<p><code>(كتاب التضحية،6317،ط: رشيدية)</code></p>
<p><code>وفي الشامية:</code></p>
<p><code>قال في البدائع:غصب شاة فضحى بها عن نفسه أنه لا تجزئه لعدم الملك.(كتاب الأضحية،4547،رشيدية)</code> فقط واللہ اعلم بالصواب</p>
<p style=""text-align: right;""><strong>دارالافتاء جامعہ فاروقیہ کراچی</strong></p>
<p><strong>فتوی نمبر:170/241</strong></p>
</div>",farooqia.com
