link,title,question_html,answer_html,issued_at,fatwa_number,dar_ul_ifta,category_lvl_1,category_lvl_2,html_container
https://darulifta-deoband.com/home/ur/halal-haram/39103,چارٹر ڈ اکاؤنٹ كی ملازمت,<h2><u> سوال: </u> میں چارٹر ڈ اکاؤنٹ کا کورس کرتاہوں اور یہ جاننا چاہتاہوں کہ اس کورس کو کرنے کی اسلام اجازت دتیاہے یا نہیں؟ اور ساتھ ہی بینک کی ملازم کے بارے میں ہماری اسلامی شریعت سے کیا اجازت ملتی ہے؟ براہ کرم، قرآن وحدیث کی روشنی میں جواب دیں، کیوں کہ دونوں کاموں میں سود سے متعلق حساب بھی کرنا پڑتاہے، اس لیے یہ کہاں تک صحیح ہے ؟ میں یہ جاننا چاہتاہوں۔ </h2>,"<p>بسم الله الرحمن الرحيم</p><p> فتوی: 1222-1018/B=7/1433

حدیث شریف میں آیا ہے رسول اللہ صلی اللہ علیہ وسلم نے سود کھانے والے پر ، کھلانے والا پر، سودی حساب وکتاب لکھنے والے پر، سود کی گواہی دینے والے پر لعنت فرمائی ہے، اس سے معلوم ہوا کہ جس ملازمت میں سودی حساب وکتاب لکھنا ہوگا، وہ موجب لعنت، حرام وناجائز ہوگا، حرام کام کی آمدنی بھی حرام ہوتی ہے۔

</p><br><span style=""font-size:1.2em"">
								<p><strong>واللہ تعالیٰ اعلم</strong></p>
								<br class=""clear"">
								<p><strong>دارالافتاء،</strong><br>دارالعلوم دیوبند</p>
							</span>",01-Sep-2020,39103,darulifta-deoband.com,متفرقات,حلال و حرام,"<div id=""recent_fatwas"" class=""container tab-pane active""><br>
					<ul class=""answer_detail"">
												<li>
																					<div class=""cate_sec"">
								<p class=""category_name"">
									<span>
										متفرقات									</span> 
									&gt;&gt; 
									<span>
																		<a href=""https://darulifta-deoband.com/ur/category/n-a/MTA="">حلال و حرام</a>
									</span>
								</p>
								<p class=""quesid""><span class=""anser_id_urdu""> سوال نمبر: 39103</span><!--<span class=""country_urdu"">  : ملک</span> --></p>
							</div>
							<h2><u> عنوان:</u> چارٹر ڈ اکاؤنٹ كی ملازمت</h2>
							<h2><u> سوال: </u> میں چارٹر ڈ اکاؤنٹ کا کورس کرتاہوں اور یہ جاننا چاہتاہوں کہ اس کورس کو کرنے کی اسلام اجازت دتیاہے یا نہیں؟ اور ساتھ ہی بینک کی ملازم کے بارے میں ہماری اسلامی شریعت سے کیا اجازت ملتی ہے؟ براہ کرم، قرآن وحدیث کی روشنی میں جواب دیں، کیوں کہ دونوں کاموں میں سود سے متعلق حساب بھی کرنا پڑتاہے، اس لیے یہ کہاں تک صحیح ہے ؟ میں یہ جاننا چاہتاہوں۔ </h2>
							<p class=""fatwa_answer""><span class=""ans_urdu_id""> جواب نمبر: 39103</span><span style=""color:#efefef;display:none;"" class=""answer_date_urdu"">01-Sep-2020 : تاریخ اشاعت </span></p>
							<p>بسم الله الرحمن الرحيم</p>
							<p> فتوی: 1222-1018/B=7/1433

حدیث شریف میں آیا ہے رسول اللہ صلی اللہ علیہ وسلم نے سود کھانے والے پر ، کھلانے والا پر، سودی حساب وکتاب لکھنے والے پر، سود کی گواہی دینے والے پر لعنت فرمائی ہے، اس سے معلوم ہوا کہ جس ملازمت میں سودی حساب وکتاب لکھنا ہوگا، وہ موجب لعنت، حرام وناجائز ہوگا، حرام کام کی آمدنی بھی حرام ہوتی ہے۔

</p> 
							<br>
							<span style=""font-size:1.2em"">
								<p><strong>واللہ تعالیٰ اعلم</strong></p>
								<br class=""clear"">
								<p><strong>دارالافتاء،</strong><br>دارالعلوم دیوبند</p>
							</span>
						</li>
											</ul>
				</div>"
https://darulifta-deoband.com/home/ur/halal-haram/39000,جس جگہ میوزك وغیرہ ہو وہاں كھانا كھانا كیسا ہے؟,<h2><u> سوال: </u> رفتن بہ عروسی کہ درآن میوزک است آیا جاہز است؟ وخوردن غذای این عروسی چطور است حرام است یا حلال؟ و غذای کہ بدست بی نماز یا مشرک یا کافر پختہ شود خوردنش جاہز است؟</h2>,"<p>بسم الله الرحمن الرحيم</p><p> فتوی: 302-291/N=6/1433

(۱) رفتن بہ عروسیکہ دراں میوزک یا امرے دیگر از امور محرمہ فی الشرع باشد ودرو شرکت کردن جائز نیست قال في الدر (مع الرد کتاب الحظر والإباحة: ۹/۵۰۲، ط: زکریا دیوبند): وإن علم أولا باللعب لا یحضر أصلاً سواء کان ممن یقتدی بہ أولا․․․ إھ 
(۲) اگر بر جائے اطعام طعام امرے از امور محرمہ نباشد غیر مقتدا یعنی: شخص عامی را خوردن آں طعام دعوت جائز است، حرام نیست ولے ازیں چنیں دعوت احتراز اولیٰ است، وأما مقتدا از علما وصلحا واہل تقویٰ را دریں چنیں دعوت شرکت روا نیست، برآنہا از خوردن ہم چنیں دعوت احتراز واجب است۔ واگر برجائے اطعام طعام امرے از امور محرمہ باشد خوردن آں طعام دعوت مقتدا وغیر مقتدا کسے را روانیست، برہرشخص ازو احتراز واجب است۔ قال في الدر (مع الرد کتاب الحظر والإباحة: ۹/۵۰۱، ۵۰۲): دُعي إلی ولیمة وثمہ لعب أو غناء قعد وأکل لو المنکر في المنزل فلو علی المائدة لا ینبغي أن یقعد بل یخرج معرضا لقولہ تعالیٰ: فلا تقعد بعد الذکری مع القوم الظالمین، فإن قدر علی المنع فعل وإلا․․․ صبر إن لم یکن ممن یقتدی بہ فإن کان مقتدی ولم یقدر علی المنع خرج ولم یقعد إھ وفي الرد: قولہ “لا ینبغي أن یقعدٴٴ أي: یجب علیہ قال في الاختیار: لأن استماع اللہو حرام والإجابة سنة والامتناع عن الحرام أولی إھ․․․ إھ
(۳) غذائیکہ بدست بے نمازی پختہ شود خوردن آں ہیچ مضائقہ ندارد ولاکن بہتر ہمیں است کہ طعام بدست نمازی وپابند شرع پختانیدہ شود اگر میسر باشد اما غذائیکہ بدست کافر یا مشرک پختہ شود اگر درو آمیختن حرام یا نجس را یقین یا ظن غالب نباشد خوردن آں طعام ناجائز وحرام نیست واگر باشد خوردن آں روا نیست، واگر ہردو احتمال بدرجہٴ مساوی باشند از خوردن آں احتراز باید کردہ واولیٰ ہمیں است کہ طعام بدست مشرک یا کافر پختانیدہ نشود۔ 

</p><br><span style=""font-size:1.2em"">
								<p><strong>واللہ تعالیٰ اعلم</strong></p>
								<br class=""clear"">
								<p><strong>دارالافتاء،</strong><br>دارالعلوم دیوبند</p>
							</span>",31-Aug-2020,39000,darulifta-deoband.com,متفرقات,حلال و حرام,"<div id=""recent_fatwas"" class=""container tab-pane active""><br>
					<ul class=""answer_detail"">
												<li>
																					<div class=""cate_sec"">
								<p class=""category_name"">
									<span>
										متفرقات									</span> 
									&gt;&gt; 
									<span>
																		<a href=""https://darulifta-deoband.com/ur/category/n-a/MTA="">حلال و حرام</a>
									</span>
								</p>
								<p class=""quesid""><span class=""anser_id_urdu""> سوال نمبر: 39000</span><!--<span class=""country_urdu"">  : ملک</span> --></p>
							</div>
							<h2><u> عنوان:</u> جس جگہ میوزك وغیرہ ہو وہاں كھانا كھانا كیسا ہے؟</h2>
							<h2><u> سوال: </u> رفتن بہ عروسی کہ درآن میوزک است آیا جاہز است؟ وخوردن غذای این عروسی چطور است حرام است یا حلال؟ و غذای کہ بدست بی نماز یا مشرک یا کافر پختہ شود خوردنش جاہز است؟</h2>
							<p class=""fatwa_answer""><span class=""ans_urdu_id""> جواب نمبر: 39000</span><span style=""color:#efefef;display:none;"" class=""answer_date_urdu"">31-Aug-2020 : تاریخ اشاعت </span></p>
							<p>بسم الله الرحمن الرحيم</p>
							<p> فتوی: 302-291/N=6/1433

(۱) رفتن بہ عروسیکہ دراں میوزک یا امرے دیگر از امور محرمہ فی الشرع باشد ودرو شرکت کردن جائز نیست قال في الدر (مع الرد کتاب الحظر والإباحة: ۹/۵۰۲، ط: زکریا دیوبند): وإن علم أولا باللعب لا یحضر أصلاً سواء کان ممن یقتدی بہ أولا․․․ إھ 
(۲) اگر بر جائے اطعام طعام امرے از امور محرمہ نباشد غیر مقتدا یعنی: شخص عامی را خوردن آں طعام دعوت جائز است، حرام نیست ولے ازیں چنیں دعوت احتراز اولیٰ است، وأما مقتدا از علما وصلحا واہل تقویٰ را دریں چنیں دعوت شرکت روا نیست، برآنہا از خوردن ہم چنیں دعوت احتراز واجب است۔ واگر برجائے اطعام طعام امرے از امور محرمہ باشد خوردن آں طعام دعوت مقتدا وغیر مقتدا کسے را روانیست، برہرشخص ازو احتراز واجب است۔ قال في الدر (مع الرد کتاب الحظر والإباحة: ۹/۵۰۱، ۵۰۲): دُعي إلی ولیمة وثمہ لعب أو غناء قعد وأکل لو المنکر في المنزل فلو علی المائدة لا ینبغي أن یقعد بل یخرج معرضا لقولہ تعالیٰ: فلا تقعد بعد الذکری مع القوم الظالمین، فإن قدر علی المنع فعل وإلا․․․ صبر إن لم یکن ممن یقتدی بہ فإن کان مقتدی ولم یقدر علی المنع خرج ولم یقعد إھ وفي الرد: قولہ “لا ینبغي أن یقعدٴٴ أي: یجب علیہ قال في الاختیار: لأن استماع اللہو حرام والإجابة سنة والامتناع عن الحرام أولی إھ․․․ إھ
(۳) غذائیکہ بدست بے نمازی پختہ شود خوردن آں ہیچ مضائقہ ندارد ولاکن بہتر ہمیں است کہ طعام بدست نمازی وپابند شرع پختانیدہ شود اگر میسر باشد اما غذائیکہ بدست کافر یا مشرک پختہ شود اگر درو آمیختن حرام یا نجس را یقین یا ظن غالب نباشد خوردن آں طعام ناجائز وحرام نیست واگر باشد خوردن آں روا نیست، واگر ہردو احتمال بدرجہٴ مساوی باشند از خوردن آں احتراز باید کردہ واولیٰ ہمیں است کہ طعام بدست مشرک یا کافر پختانیدہ نشود۔ 

</p> 
							<br>
							<span style=""font-size:1.2em"">
								<p><strong>واللہ تعالیٰ اعلم</strong></p>
								<br class=""clear"">
								<p><strong>دارالافتاء،</strong><br>دارالعلوم دیوبند</p>
							</span>
						</li>
											</ul>
				</div>"
https://darulifta-deoband.com/home/ur/halal-haram/38982,پہلے سے اپنا محنتانہ مقرر کیے بغیر ایک طرف سے یا دونوں طرف سے لینا جائز نہیں۔,<h2><u> سوال: </u> وہ پروپرٹی ڈیلر جو دونوں طرف سے منافع لیتاہے ، کیا اس کا یہ منافع حلال ہے؟ اور دونوں پارٹیوں کو ان کے منافع کا پتانہیں ہوتا؟</h2>,"<p>بسم الله الرحمن الرحيم</p><p> فتوی:1051875-B=6/1433

پارٹی کو بتائے بغیر اور پہلے سے اپنا محنتانہ مقرر کیے بغیر ایک طرف سے یا دونوں طرف سے لینا جائز نہیں۔ پہلے اپنا محنتانہ طے کرکے بتادے اور اس کے لیے محنت اور بھاگ دوڑ بھی کرے جب پراپرٹی ڈیلر کو اپنا محنتانہ لینا جائز ہوگا۔

</p><br><span style=""font-size:1.2em"">
								<p><strong>واللہ تعالیٰ اعلم</strong></p>
								<br class=""clear"">
								<p><strong>دارالافتاء،</strong><br>دارالعلوم دیوبند</p>
							</span>",01-Sep-2020,38982,darulifta-deoband.com,متفرقات,حلال و حرام,"<div id=""recent_fatwas"" class=""container tab-pane active""><br>
					<ul class=""answer_detail"">
												<li>
																					<div class=""cate_sec"">
								<p class=""category_name"">
									<span>
										متفرقات									</span> 
									&gt;&gt; 
									<span>
																		<a href=""https://darulifta-deoband.com/ur/category/n-a/MTA="">حلال و حرام</a>
									</span>
								</p>
								<p class=""quesid""><span class=""anser_id_urdu""> سوال نمبر: 38982</span><!--<span class=""country_urdu"">  : ملک</span> --></p>
							</div>
							<h2><u> عنوان:</u> پہلے سے اپنا محنتانہ مقرر کیے بغیر ایک طرف سے یا دونوں طرف سے لینا جائز نہیں۔ </h2>
							<h2><u> سوال: </u> وہ پروپرٹی ڈیلر جو دونوں طرف سے منافع لیتاہے ، کیا اس کا یہ منافع حلال ہے؟ اور دونوں پارٹیوں کو ان کے منافع کا پتانہیں ہوتا؟</h2>
							<p class=""fatwa_answer""><span class=""ans_urdu_id""> جواب نمبر: 38982</span><span style=""color:#efefef;display:none;"" class=""answer_date_urdu"">01-Sep-2020 : تاریخ اشاعت </span></p>
							<p>بسم الله الرحمن الرحيم</p>
							<p> فتوی:1051875-B=6/1433

پارٹی کو بتائے بغیر اور پہلے سے اپنا محنتانہ مقرر کیے بغیر ایک طرف سے یا دونوں طرف سے لینا جائز نہیں۔ پہلے اپنا محنتانہ طے کرکے بتادے اور اس کے لیے محنت اور بھاگ دوڑ بھی کرے جب پراپرٹی ڈیلر کو اپنا محنتانہ لینا جائز ہوگا۔

</p> 
							<br>
							<span style=""font-size:1.2em"">
								<p><strong>واللہ تعالیٰ اعلم</strong></p>
								<br class=""clear"">
								<p><strong>دارالافتاء،</strong><br>دارالعلوم دیوبند</p>
							</span>
						</li>
											</ul>
				</div>"
https://darulifta-deoband.com/home/ur/halal-haram/38975,صرف سنی سنائی بات پر تو حرام ہونے کا حکم نہیں لگایا جاسکتا,<h2><u> سوال: </u> lays chipsکے بارے میں پوچھنا تھا کہ یہ ٹھیک ہوتاہے یا نہیں؟؟ ان کے بارے میں سننے میں آیا تھا کہ جو آئل استعمال کیاجاتاہے اس میں حرام جانور کی چربی استعمال ہوتاہے۔ برائے مہربانی اس پر روشنی ڈالیں۔ </h2>,"<p>بسم الله الرحمن الرحيم</p><p> فتوی: 861-861/M=6/1433

صرف سنی سنائی بات پر تو حرام ہونے کا حکم نہیں لگایا جاسکتا، ہاں اگر شرعی شہادت سے حرام جانور کی چربی کا ڈالنا ثابت ہوجائے تو استعمال ناجائز ہوگا ورنہ نہیں، کوئی شک کی بنا پر احتیاط کرے تو اچھا ہے۔ 

</p><br><span style=""font-size:1.2em"">
								<p><strong>واللہ تعالیٰ اعلم</strong></p>
								<br class=""clear"">
								<p><strong>دارالافتاء،</strong><br>دارالعلوم دیوبند</p>
							</span>",01-Sep-2020,38975,darulifta-deoband.com,متفرقات,حلال و حرام,"<div id=""recent_fatwas"" class=""container tab-pane active""><br>
					<ul class=""answer_detail"">
												<li>
																					<div class=""cate_sec"">
								<p class=""category_name"">
									<span>
										متفرقات									</span> 
									&gt;&gt; 
									<span>
																		<a href=""https://darulifta-deoband.com/ur/category/n-a/MTA="">حلال و حرام</a>
									</span>
								</p>
								<p class=""quesid""><span class=""anser_id_urdu""> سوال نمبر: 38975</span><!--<span class=""country_urdu"">  : ملک</span> --></p>
							</div>
							<h2><u> عنوان:</u> صرف سنی سنائی بات پر تو حرام ہونے کا حکم نہیں لگایا جاسکتا</h2>
							<h2><u> سوال: </u> lays chipsکے بارے میں پوچھنا تھا کہ یہ ٹھیک ہوتاہے یا نہیں؟؟ ان کے بارے میں سننے میں آیا تھا کہ جو آئل استعمال کیاجاتاہے اس میں حرام جانور کی چربی استعمال ہوتاہے۔ برائے مہربانی اس پر روشنی ڈالیں۔ </h2>
							<p class=""fatwa_answer""><span class=""ans_urdu_id""> جواب نمبر: 38975</span><span style=""color:#efefef;display:none;"" class=""answer_date_urdu"">01-Sep-2020 : تاریخ اشاعت </span></p>
							<p>بسم الله الرحمن الرحيم</p>
							<p> فتوی: 861-861/M=6/1433

صرف سنی سنائی بات پر تو حرام ہونے کا حکم نہیں لگایا جاسکتا، ہاں اگر شرعی شہادت سے حرام جانور کی چربی کا ڈالنا ثابت ہوجائے تو استعمال ناجائز ہوگا ورنہ نہیں، کوئی شک کی بنا پر احتیاط کرے تو اچھا ہے۔ 

</p> 
							<br>
							<span style=""font-size:1.2em"">
								<p><strong>واللہ تعالیٰ اعلم</strong></p>
								<br class=""clear"">
								<p><strong>دارالافتاء،</strong><br>دارالعلوم دیوبند</p>
							</span>
						</li>
											</ul>
				</div>"
https://darulifta-deoband.com/home/ur/halal-haram/38942,كیا ہم تانترک کے پاس جا سکتے ہیں؟,<h2><u> سوال: </u> میرے گھر پہ گندا شیطانی عمل کرایا جا رہا ہے اور بہت پریشانی ہے ،بہت سے مولانا آئے اور کوشش کر کے ہار گئے اب انکا کہنا ہے کہ رحمانی علاج سے ٹھیک نہیں ہو پا رہا تو کیا صرف نجات پانے کے لئے ہملوگ شیطانی عمل کروا سکتے ہیں،صرف شفا حاصل کرنے کے لئے کیا کسی وجھ یا تانترک کے پاس جا سکتے ہیں؟</h2>,"<p>بسم الله الرحمن الرحيم</p><p> فتوی: 996-821/B=6/1433

شیطانی عمل کروانا مسلمان کے لیے ناجائز ہے، لیکن اگر کسی حاسد اور دشمن نے شیطانی عمل کرکے آپ کو انتہائی پریشان کررکھا ہے۔ رحمانی علاج ہرممکن علاج کرلیا مگر کوئی فائدہ نہیں ہوا۔ آپ کی پریشانی بدستور باقی ہے تو شیطانی عمل کو برحق نہ سمجھتے ہوئے محض دفع ضرر اور حصول نجات کے لیے انتہائی مجبوری میں کر سکتے ہیں، مگر اس ناجائز کے عمل کو صحیح اور برحق نہ سمجھیں۔ نہ آپ کوئی مشرکانہ عمل کریں۔ان شرطوں کے ساتھ اجازت ہے۔

</p><br><span style=""font-size:1.2em"">
								<p><strong>واللہ تعالیٰ اعلم</strong></p>
								<br class=""clear"">
								<p><strong>دارالافتاء،</strong><br>دارالعلوم دیوبند</p>
							</span>",31-Aug-2020,38942,darulifta-deoband.com,متفرقات,حلال و حرام,"<div id=""recent_fatwas"" class=""container tab-pane active""><br>
					<ul class=""answer_detail"">
												<li>
																					<div class=""cate_sec"">
								<p class=""category_name"">
									<span>
										متفرقات									</span> 
									&gt;&gt; 
									<span>
																		<a href=""https://darulifta-deoband.com/ur/category/n-a/MTA="">حلال و حرام</a>
									</span>
								</p>
								<p class=""quesid""><span class=""anser_id_urdu""> سوال نمبر: 38942</span><!--<span class=""country_urdu"">  : ملک</span> --></p>
							</div>
							<h2><u> عنوان:</u> كیا ہم تانترک کے پاس جا سکتے ہیں؟</h2>
							<h2><u> سوال: </u> میرے گھر پہ گندا شیطانی عمل کرایا جا رہا ہے اور بہت پریشانی ہے ،بہت سے مولانا آئے اور کوشش کر کے ہار گئے اب انکا کہنا ہے کہ رحمانی علاج سے ٹھیک نہیں ہو پا رہا تو کیا صرف نجات پانے کے لئے ہملوگ شیطانی عمل کروا سکتے ہیں،صرف شفا حاصل کرنے کے لئے کیا کسی وجھ یا تانترک کے پاس جا سکتے ہیں؟</h2>
							<p class=""fatwa_answer""><span class=""ans_urdu_id""> جواب نمبر: 38942</span><span style=""color:#efefef;display:none;"" class=""answer_date_urdu"">31-Aug-2020 : تاریخ اشاعت </span></p>
							<p>بسم الله الرحمن الرحيم</p>
							<p> فتوی: 996-821/B=6/1433

شیطانی عمل کروانا مسلمان کے لیے ناجائز ہے، لیکن اگر کسی حاسد اور دشمن نے شیطانی عمل کرکے آپ کو انتہائی پریشان کررکھا ہے۔ رحمانی علاج ہرممکن علاج کرلیا مگر کوئی فائدہ نہیں ہوا۔ آپ کی پریشانی بدستور باقی ہے تو شیطانی عمل کو برحق نہ سمجھتے ہوئے محض دفع ضرر اور حصول نجات کے لیے انتہائی مجبوری میں کر سکتے ہیں، مگر اس ناجائز کے عمل کو صحیح اور برحق نہ سمجھیں۔ نہ آپ کوئی مشرکانہ عمل کریں۔ان شرطوں کے ساتھ اجازت ہے۔

</p> 
							<br>
							<span style=""font-size:1.2em"">
								<p><strong>واللہ تعالیٰ اعلم</strong></p>
								<br class=""clear"">
								<p><strong>دارالافتاء،</strong><br>دارالعلوم دیوبند</p>
							</span>
						</li>
											</ul>
				</div>"
https://darulifta-deoband.com/home/ur/halal-haram/38941,سودی رقم کا حکم یہی ہے کہ بلانیت ثواب غرباء فقراء مساکین محتاجوں کو وبال سے بچنے کی نیت کرکے دیدیں,<h2><u> سوال: </u> کیا اپنا ٹکیس بچانے کے لئے میں بینک میں فکس ڈپوزٹ کرا سکتا ہو ، چونکہ فکس ڈپوزٹ ٹیکس نہیں کٹ گا اور اس پر ملنے والے سود ی رقم کو میں غریبوں میں تقسیم کردں گااور ایک روپیہ بھی اپنے اپر نہ خرچ کروں تو کیا اس صورت میں فکس ڈپوزٹ کروا سکتا ہوں؟</h2>,"<p>بسم الله الرحمن الرحيم</p><p> فتوی: 909-559/H=6/1433

ٹیکس سے بچنے کی غرض اور نیت سے فکس ڈیپازٹ کرالینے کی گنجائش ہے، سودی رقم کا حکم یہی ہے کہ بلانیت ثواب غرباء فقراء مساکین محتاجوں کو وبال سے بچنے کی نیت کرکے دیدیں۔	
</p><br><span style=""font-size:1.2em"">
								<p><strong>واللہ تعالیٰ اعلم</strong></p>
								<br class=""clear"">
								<p><strong>دارالافتاء،</strong><br>دارالعلوم دیوبند</p>
							</span>",29-Aug-2020,38941,darulifta-deoband.com,متفرقات,حلال و حرام,"<div id=""recent_fatwas"" class=""container tab-pane active""><br>
					<ul class=""answer_detail"">
												<li>
																					<div class=""cate_sec"">
								<p class=""category_name"">
									<span>
										متفرقات									</span> 
									&gt;&gt; 
									<span>
																		<a href=""https://darulifta-deoband.com/ur/category/n-a/MTA="">حلال و حرام</a>
									</span>
								</p>
								<p class=""quesid""><span class=""anser_id_urdu""> سوال نمبر: 38941</span><!--<span class=""country_urdu"">  : ملک</span> --></p>
							</div>
							<h2><u> عنوان:</u> سودی رقم کا حکم یہی ہے کہ بلانیت ثواب غرباء فقراء مساکین محتاجوں کو وبال سے بچنے کی نیت کرکے دیدیں</h2>
							<h2><u> سوال: </u> کیا اپنا ٹکیس بچانے کے لئے میں بینک میں فکس ڈپوزٹ کرا سکتا ہو ، چونکہ فکس ڈپوزٹ ٹیکس نہیں کٹ گا اور اس پر ملنے والے سود ی رقم کو میں غریبوں میں تقسیم کردں گااور ایک روپیہ بھی اپنے اپر نہ خرچ کروں تو کیا اس صورت میں فکس ڈپوزٹ کروا سکتا ہوں؟</h2>
							<p class=""fatwa_answer""><span class=""ans_urdu_id""> جواب نمبر: 38941</span><span style=""color:#efefef;display:none;"" class=""answer_date_urdu"">29-Aug-2020 : تاریخ اشاعت </span></p>
							<p>بسم الله الرحمن الرحيم</p>
							<p> فتوی: 909-559/H=6/1433

ٹیکس سے بچنے کی غرض اور نیت سے فکس ڈیپازٹ کرالینے کی گنجائش ہے، سودی رقم کا حکم یہی ہے کہ بلانیت ثواب غرباء فقراء مساکین محتاجوں کو وبال سے بچنے کی نیت کرکے دیدیں۔	
</p> 
							<br>
							<span style=""font-size:1.2em"">
								<p><strong>واللہ تعالیٰ اعلم</strong></p>
								<br class=""clear"">
								<p><strong>دارالافتاء،</strong><br>دارالعلوم دیوبند</p>
							</span>
						</li>
											</ul>
				</div>"
https://darulifta-deoband.com/home/ur/halal-haram/38934,جیب خرچ,<h2><u> سوال: </u> جی مجھے یہ بتائیں کہ مجھے میرے ابّو جیب خرچ نہیں دیتے ہیں جس کی وجہ سے مجھے بہت مشقت ہوتی ہے تو میں جب اپنی پڑھائی کی فیس لیتا ہوں تو میں اسی میں جیب خرچ بھی لیلے تا ہوں اور ابّو کو بولتا ہوں کہ یہ میری پڑھائی کی فیس ہے ..میرا جیب خرچ میرا حقق ہے ور اس طرح جو میں کر رہا ہوں کیا اس میں کچھ گناہ تو نہیں کر رہا؟</h2>,"<p>بسم الله الرحمن الرحيم</p><p> فتوی: 256-274/N=6/1433

فیس زائد بتاکر جیب خرچ حاصل کرنا ناجائز وحرام ہے کیونکہ یہ جھوٹ ہے اور آپ کی ضروریات پوری کرنا تو ان کی ذمہ داری ہے، لیکن آپ کا روزانہ کا خرچ ان کی ذمہ داری سے خارج ہے، اس لیے اگر وہ جیب خرچ کے نام پر پیسے مانگنے پر آپ کو پیسے دیں تو آپ وہ لے لیں اور اس سے اپنا جیب خرچ جلائیں نہیں تو زائد فیس بتاکر جیب خرچ حاصل کرنے سے آپ گریز کریں۔

</p><br><span style=""font-size:1.2em"">
								<p><strong>واللہ تعالیٰ اعلم</strong></p>
								<br class=""clear"">
								<p><strong>دارالافتاء،</strong><br>دارالعلوم دیوبند</p>
							</span>",01-Sep-2020,38934,darulifta-deoband.com,متفرقات,حلال و حرام,"<div id=""recent_fatwas"" class=""container tab-pane active""><br>
					<ul class=""answer_detail"">
												<li>
																					<div class=""cate_sec"">
								<p class=""category_name"">
									<span>
										متفرقات									</span> 
									&gt;&gt; 
									<span>
																		<a href=""https://darulifta-deoband.com/ur/category/n-a/MTA="">حلال و حرام</a>
									</span>
								</p>
								<p class=""quesid""><span class=""anser_id_urdu""> سوال نمبر: 38934</span><!--<span class=""country_urdu"">  : ملک</span> --></p>
							</div>
							<h2><u> عنوان:</u> جیب خرچ </h2>
							<h2><u> سوال: </u> جی مجھے یہ بتائیں کہ مجھے میرے ابّو جیب خرچ نہیں دیتے ہیں جس کی وجہ سے مجھے بہت مشقت ہوتی ہے تو میں جب اپنی پڑھائی کی فیس لیتا ہوں تو میں اسی میں جیب خرچ بھی لیلے تا ہوں اور ابّو کو بولتا ہوں کہ یہ میری پڑھائی کی فیس ہے ..میرا جیب خرچ میرا حقق ہے ور اس طرح جو میں کر رہا ہوں کیا اس میں کچھ گناہ تو نہیں کر رہا؟</h2>
							<p class=""fatwa_answer""><span class=""ans_urdu_id""> جواب نمبر: 38934</span><span style=""color:#efefef;display:none;"" class=""answer_date_urdu"">01-Sep-2020 : تاریخ اشاعت </span></p>
							<p>بسم الله الرحمن الرحيم</p>
							<p> فتوی: 256-274/N=6/1433

فیس زائد بتاکر جیب خرچ حاصل کرنا ناجائز وحرام ہے کیونکہ یہ جھوٹ ہے اور آپ کی ضروریات پوری کرنا تو ان کی ذمہ داری ہے، لیکن آپ کا روزانہ کا خرچ ان کی ذمہ داری سے خارج ہے، اس لیے اگر وہ جیب خرچ کے نام پر پیسے مانگنے پر آپ کو پیسے دیں تو آپ وہ لے لیں اور اس سے اپنا جیب خرچ جلائیں نہیں تو زائد فیس بتاکر جیب خرچ حاصل کرنے سے آپ گریز کریں۔

</p> 
							<br>
							<span style=""font-size:1.2em"">
								<p><strong>واللہ تعالیٰ اعلم</strong></p>
								<br class=""clear"">
								<p><strong>دارالافتاء،</strong><br>دارالعلوم دیوبند</p>
							</span>
						</li>
											</ul>
				</div>"
https://darulifta-deoband.com/home/ur/halal-haram/38932,شادی كا كھانا,<h2><u> سوال: </u> مجھے یہ بتائیں کہ ہمارے گھر میں شادی کا کھانا آتاہے تو اسے کھانا جائز ہے یا نہیں؟ کیوں کہ شادی تو ہندوانہ رسم ہے اور یہ کھانا کیا حرام ہے یا مکروہ یا پھر کیا ہے؟حرام اور مکروہ میں وضاحت فرمائیں۔ </h2>,"<p>بسم الله الرحمن الرحيم</p><p> فتوی: 998-823/B=6/1433

شادی کے معنی خوشی کے آتے ہیں، نکاح، رخصتی، ولیمہ ان سب میں خوشی پائی جاتی ہے، اس لیے نکاح کو شادی بھی بولتے ہیں، آپ کے پاس شادی کا کھانا آتا ہے اور بھیجنے والا حلال وجائز کمائی کماتا ہے اس کا کھانا قبول کرنا درست ہے۔ شادی میں کچھ لوگ جائز اور صحیح طریقے بھی اپناتے ہیں اور کچھ لوگ ہندوانہ طریقے اپناتے ہیں، اس سے کھانے میں کوئی قباحت نہیں آتی۔ نہ یہ حرام ہے نہ مکروہ۔ آپ بلاتردد کھاسکتے ہیں۔

</p><br><span style=""font-size:1.2em"">
								<p><strong>واللہ تعالیٰ اعلم</strong></p>
								<br class=""clear"">
								<p><strong>دارالافتاء،</strong><br>دارالعلوم دیوبند</p>
							</span>",31-Aug-2020,38932,darulifta-deoband.com,متفرقات,حلال و حرام,"<div id=""recent_fatwas"" class=""container tab-pane active""><br>
					<ul class=""answer_detail"">
												<li>
																					<div class=""cate_sec"">
								<p class=""category_name"">
									<span>
										متفرقات									</span> 
									&gt;&gt; 
									<span>
																		<a href=""https://darulifta-deoband.com/ur/category/n-a/MTA="">حلال و حرام</a>
									</span>
								</p>
								<p class=""quesid""><span class=""anser_id_urdu""> سوال نمبر: 38932</span><!--<span class=""country_urdu"">  : ملک</span> --></p>
							</div>
							<h2><u> عنوان:</u> شادی كا كھانا</h2>
							<h2><u> سوال: </u> مجھے یہ بتائیں کہ ہمارے گھر میں شادی کا کھانا آتاہے تو اسے کھانا جائز ہے یا نہیں؟ کیوں کہ شادی تو ہندوانہ رسم ہے اور یہ کھانا کیا حرام ہے یا مکروہ یا پھر کیا ہے؟حرام اور مکروہ میں وضاحت فرمائیں۔ </h2>
							<p class=""fatwa_answer""><span class=""ans_urdu_id""> جواب نمبر: 38932</span><span style=""color:#efefef;display:none;"" class=""answer_date_urdu"">31-Aug-2020 : تاریخ اشاعت </span></p>
							<p>بسم الله الرحمن الرحيم</p>
							<p> فتوی: 998-823/B=6/1433

شادی کے معنی خوشی کے آتے ہیں، نکاح، رخصتی، ولیمہ ان سب میں خوشی پائی جاتی ہے، اس لیے نکاح کو شادی بھی بولتے ہیں، آپ کے پاس شادی کا کھانا آتا ہے اور بھیجنے والا حلال وجائز کمائی کماتا ہے اس کا کھانا قبول کرنا درست ہے۔ شادی میں کچھ لوگ جائز اور صحیح طریقے بھی اپناتے ہیں اور کچھ لوگ ہندوانہ طریقے اپناتے ہیں، اس سے کھانے میں کوئی قباحت نہیں آتی۔ نہ یہ حرام ہے نہ مکروہ۔ آپ بلاتردد کھاسکتے ہیں۔

</p> 
							<br>
							<span style=""font-size:1.2em"">
								<p><strong>واللہ تعالیٰ اعلم</strong></p>
								<br class=""clear"">
								<p><strong>دارالافتاء،</strong><br>دارالعلوم دیوبند</p>
							</span>
						</li>
											</ul>
				</div>"
https://darulifta-deoband.com/home/ur/halal-haram/38916,شادی میں شرکت,<h2><u> سوال: </u> ایک شادی جس میں مندرجازیل باتیں ہوں تو کیا اس میں شرکت جائز ہے ؟۱) مخلوط کھانا ہو ، ۲) ویڈیو بن رہی ہو ، ۳) نامحرام اور محرم سب بیپردہ ایک ساتھ ہوں ، ۴)غیبت ہو رہی ہو، ۵) غیر اسلامی رسومات جو آج کل معاشرے میں ہیں وہ ہوں رہی ہوں ، ۶) جس کی بیٹی کی شادی ہو وہ بینک کا ملازم ہو، ۷ ) موسیقی چل رہی ہو ، جزاک اللہ</h2>,"<p>بسم الله الرحمن الرحيم</p><p> فتوی: 982-806/B=6/1433

مذکورہ بالا جس قدر باتیں آپ نے تحریر فرمائی ہیں اگر یہ سب شادی کی محفل میں پائی جاتی ہیں تو ایسی شادی میں شرکت نہ کرنی چاہیے، خاص کر دین دار اور اہل علم کو بڑی احتیاط کرنی چاہیے، ایسی شادی میں شرکت کرنے سے گناہ بھی ہوتا ہے اور بدنامی بھی ہوتی ہے۔

</p><br><span style=""font-size:1.2em"">
								<p><strong>واللہ تعالیٰ اعلم</strong></p>
								<br class=""clear"">
								<p><strong>دارالافتاء،</strong><br>دارالعلوم دیوبند</p>
							</span>",01-Sep-2020,38916,darulifta-deoband.com,متفرقات,حلال و حرام,"<div id=""recent_fatwas"" class=""container tab-pane active""><br>
					<ul class=""answer_detail"">
												<li>
																					<div class=""cate_sec"">
								<p class=""category_name"">
									<span>
										متفرقات									</span> 
									&gt;&gt; 
									<span>
																		<a href=""https://darulifta-deoband.com/ur/category/n-a/MTA="">حلال و حرام</a>
									</span>
								</p>
								<p class=""quesid""><span class=""anser_id_urdu""> سوال نمبر: 38916</span><!--<span class=""country_urdu"">  : ملک</span> --></p>
							</div>
							<h2><u> عنوان:</u> شادی میں شرکت </h2>
							<h2><u> سوال: </u> ایک شادی جس میں مندرجازیل باتیں ہوں تو کیا اس میں شرکت جائز ہے ؟۱) مخلوط کھانا ہو ، ۲) ویڈیو بن رہی ہو ، ۳) نامحرام اور محرم سب بیپردہ ایک ساتھ ہوں ، ۴)غیبت ہو رہی ہو، ۵) غیر اسلامی رسومات جو آج کل معاشرے میں ہیں وہ ہوں رہی ہوں ، ۶) جس کی بیٹی کی شادی ہو وہ بینک کا ملازم ہو، ۷ ) موسیقی چل رہی ہو ، جزاک اللہ</h2>
							<p class=""fatwa_answer""><span class=""ans_urdu_id""> جواب نمبر: 38916</span><span style=""color:#efefef;display:none;"" class=""answer_date_urdu"">01-Sep-2020 : تاریخ اشاعت </span></p>
							<p>بسم الله الرحمن الرحيم</p>
							<p> فتوی: 982-806/B=6/1433

مذکورہ بالا جس قدر باتیں آپ نے تحریر فرمائی ہیں اگر یہ سب شادی کی محفل میں پائی جاتی ہیں تو ایسی شادی میں شرکت نہ کرنی چاہیے، خاص کر دین دار اور اہل علم کو بڑی احتیاط کرنی چاہیے، ایسی شادی میں شرکت کرنے سے گناہ بھی ہوتا ہے اور بدنامی بھی ہوتی ہے۔

</p> 
							<br>
							<span style=""font-size:1.2em"">
								<p><strong>واللہ تعالیٰ اعلم</strong></p>
								<br class=""clear"">
								<p><strong>دارالافتاء،</strong><br>دارالعلوم دیوبند</p>
							</span>
						</li>
											</ul>
				</div>"
https://darulifta-deoband.com/home/ur/halal-haram/38818,تکافل اور انشورنس میں کیا فرق ہے؟,<h2><u> سوال: </u> پاکستان سمیت دنیا کے مختلف مسلم ممالک میں انشورنس کے متبادل کے طور پر تکافل کا نظام راء ج ہے۔ جسکے بارے میں کہا جاتا ہے کہ یہ نظام علماء اکرام نے متعارف کروایا ہے اور اس کی بنیاد وقف اور تبرع پر بتاء ی جاتی ہے۔ اور پاکستان میں اس کی سرپرستی اور نگرانی مختلف علماء اکرام کر رہے۔ میں یہ جاننا چاہتا ہوں کہ کیا واقعی تکافل کا یہ نظام انشورنس کا اسلامی متبادل ہے؟اور کیا اس قسم کے نظام میں سرمایہ کاری کی جاسکتی ہے؟اگر آپ کے علم میں تاحال تکافل کا یہ نظام مکمل طور پر نہیں پہنچ سکا تو بھی اسکے بارے میں مکمل علم اور آگہی حاصل کر کے جواب عنایت فرمایں۔</h2>,"<p>بسم الله الرحمن الرحيم</p><p> فتوی: 1019-207/D=7/1433 انشورنس سود اور جوے پر مشتمل ہونے کی بنا پر ناجائز اور حرام ہے، جب کہ تکافل میں سود اور قمار کی صورت نہیں پائی جاتی بلکہ ممبران کا سرمایہ جمع کرکے اسے کاروبار میں لگایا جاتا ہے اور اس کے نفع کی ایک متعینہ مقدار امدادی فنڈ کے نام سے کردی جاتی ہے، پھر شرائط کے مطابق اسی فنڈ سے حادثات وغیرہ کے پیش آنے کی صورت میں حادثہ کے شکار شخص کی مدد کی جاتی ہے، شرعاً یہ جائز ہے اور امدادی فنڈ کے نام سے الگ کی گئی وقف ہوتی اور دینے والوں کا تبرع ہوتا ہے، اسی لیے کہا جاتا ہے اس کی بنیاد وقف اور تبرع ہوتا ہے۔</p><br><span style=""font-size:1.2em"">
								<p><strong>واللہ تعالیٰ اعلم</strong></p>
								<br class=""clear"">
								<p><strong>دارالافتاء،</strong><br>دارالعلوم دیوبند</p>
							</span>",13-Feb-2023,38818,darulifta-deoband.com,متفرقات,حلال و حرام,"<div id=""recent_fatwas"" class=""container tab-pane active""><br>
					<ul class=""answer_detail"">
												<li>
																					<div class=""cate_sec"">
								<p class=""category_name"">
									<span>
										متفرقات									</span> 
									&gt;&gt; 
									<span>
																		<a href=""https://darulifta-deoband.com/ur/category/n-a/MTA="">حلال و حرام</a>
									</span>
								</p>
								<p class=""quesid""><span class=""anser_id_urdu""> سوال نمبر: 38818</span><!--<span class=""country_urdu"">  : ملک</span> --></p>
							</div>
							<h2><u> عنوان:</u> تکافل اور انشورنس میں کیا فرق ہے؟</h2>
							<h2><u> سوال: </u> پاکستان سمیت دنیا کے مختلف مسلم ممالک میں انشورنس کے متبادل کے طور پر تکافل کا نظام راء ج ہے۔ جسکے بارے میں کہا جاتا ہے کہ یہ نظام علماء اکرام نے متعارف کروایا ہے اور اس کی بنیاد وقف اور تبرع پر بتاء ی جاتی ہے۔ اور پاکستان میں اس کی سرپرستی اور نگرانی مختلف علماء اکرام کر رہے۔ میں یہ جاننا چاہتا ہوں کہ کیا واقعی تکافل کا یہ نظام انشورنس کا اسلامی متبادل ہے؟اور کیا اس قسم کے نظام میں سرمایہ کاری کی جاسکتی ہے؟اگر آپ کے علم میں تاحال تکافل کا یہ نظام مکمل طور پر نہیں پہنچ سکا تو بھی اسکے بارے میں مکمل علم اور آگہی حاصل کر کے جواب عنایت فرمایں۔</h2>
							<p class=""fatwa_answer""><span class=""ans_urdu_id""> جواب نمبر: 38818</span><span style=""color:#efefef;display:none;"" class=""answer_date_urdu"">13-Feb-2023 : تاریخ اشاعت </span></p>
							<p>بسم الله الرحمن الرحيم</p>
							<p> فتوی: 1019-207/D=7/1433 انشورنس سود اور جوے پر مشتمل ہونے کی بنا پر ناجائز اور حرام ہے، جب کہ تکافل میں سود اور قمار کی صورت نہیں پائی جاتی بلکہ ممبران کا سرمایہ جمع کرکے اسے کاروبار میں لگایا جاتا ہے اور اس کے نفع کی ایک متعینہ مقدار امدادی فنڈ کے نام سے کردی جاتی ہے، پھر شرائط کے مطابق اسی فنڈ سے حادثات وغیرہ کے پیش آنے کی صورت میں حادثہ کے شکار شخص کی مدد کی جاتی ہے، شرعاً یہ جائز ہے اور امدادی فنڈ کے نام سے الگ کی گئی وقف ہوتی اور دینے والوں کا تبرع ہوتا ہے، اسی لیے کہا جاتا ہے اس کی بنیاد وقف اور تبرع ہوتا ہے۔</p> 
							<br>
							<span style=""font-size:1.2em"">
								<p><strong>واللہ تعالیٰ اعلم</strong></p>
								<br class=""clear"">
								<p><strong>دارالافتاء،</strong><br>دارالعلوم دیوبند</p>
							</span>
						</li>
											</ul>
				</div>"
https://darulifta-deoband.com/home/ur/halal-haram/38727,جھوٹ لکھنا بھی شریعت اسلام میں ناجائز وحرام ہے,<h2><u> سوال: </u> میں پاکستان کے صوبہ پنجاب میں رہتاہوں، ہماری حکومت پروپرٹی کی فروخت /ٹرانسفر پر ٹیکس لیتی ہے جو زمین کی قیمت کے مطابق ہوتاہے، اکثر لوگ قیمت کم دکھاتے ہیں تاکہ ٹیکس کم لگے ، میں ایک زمین فروخت کرنا چاہتاہوں، اگر خریدار کہے کہ قیمت اصل سے کم لکھوانی ہے تاکہ ٹیکس کم لگے تو کیا یہ میرے لیے جائز ہے یا نہیں؟میں فروخت کنند ہ ہوں، ٹیکس خریدار دیتاہے ۔ براہ کرم، قرآن وحدیث کی روشنی میں رہنمائی فرمائیں۔ </h2>,"<p>بسم الله الرحمن الرحيم</p><p> فتوی: 1052-876/6/1433

جس طرح جھوٹ بولنا ناجائز وحرام ہے، اسی طرح جھوٹ لکھنا بھی شریعت اسلام میں ناجائز وحرام ہے۔ مسلمان کو ہرکام قرآن وحدیث کی روشنی میں کرنا چاہیے، جھوٹ فریب سے حتی الامکان بچنا چاہیے۔

</p><br><span style=""font-size:1.2em"">
								<p><strong>واللہ تعالیٰ اعلم</strong></p>
								<br class=""clear"">
								<p><strong>دارالافتاء،</strong><br>دارالعلوم دیوبند</p>
							</span>",31-Aug-2020,38727,darulifta-deoband.com,متفرقات,حلال و حرام,"<div id=""recent_fatwas"" class=""container tab-pane active""><br>
					<ul class=""answer_detail"">
												<li>
																					<div class=""cate_sec"">
								<p class=""category_name"">
									<span>
										متفرقات									</span> 
									&gt;&gt; 
									<span>
																		<a href=""https://darulifta-deoband.com/ur/category/n-a/MTA="">حلال و حرام</a>
									</span>
								</p>
								<p class=""quesid""><span class=""anser_id_urdu""> سوال نمبر: 38727</span><!--<span class=""country_urdu"">  : ملک</span> --></p>
							</div>
							<h2><u> عنوان:</u> جھوٹ لکھنا بھی شریعت اسلام میں ناجائز وحرام ہے</h2>
							<h2><u> سوال: </u> میں پاکستان کے صوبہ پنجاب میں رہتاہوں، ہماری حکومت پروپرٹی کی فروخت /ٹرانسفر پر ٹیکس لیتی ہے جو زمین کی قیمت کے مطابق ہوتاہے، اکثر لوگ قیمت کم دکھاتے ہیں تاکہ ٹیکس کم لگے ، میں ایک زمین فروخت کرنا چاہتاہوں، اگر خریدار کہے کہ قیمت اصل سے کم لکھوانی ہے تاکہ ٹیکس کم لگے تو کیا یہ میرے لیے جائز ہے یا نہیں؟میں فروخت کنند ہ ہوں، ٹیکس خریدار دیتاہے ۔ براہ کرم، قرآن وحدیث کی روشنی میں رہنمائی فرمائیں۔ </h2>
							<p class=""fatwa_answer""><span class=""ans_urdu_id""> جواب نمبر: 38727</span><span style=""color:#efefef;display:none;"" class=""answer_date_urdu"">31-Aug-2020 : تاریخ اشاعت </span></p>
							<p>بسم الله الرحمن الرحيم</p>
							<p> فتوی: 1052-876/6/1433

جس طرح جھوٹ بولنا ناجائز وحرام ہے، اسی طرح جھوٹ لکھنا بھی شریعت اسلام میں ناجائز وحرام ہے۔ مسلمان کو ہرکام قرآن وحدیث کی روشنی میں کرنا چاہیے، جھوٹ فریب سے حتی الامکان بچنا چاہیے۔

</p> 
							<br>
							<span style=""font-size:1.2em"">
								<p><strong>واللہ تعالیٰ اعلم</strong></p>
								<br class=""clear"">
								<p><strong>دارالافتاء،</strong><br>دارالعلوم دیوبند</p>
							</span>
						</li>
											</ul>
				</div>"
https://darulifta-deoband.com/home/ur/halal-haram/38645,سگریٹ اور تمباکو نوشی,<h2><u> سوال: </u> (۱) سگریٹ اور تمباکو نوشی کرنے کا کیا حکم ہے؟ (۲) اگر کوئی کرے تو وہ گنگار ہوگا؟(۳) شافعی اور احناف کے نزدیک اس مسئلہ پر ایک اتفاق ہے ؟ برائے مہربانی دلائل کی روشنی میں مسئلہ کا حل بتائیں۔ اللہ آپ کو جزائے خیر سے نوازے آمین ، شکراً.</h2>,"<p>بسم الله الرحمن الرحيم</p><p> فتوی: 778-756/N=9/1433

(۱) تمباکو اور سگریٹ نوشی کے سلسلہ میں احناف کے نزدیک یہ تفصیل ہے کہ جو تمباکو اور سگریٹ یقین یا ظن غالب کے درجہ میں صحت کے لیے مضر ہو اس کا استعال ناجائز اور مکروہ تحریمی ہے، اور جس میں صرف اندیشہ ہو یا وہ آہستہ آہستہ نقصان بہنچاتی ہو تو اس کا استعمال اور دوسری صورت میں کبھی کبھی اس کا استعمال مکروہ تنزیہی ہے، اجتناب اولیٰ ہے۔ 
(۲) ناجائز اور مکروہ تحریمی کی صورت میں گنہ گار ہوگا، اور مکروہ تنزیہی کی صورت میں برا کرنے والا ہوگا۔
(۳) حضرات شوافع کے نزدیک آج کل تمباکو اور سگریٹ نوشی کے سلسلہ میں صحیح اور مفتی بہ قول کیا ہے؟ مجھے معلوم نہیں، علمائے شوافع سے دریافت کریں۔
</p><br><span style=""font-size:1.2em"">
								<p><strong>واللہ تعالیٰ اعلم</strong></p>
								<br class=""clear"">
								<p><strong>دارالافتاء،</strong><br>دارالعلوم دیوبند</p>
							</span>",01-Sep-2020,38645,darulifta-deoband.com,متفرقات,حلال و حرام,"<div id=""recent_fatwas"" class=""container tab-pane active""><br>
					<ul class=""answer_detail"">
												<li>
																					<div class=""cate_sec"">
								<p class=""category_name"">
									<span>
										متفرقات									</span> 
									&gt;&gt; 
									<span>
																		<a href=""https://darulifta-deoband.com/ur/category/n-a/MTA="">حلال و حرام</a>
									</span>
								</p>
								<p class=""quesid""><span class=""anser_id_urdu""> سوال نمبر: 38645</span><!--<span class=""country_urdu"">  : ملک</span> --></p>
							</div>
							<h2><u> عنوان:</u> سگریٹ اور تمباکو نوشی
</h2>
							<h2><u> سوال: </u> (۱) سگریٹ اور تمباکو نوشی کرنے کا کیا حکم ہے؟ (۲) اگر کوئی کرے تو وہ گنگار ہوگا؟(۳) شافعی اور احناف کے نزدیک اس مسئلہ پر ایک اتفاق ہے ؟ برائے مہربانی دلائل کی روشنی میں مسئلہ کا حل بتائیں۔ اللہ آپ کو جزائے خیر سے نوازے آمین ، شکراً.</h2>
							<p class=""fatwa_answer""><span class=""ans_urdu_id""> جواب نمبر: 38645</span><span style=""color:#efefef;display:none;"" class=""answer_date_urdu"">01-Sep-2020 : تاریخ اشاعت </span></p>
							<p>بسم الله الرحمن الرحيم</p>
							<p> فتوی: 778-756/N=9/1433

(۱) تمباکو اور سگریٹ نوشی کے سلسلہ میں احناف کے نزدیک یہ تفصیل ہے کہ جو تمباکو اور سگریٹ یقین یا ظن غالب کے درجہ میں صحت کے لیے مضر ہو اس کا استعال ناجائز اور مکروہ تحریمی ہے، اور جس میں صرف اندیشہ ہو یا وہ آہستہ آہستہ نقصان بہنچاتی ہو تو اس کا استعمال اور دوسری صورت میں کبھی کبھی اس کا استعمال مکروہ تنزیہی ہے، اجتناب اولیٰ ہے۔ 
(۲) ناجائز اور مکروہ تحریمی کی صورت میں گنہ گار ہوگا، اور مکروہ تنزیہی کی صورت میں برا کرنے والا ہوگا۔
(۳) حضرات شوافع کے نزدیک آج کل تمباکو اور سگریٹ نوشی کے سلسلہ میں صحیح اور مفتی بہ قول کیا ہے؟ مجھے معلوم نہیں، علمائے شوافع سے دریافت کریں۔
</p> 
							<br>
							<span style=""font-size:1.2em"">
								<p><strong>واللہ تعالیٰ اعلم</strong></p>
								<br class=""clear"">
								<p><strong>دارالافتاء،</strong><br>دارالعلوم دیوبند</p>
							</span>
						</li>
											</ul>
				</div>"
https://darulifta-deoband.com/home/ur/halal-haram/38642,حلال یا حرام,"<h2><u> سوال: </u> میں جس کمپنی میں کام کرتاہوں، اس کمپنی میں اسکرپ نکلتاہے اور اس کو میں کمپنی کے مدیر کو بتاکر ایک شخص کو بیچتاہوں وہ کمپنی حساب دے کر مجھ کو کچھ روپئے ہدیہ دیتی ہے تو کیایہ میرے لئے جائز ہے؟ سکرپ یعنی پتھرا یا لوہا جو کاٹ چھانٹ کے بعد بچ جاتا ہے اسے سکرپ کہتے ہے اور کمپنی کا مالک مدیر نہیں ہے لیکن جو بھی ہوتا ہے مدیر کے دستخط سے ہوتا ہے اور وہ ہی مالک بھی مان لیتا ہے اور میں مدیر سے پوچھ کر سکرپ بیچتا ہوں اور جسکو میں بچتا ہوں وہ مجھے کچھ رقم ہدیہ دیتا ہے، اس بنا پر کہ میں نے اس کو سکرپ دلانے میں مدد کی؟ تو کیا وہ ہدیہ میرے لئے لینا صحیح ہے ؟ اور اگر غلط ہے تو کیوں ہے جب کے میں کمپنی سے دھوکہ نہیں کر رہا ہوں ؟
میرا سوال یہ ہے کہ اگر ایک آدمی مجھے اپنے فائدے میں سے کچھ رقم ہدیہ دے رہا ہے تو وہ رشوت کیسے ہو سکتی ہے ؟ جب کہ میں کمپنی کا پیسہ نہیں کھا رہا ہوں اور وہ آدمی صرف مجھے ہی ہدیہ نہیں دیتا ہے بلکہ وہ کمپنی میں کام کرنے والے لوگوں کو بھی ہدئیے کے طور پر چاکلیٹ کھانے کے لیے لاتا ہے اور یہ سب وہ اپنے فائدے میں سے لے کر آتا ہے ۔ تو کیا یہ سب رشوت ہو گی ؟جب کہ وہ کمپنی کا پورا پیسہ دے رہی ہے۔
</h2>","<p>بسم الله الرحمن الرحيم</p><p> فتوی: 871-535/H=6/1433	
	
اگر اس ہدیہ کا مقصد یہی ہو کہ سکرپ بیچنے اور اسکی قیمت لگانے نیز مدیر سے دستخط کرانے میں تسامح سے کام لیا جائے تو اس ہدیہ کا رشوت ہونا ظاہر ہے، اگر چاکلیٹ دینے میں بھی اسی طرح کا کوئی مقصد ہو تو وہ بھی رشوت ہے، ان جیسی چیزوں کے لینے سے معذرت کردینی چاہیے۔ </p><br><span style=""font-size:1.2em"">
								<p><strong>واللہ تعالیٰ اعلم</strong></p>
								<br class=""clear"">
								<p><strong>دارالافتاء،</strong><br>دارالعلوم دیوبند</p>
							</span>",01-Sep-2020,38642,darulifta-deoband.com,متفرقات,حلال و حرام,"<div id=""recent_fatwas"" class=""container tab-pane active""><br>
					<ul class=""answer_detail"">
												<li>
																					<div class=""cate_sec"">
								<p class=""category_name"">
									<span>
										متفرقات									</span> 
									&gt;&gt; 
									<span>
																		<a href=""https://darulifta-deoband.com/ur/category/n-a/MTA="">حلال و حرام</a>
									</span>
								</p>
								<p class=""quesid""><span class=""anser_id_urdu""> سوال نمبر: 38642</span><!--<span class=""country_urdu"">  : ملک</span> --></p>
							</div>
							<h2><u> عنوان:</u> حلال یا حرام
</h2>
							<h2><u> سوال: </u> میں جس کمپنی میں کام کرتاہوں، اس کمپنی میں اسکرپ نکلتاہے اور اس کو میں کمپنی کے مدیر کو بتاکر ایک شخص کو بیچتاہوں وہ کمپنی حساب دے کر مجھ کو کچھ روپئے ہدیہ دیتی ہے تو کیایہ میرے لئے جائز ہے؟ سکرپ یعنی پتھرا یا لوہا جو کاٹ چھانٹ کے بعد بچ جاتا ہے اسے سکرپ کہتے ہے اور کمپنی کا مالک مدیر نہیں ہے لیکن جو بھی ہوتا ہے مدیر کے دستخط سے ہوتا ہے اور وہ ہی مالک بھی مان لیتا ہے اور میں مدیر سے پوچھ کر سکرپ بیچتا ہوں اور جسکو میں بچتا ہوں وہ مجھے کچھ رقم ہدیہ دیتا ہے، اس بنا پر کہ میں نے اس کو سکرپ دلانے میں مدد کی؟ تو کیا وہ ہدیہ میرے لئے لینا صحیح ہے ؟ اور اگر غلط ہے تو کیوں ہے جب کے میں کمپنی سے دھوکہ نہیں کر رہا ہوں ؟
میرا سوال یہ ہے کہ اگر ایک آدمی مجھے اپنے فائدے میں سے کچھ رقم ہدیہ دے رہا ہے تو وہ رشوت کیسے ہو سکتی ہے ؟ جب کہ میں کمپنی کا پیسہ نہیں کھا رہا ہوں اور وہ آدمی صرف مجھے ہی ہدیہ نہیں دیتا ہے بلکہ وہ کمپنی میں کام کرنے والے لوگوں کو بھی ہدئیے کے طور پر چاکلیٹ کھانے کے لیے لاتا ہے اور یہ سب وہ اپنے فائدے میں سے لے کر آتا ہے ۔ تو کیا یہ سب رشوت ہو گی ؟جب کہ وہ کمپنی کا پورا پیسہ دے رہی ہے۔
</h2>
							<p class=""fatwa_answer""><span class=""ans_urdu_id""> جواب نمبر: 38642</span><span style=""color:#efefef;display:none;"" class=""answer_date_urdu"">01-Sep-2020 : تاریخ اشاعت </span></p>
							<p>بسم الله الرحمن الرحيم</p>
							<p> فتوی: 871-535/H=6/1433	
	
اگر اس ہدیہ کا مقصد یہی ہو کہ سکرپ بیچنے اور اسکی قیمت لگانے نیز مدیر سے دستخط کرانے میں تسامح سے کام لیا جائے تو اس ہدیہ کا رشوت ہونا ظاہر ہے، اگر چاکلیٹ دینے میں بھی اسی طرح کا کوئی مقصد ہو تو وہ بھی رشوت ہے، ان جیسی چیزوں کے لینے سے معذرت کردینی چاہیے۔ </p> 
							<br>
							<span style=""font-size:1.2em"">
								<p><strong>واللہ تعالیٰ اعلم</strong></p>
								<br class=""clear"">
								<p><strong>دارالافتاء،</strong><br>دارالعلوم دیوبند</p>
							</span>
						</li>
											</ul>
				</div>"
https://darulifta-deoband.com/home/ur/halal-haram/38600,گدھے کا گوشت حلال ہے یا حرام؟,<h2><u> سوال: </u> بعد عرض یہ ہے کہ میرا سوال گدھے کے متعلق ہے، سوال یہ ہے کہ گدھے کا گوشت حلال ہے یا حرام؟</h2>,"<p>بسم الله الرحمن الرحيم</p><p> فتوی: 1020-845/B=6/1433

حمار گدہے دو قسم کے ہوتے ہیں ایک حمار وحشی جس کو ہم نیل گائے کہتے ہیں، اس کا کھانا تو بلاشبہ حلال ہے، دوسری قسم حمار انسی یعنی پالتو گدھے یہ چونکہ گندگی کھاتے ہیں، اس لیے اس کا گوشت کھانا حلال نہیں۔

</p><br><span style=""font-size:1.2em"">
								<p><strong>واللہ تعالیٰ اعلم</strong></p>
								<br class=""clear"">
								<p><strong>دارالافتاء،</strong><br>دارالعلوم دیوبند</p>
							</span>",31-Aug-2020,38600,darulifta-deoband.com,متفرقات,حلال و حرام,"<div id=""recent_fatwas"" class=""container tab-pane active""><br>
					<ul class=""answer_detail"">
												<li>
																					<div class=""cate_sec"">
								<p class=""category_name"">
									<span>
										متفرقات									</span> 
									&gt;&gt; 
									<span>
																		<a href=""https://darulifta-deoband.com/ur/category/n-a/MTA="">حلال و حرام</a>
									</span>
								</p>
								<p class=""quesid""><span class=""anser_id_urdu""> سوال نمبر: 38600</span><!--<span class=""country_urdu"">  : ملک</span> --></p>
							</div>
							<h2><u> عنوان:</u>  گدھے کا گوشت حلال ہے یا حرام؟</h2>
							<h2><u> سوال: </u> بعد عرض یہ ہے کہ میرا سوال گدھے کے متعلق ہے، سوال یہ ہے کہ گدھے کا گوشت حلال ہے یا حرام؟</h2>
							<p class=""fatwa_answer""><span class=""ans_urdu_id""> جواب نمبر: 38600</span><span style=""color:#efefef;display:none;"" class=""answer_date_urdu"">31-Aug-2020 : تاریخ اشاعت </span></p>
							<p>بسم الله الرحمن الرحيم</p>
							<p> فتوی: 1020-845/B=6/1433

حمار گدہے دو قسم کے ہوتے ہیں ایک حمار وحشی جس کو ہم نیل گائے کہتے ہیں، اس کا کھانا تو بلاشبہ حلال ہے، دوسری قسم حمار انسی یعنی پالتو گدھے یہ چونکہ گندگی کھاتے ہیں، اس لیے اس کا گوشت کھانا حلال نہیں۔

</p> 
							<br>
							<span style=""font-size:1.2em"">
								<p><strong>واللہ تعالیٰ اعلم</strong></p>
								<br class=""clear"">
								<p><strong>دارالافتاء،</strong><br>دارالعلوم دیوبند</p>
							</span>
						</li>
											</ul>
				</div>"
https://darulifta-deoband.com/home/ur/halal-haram/38528,اسقاطِ حمل جائز نہیں ہے,<h2><u> سوال: </u> میرا سوال یہ ہے کہ کیا اسلام میں اسقاط جائز ہے ؟اگر نہیں ہے تو کیوں نہیں ہے؟ اور اگر ہے تو کتنے دنوں تک کے حمل کو گرایا جا سکتا ہے؟</h2>,"<p>بسم الله الرحمن الرحيم</p><p> فتوی: 889-727/B=5/1433

ہمارے مذہب اسلام میں اسقاطِ حمل جائز نہیں ہے۔ ہاں اگر کوئی عورت دائم المریض، کمزور ہے حمل کا تحمل نہیں کرسکتی، یا اس کو حمل کی وجہ سے جان کا خطرہ ہے تو جان بچانے کی خاطر ۱۲۰ دن ہونے سے پہلے پہلے اسے اسقاط کی اجازت ہے۔

</p><br><span style=""font-size:1.2em"">
								<p><strong>واللہ تعالیٰ اعلم</strong></p>
								<br class=""clear"">
								<p><strong>دارالافتاء،</strong><br>دارالعلوم دیوبند</p>
							</span>",01-Sep-2020,38528,darulifta-deoband.com,متفرقات,حلال و حرام,"<div id=""recent_fatwas"" class=""container tab-pane active""><br>
					<ul class=""answer_detail"">
												<li>
																					<div class=""cate_sec"">
								<p class=""category_name"">
									<span>
										متفرقات									</span> 
									&gt;&gt; 
									<span>
																		<a href=""https://darulifta-deoband.com/ur/category/n-a/MTA="">حلال و حرام</a>
									</span>
								</p>
								<p class=""quesid""><span class=""anser_id_urdu""> سوال نمبر: 38528</span><!--<span class=""country_urdu"">  : ملک</span> --></p>
							</div>
							<h2><u> عنوان:</u> اسقاطِ حمل جائز نہیں ہے</h2>
							<h2><u> سوال: </u> میرا سوال یہ ہے کہ کیا اسلام میں اسقاط جائز ہے ؟اگر نہیں ہے تو کیوں نہیں ہے؟ اور اگر ہے تو کتنے دنوں تک کے حمل کو گرایا جا سکتا ہے؟</h2>
							<p class=""fatwa_answer""><span class=""ans_urdu_id""> جواب نمبر: 38528</span><span style=""color:#efefef;display:none;"" class=""answer_date_urdu"">01-Sep-2020 : تاریخ اشاعت </span></p>
							<p>بسم الله الرحمن الرحيم</p>
							<p> فتوی: 889-727/B=5/1433

ہمارے مذہب اسلام میں اسقاطِ حمل جائز نہیں ہے۔ ہاں اگر کوئی عورت دائم المریض، کمزور ہے حمل کا تحمل نہیں کرسکتی، یا اس کو حمل کی وجہ سے جان کا خطرہ ہے تو جان بچانے کی خاطر ۱۲۰ دن ہونے سے پہلے پہلے اسے اسقاط کی اجازت ہے۔

</p> 
							<br>
							<span style=""font-size:1.2em"">
								<p><strong>واللہ تعالیٰ اعلم</strong></p>
								<br class=""clear"">
								<p><strong>دارالافتاء،</strong><br>دارالعلوم دیوبند</p>
							</span>
						</li>
											</ul>
				</div>"
https://darulifta-deoband.com/home/ur/halal-haram/38510,حواله کی باره مین,<h2><u> سوال: </u> جو لوگ حوالہ جات کا کام کرتے ہیں حکومت کی طرف سے لایسنس انکو ملتا ہے۔ اگرکوئی شخص لایسنس کے بغیر کام کررہا ہو توکیا یہ کام کرنا جائز ہے یا نہیں؟</h2>,"<p>بسم الله الرحمن الرحيم</p><p> فتوی: 872-704/B=5/1433

لائسنس کے بغیر کام کرنے میں بے عزتی کا بھی خطرہ ہے، اور اس میں ضیاعِ مال بھی ہے کسی ہلاکت میں اپنے آپ کو ڈالنا شریعت بھی اس کی اجازت نہیں دیتی۔ ولاَ تُلْقوا بأیدیکم إلی التَّہْلُکَةِ․

</p><br><span style=""font-size:1.2em"">
								<p><strong>واللہ تعالیٰ اعلم</strong></p>
								<br class=""clear"">
								<p><strong>دارالافتاء،</strong><br>دارالعلوم دیوبند</p>
							</span>",31-Aug-2020,38510,darulifta-deoband.com,متفرقات,حلال و حرام,"<div id=""recent_fatwas"" class=""container tab-pane active""><br>
					<ul class=""answer_detail"">
												<li>
																					<div class=""cate_sec"">
								<p class=""category_name"">
									<span>
										متفرقات									</span> 
									&gt;&gt; 
									<span>
																		<a href=""https://darulifta-deoband.com/ur/category/n-a/MTA="">حلال و حرام</a>
									</span>
								</p>
								<p class=""quesid""><span class=""anser_id_urdu""> سوال نمبر: 38510</span><!--<span class=""country_urdu"">  : ملک</span> --></p>
							</div>
							<h2><u> عنوان:</u> حواله کی باره مین</h2>
							<h2><u> سوال: </u> جو لوگ حوالہ جات کا کام کرتے ہیں حکومت کی طرف سے لایسنس انکو ملتا ہے۔ اگرکوئی شخص لایسنس کے بغیر کام کررہا ہو توکیا یہ کام کرنا جائز ہے یا نہیں؟</h2>
							<p class=""fatwa_answer""><span class=""ans_urdu_id""> جواب نمبر: 38510</span><span style=""color:#efefef;display:none;"" class=""answer_date_urdu"">31-Aug-2020 : تاریخ اشاعت </span></p>
							<p>بسم الله الرحمن الرحيم</p>
							<p> فتوی: 872-704/B=5/1433

لائسنس کے بغیر کام کرنے میں بے عزتی کا بھی خطرہ ہے، اور اس میں ضیاعِ مال بھی ہے کسی ہلاکت میں اپنے آپ کو ڈالنا شریعت بھی اس کی اجازت نہیں دیتی۔ ولاَ تُلْقوا بأیدیکم إلی التَّہْلُکَةِ․

</p> 
							<br>
							<span style=""font-size:1.2em"">
								<p><strong>واللہ تعالیٰ اعلم</strong></p>
								<br class=""clear"">
								<p><strong>دارالافتاء،</strong><br>دارالعلوم دیوبند</p>
							</span>
						</li>
											</ul>
				</div>"
https://darulifta-deoband.com/home/ur/halal-haram/38440,حواله کی باره مین,<h2><u> سوال: </u> سوال :(ڈالر لیا تہا اوربازار کی ریت پر ہندوستانی روپیہ دیدیا): ایک شخص کے روپیہ کو ہم نے افغانستان سے اندیا حوالہ کیا اور 100 ڈالر پر 5 ڈالر ہم نے مزدور لی ہے اور پہر اسی 100 ڈالر کو ہم نے اس وقت کے بازر کا ریٹ تہا52 ، تو ہم نے اسے بیچ کر 5200 روپیہ اس کو دیدیا ۔ سوال یہ ہے کہ کیا یہ جائز ہے یا نہیں؟</h2>,"<p>بسم الله الرحمن الرحيم</p><p> فتوی: 837-606/D=5/1433

اگر عمل اور اجرت طے ہو تو اپنا طے شدہ حق محنت وحق خدمت لینا جائز ہے؛ لیکن چونکہ یہ عمل قانوناً جرم ہے، اس لیے احتیاط اسی میں ہے کہ ایسے کام کو نہ کیا جائے؛ جس سے بعد میں کسی قسم کا خطرہ لاحق ہوسکے۔ ”وأما بیان شرائطہا: فنقول: یجب أن تکون الأجرة معلومة، العمل․․․ والمنفعة․․․ وإعلام العمل ببیان المحل․․․ وإعلام الأجرة․․․ (الفتاوی التاتارخانیة: ۸/۱۵)

</p><br><span style=""font-size:1.2em"">
								<p><strong>واللہ تعالیٰ اعلم</strong></p>
								<br class=""clear"">
								<p><strong>دارالافتاء،</strong><br>دارالعلوم دیوبند</p>
							</span>",01-Sep-2020,38440,darulifta-deoband.com,متفرقات,حلال و حرام,"<div id=""recent_fatwas"" class=""container tab-pane active""><br>
					<ul class=""answer_detail"">
												<li>
																					<div class=""cate_sec"">
								<p class=""category_name"">
									<span>
										متفرقات									</span> 
									&gt;&gt; 
									<span>
																		<a href=""https://darulifta-deoband.com/ur/category/n-a/MTA="">حلال و حرام</a>
									</span>
								</p>
								<p class=""quesid""><span class=""anser_id_urdu""> سوال نمبر: 38440</span><!--<span class=""country_urdu"">  : ملک</span> --></p>
							</div>
							<h2><u> عنوان:</u> حواله کی باره مین</h2>
							<h2><u> سوال: </u> سوال :(ڈالر لیا تہا اوربازار کی ریت پر ہندوستانی روپیہ دیدیا): ایک شخص کے روپیہ کو ہم نے افغانستان سے اندیا حوالہ کیا اور 100 ڈالر پر 5 ڈالر ہم نے مزدور لی ہے اور پہر اسی 100 ڈالر کو ہم نے اس وقت کے بازر کا ریٹ تہا52 ، تو ہم نے اسے بیچ کر 5200 روپیہ اس کو دیدیا ۔ سوال یہ ہے کہ کیا یہ جائز ہے یا نہیں؟</h2>
							<p class=""fatwa_answer""><span class=""ans_urdu_id""> جواب نمبر: 38440</span><span style=""color:#efefef;display:none;"" class=""answer_date_urdu"">01-Sep-2020 : تاریخ اشاعت </span></p>
							<p>بسم الله الرحمن الرحيم</p>
							<p> فتوی: 837-606/D=5/1433

اگر عمل اور اجرت طے ہو تو اپنا طے شدہ حق محنت وحق خدمت لینا جائز ہے؛ لیکن چونکہ یہ عمل قانوناً جرم ہے، اس لیے احتیاط اسی میں ہے کہ ایسے کام کو نہ کیا جائے؛ جس سے بعد میں کسی قسم کا خطرہ لاحق ہوسکے۔ ”وأما بیان شرائطہا: فنقول: یجب أن تکون الأجرة معلومة، العمل․․․ والمنفعة․․․ وإعلام العمل ببیان المحل․․․ وإعلام الأجرة․․․ (الفتاوی التاتارخانیة: ۸/۱۵)

</p> 
							<br>
							<span style=""font-size:1.2em"">
								<p><strong>واللہ تعالیٰ اعلم</strong></p>
								<br class=""clear"">
								<p><strong>دارالافتاء،</strong><br>دارالعلوم دیوبند</p>
							</span>
						</li>
											</ul>
				</div>"
https://darulifta-deoband.com/home/ur/halal-haram/38438,كميشن كى بارے میں,<h2><u> سوال: </u> ایک شخص کے روپئے کو ہم نے افغانستان سے انڈیا حوالہ کیا اور 100 ڈالر پر 5 ڈالر ہم نے مزدوری (کمیشن) لیا ہے، یعنی 105 لیا تھا اور 100 دیدیا کیا یہ جائز ہے یا نہیں؟</h2>,"<p>بسم الله الرحمن الرحيم</p><p> فتوی: 816-679/B=5/1433

جب آپ ایک ملک سے دوسرے ملک میں کسی کا پیسہ بھیجتے ہیں تو اس کے لیے بار بار فون کرنا ہوتا ہے، آدمی کو بھی دوڑانا پڑتا ہے، اس بھاگ دوڑ میں، بس کا، کار کا کرایہ بھی دینا پڑتا ہے، تو اگر آپ پہلے روپے والیے سے حق الخدمت طے کرلیں روپے والا راضی ہوجائے تو آپ اپنا حق المحنت لے سکتے ہیں۔ بشرطیکہ یہ کاروبار کرنا خلاف قانون بھی نہ ہو۔

</p><br><span style=""font-size:1.2em"">
								<p><strong>واللہ تعالیٰ اعلم</strong></p>
								<br class=""clear"">
								<p><strong>دارالافتاء،</strong><br>دارالعلوم دیوبند</p>
							</span>",01-Sep-2020,38438,darulifta-deoband.com,متفرقات,حلال و حرام,"<div id=""recent_fatwas"" class=""container tab-pane active""><br>
					<ul class=""answer_detail"">
												<li>
																					<div class=""cate_sec"">
								<p class=""category_name"">
									<span>
										متفرقات									</span> 
									&gt;&gt; 
									<span>
																		<a href=""https://darulifta-deoband.com/ur/category/n-a/MTA="">حلال و حرام</a>
									</span>
								</p>
								<p class=""quesid""><span class=""anser_id_urdu""> سوال نمبر: 38438</span><!--<span class=""country_urdu"">  : ملک</span> --></p>
							</div>
							<h2><u> عنوان:</u> كميشن كى بارے میں</h2>
							<h2><u> سوال: </u> ایک شخص کے روپئے کو ہم نے افغانستان سے انڈیا حوالہ کیا اور 100 ڈالر پر 5 ڈالر ہم نے مزدوری (کمیشن) لیا ہے، یعنی 105 لیا تھا اور 100 دیدیا کیا یہ جائز ہے یا نہیں؟</h2>
							<p class=""fatwa_answer""><span class=""ans_urdu_id""> جواب نمبر: 38438</span><span style=""color:#efefef;display:none;"" class=""answer_date_urdu"">01-Sep-2020 : تاریخ اشاعت </span></p>
							<p>بسم الله الرحمن الرحيم</p>
							<p> فتوی: 816-679/B=5/1433

جب آپ ایک ملک سے دوسرے ملک میں کسی کا پیسہ بھیجتے ہیں تو اس کے لیے بار بار فون کرنا ہوتا ہے، آدمی کو بھی دوڑانا پڑتا ہے، اس بھاگ دوڑ میں، بس کا، کار کا کرایہ بھی دینا پڑتا ہے، تو اگر آپ پہلے روپے والیے سے حق الخدمت طے کرلیں روپے والا راضی ہوجائے تو آپ اپنا حق المحنت لے سکتے ہیں۔ بشرطیکہ یہ کاروبار کرنا خلاف قانون بھی نہ ہو۔

</p> 
							<br>
							<span style=""font-size:1.2em"">
								<p><strong>واللہ تعالیٰ اعلم</strong></p>
								<br class=""clear"">
								<p><strong>دارالافتاء،</strong><br>دارالعلوم دیوبند</p>
							</span>
						</li>
											</ul>
				</div>"
https://darulifta-deoband.com/home/ur/halal-haram/38435,عزل کا کیا حکم ہے,<h2><u> سوال: </u> مفتی صاحب میں جاننا چاہتاہوں کہ عزل کا کیا حکم ہے؟ کیا اس میں کوئی بھیکراہت ہے یا نہیں؟براہے کرم، جواب دیں۔ </h2>,"<p>بسم الله الرحمن الرحيم</p><p> فتوی: 290-333/N=7/1433

بیوی کی ا جازت سے عزل جائز ہے، پھر اگر عزل میں بیوی یا بچہ کی صحت وتندرستی مد نظر ہو تو کوئی کراہت بھی نہیں، ورنہ مکروہ تنزیہی ہے، بشرطیکہ عزل کسی نیت فاسد کی بنا پر نہ ہو (مثلاً تنگی رزق کا اندیشہ)

</p><br><span style=""font-size:1.2em"">
								<p><strong>واللہ تعالیٰ اعلم</strong></p>
								<br class=""clear"">
								<p><strong>دارالافتاء،</strong><br>دارالعلوم دیوبند</p>
							</span>",01-Sep-2020,38435,darulifta-deoband.com,متفرقات,حلال و حرام,"<div id=""recent_fatwas"" class=""container tab-pane active""><br>
					<ul class=""answer_detail"">
												<li>
																					<div class=""cate_sec"">
								<p class=""category_name"">
									<span>
										متفرقات									</span> 
									&gt;&gt; 
									<span>
																		<a href=""https://darulifta-deoband.com/ur/category/n-a/MTA="">حلال و حرام</a>
									</span>
								</p>
								<p class=""quesid""><span class=""anser_id_urdu""> سوال نمبر: 38435</span><!--<span class=""country_urdu"">  : ملک</span> --></p>
							</div>
							<h2><u> عنوان:</u> عزل کا کیا حکم ہے
</h2>
							<h2><u> سوال: </u> مفتی صاحب میں جاننا چاہتاہوں کہ عزل کا کیا حکم ہے؟ کیا اس میں کوئی بھیکراہت ہے یا نہیں؟براہے کرم، جواب دیں۔ </h2>
							<p class=""fatwa_answer""><span class=""ans_urdu_id""> جواب نمبر: 38435</span><span style=""color:#efefef;display:none;"" class=""answer_date_urdu"">01-Sep-2020 : تاریخ اشاعت </span></p>
							<p>بسم الله الرحمن الرحيم</p>
							<p> فتوی: 290-333/N=7/1433

بیوی کی ا جازت سے عزل جائز ہے، پھر اگر عزل میں بیوی یا بچہ کی صحت وتندرستی مد نظر ہو تو کوئی کراہت بھی نہیں، ورنہ مکروہ تنزیہی ہے، بشرطیکہ عزل کسی نیت فاسد کی بنا پر نہ ہو (مثلاً تنگی رزق کا اندیشہ)

</p> 
							<br>
							<span style=""font-size:1.2em"">
								<p><strong>واللہ تعالیٰ اعلم</strong></p>
								<br class=""clear"">
								<p><strong>دارالافتاء،</strong><br>دارالعلوم دیوبند</p>
							</span>
						</li>
											</ul>
				</div>"
https://darulifta-deoband.com/home/ur/halal-haram/38357,فیس بک حلال یا حرام؟,"<h2><u> سوال: </u> آپ کی رہنمای درکار ہے۔ فیس بک یا اس جیسی دوسری ویب سایٹ جہاں مندرجا ذیل باتیں موجود ھوں، ۱۔ چیٹ کے ذریعہ مرد اور عورتوں کی غیرضروی بات چیت، ۲۔ ہر طرح کی تصویریں (،محرم نا محرم، ۳۔ ہر طرح کی میوذک اور ویڈیو، ۴۔ ہر عام و خاص کا دین پر کھل کر بات کرنا خواہ وہ عالم ہو یا نہ ہو(جو کہ فتنہ پھیلاتا ہے(

مندرجا بالا صورتوں کے ساتھ مزید یہ کہ 2010 میں فیس بک پر ایک پیج بنایا گیا تھا جس میں (اللہ معاف کرے) حضور پاک حضرت محمد صلی اللہ علیہ وسلم پر گستاخانہ خاکے بنانے کے لیے لوگوں کو دعوت دی گی اور بڑے پیمانے پر لوگوں نے اس میں حصہ لیا ۔ اسی وجہ سے پاکستان اور کچھ دوسرے مسلمان ممالک میں فیس بک چند دنوں کے لیے بند کردیا گیا تھا جس کے بعد فیس بک کی انتظامیہ نے وہ پیج ہٹا دیا تھا۔مندرجا بالا صورتوں کو مد نظر رکھتے ہوئے کیا ایک مسلمان کا فیس بک استعمال کرنا حلال ہے یا حرام ؟آپ اس سلسلے میں فتویٰ عنایت فرما دیں۔ اللہ آپ سے راضی ہو۔</h2>","<p>بسم الله الرحمن الرحيم</p><p> فتوی: 1055-879/B=6/1433

فی نفسہ مراسلت کی حد تک فیس بک کے استعمال میں قباحت نہیں ہے بشرطیکہ یہ سلسلہ اجنبیہ لڑکی سے نہ ہو البتہ اگر کوئی مذکورہ بالا چیزوں کا ارتکاب کرتا ہے تو ظاہر ہے کہ مذکورہ تمام چیزیں قطعی حرام، اسلام سے بیزاری وآزادی، کفر وارتداد میں جھونکنے والی اسکیمیں ہیں اس لیے کسی مسلمان کے لیے مذکورہ بالا طریقہ فیس بک استعمال کرنا جائز نہیں بلکہ قطعی حرام ہے۔

</p><br><span style=""font-size:1.2em"">
								<p><strong>واللہ تعالیٰ اعلم</strong></p>
								<br class=""clear"">
								<p><strong>دارالافتاء،</strong><br>دارالعلوم دیوبند</p>
							</span>",31-Aug-2020,38357,darulifta-deoband.com,متفرقات,حلال و حرام,"<div id=""recent_fatwas"" class=""container tab-pane active""><br>
					<ul class=""answer_detail"">
												<li>
																					<div class=""cate_sec"">
								<p class=""category_name"">
									<span>
										متفرقات									</span> 
									&gt;&gt; 
									<span>
																		<a href=""https://darulifta-deoband.com/ur/category/n-a/MTA="">حلال و حرام</a>
									</span>
								</p>
								<p class=""quesid""><span class=""anser_id_urdu""> سوال نمبر: 38357</span><!--<span class=""country_urdu"">  : ملک</span> --></p>
							</div>
							<h2><u> عنوان:</u> فیس بک حلال یا حرام؟</h2>
							<h2><u> سوال: </u> آپ کی رہنمای درکار ہے۔ فیس بک یا اس جیسی دوسری ویب سایٹ جہاں مندرجا ذیل باتیں موجود ھوں، ۱۔ چیٹ کے ذریعہ مرد اور عورتوں کی غیرضروی بات چیت، ۲۔ ہر طرح کی تصویریں (،محرم نا محرم، ۳۔ ہر طرح کی میوذک اور ویڈیو، ۴۔ ہر عام و خاص کا دین پر کھل کر بات کرنا خواہ وہ عالم ہو یا نہ ہو(جو کہ فتنہ پھیلاتا ہے(

مندرجا بالا صورتوں کے ساتھ مزید یہ کہ 2010 میں فیس بک پر ایک پیج بنایا گیا تھا جس میں (اللہ معاف کرے) حضور پاک حضرت محمد صلی اللہ علیہ وسلم پر گستاخانہ خاکے بنانے کے لیے لوگوں کو دعوت دی گی اور بڑے پیمانے پر لوگوں نے اس میں حصہ لیا ۔ اسی وجہ سے پاکستان اور کچھ دوسرے مسلمان ممالک میں فیس بک چند دنوں کے لیے بند کردیا گیا تھا جس کے بعد فیس بک کی انتظامیہ نے وہ پیج ہٹا دیا تھا۔مندرجا بالا صورتوں کو مد نظر رکھتے ہوئے کیا ایک مسلمان کا فیس بک استعمال کرنا حلال ہے یا حرام ؟آپ اس سلسلے میں فتویٰ عنایت فرما دیں۔ اللہ آپ سے راضی ہو۔</h2>
							<p class=""fatwa_answer""><span class=""ans_urdu_id""> جواب نمبر: 38357</span><span style=""color:#efefef;display:none;"" class=""answer_date_urdu"">31-Aug-2020 : تاریخ اشاعت </span></p>
							<p>بسم الله الرحمن الرحيم</p>
							<p> فتوی: 1055-879/B=6/1433

فی نفسہ مراسلت کی حد تک فیس بک کے استعمال میں قباحت نہیں ہے بشرطیکہ یہ سلسلہ اجنبیہ لڑکی سے نہ ہو البتہ اگر کوئی مذکورہ بالا چیزوں کا ارتکاب کرتا ہے تو ظاہر ہے کہ مذکورہ تمام چیزیں قطعی حرام، اسلام سے بیزاری وآزادی، کفر وارتداد میں جھونکنے والی اسکیمیں ہیں اس لیے کسی مسلمان کے لیے مذکورہ بالا طریقہ فیس بک استعمال کرنا جائز نہیں بلکہ قطعی حرام ہے۔

</p> 
							<br>
							<span style=""font-size:1.2em"">
								<p><strong>واللہ تعالیٰ اعلم</strong></p>
								<br class=""clear"">
								<p><strong>دارالافتاء،</strong><br>دارالعلوم دیوبند</p>
							</span>
						</li>
											</ul>
				</div>"
