link,title,question_html,answer_html,issued_at,fatwa_number,dar_ul_ifta,category_lvl_1,category_lvl_2,html_container
https://darulifta-deoband.com/home/ur/salah-prayer/41402,نابالغ بچے كی اقتدا میں تراویح بھی درست نہیں۔,"<h2><u> سوال: </u> میں کویت میں کام کرتاہوں اور کمپنی میں تراویح کی نماز آٹھ رکعات پڑھائی جاتی ہے ، وہ بھی نابالغ بچے پڑھاتے ہیں جس کی جہ سے بہت سے لوگ جماعت میں شامل نہیں ہوتے ہیں اور گھر میں بیس رکعات اکیلے پڑھتے ہیں اور کچھ لوگ تو مسجد میں ہی تراویح کی جماعت کے دوران کسی کونے میں اکیلے اپنی نماز اور تراویح دونوں پوری کرتے ہیں۔ 
براہ کرم، بتائیں کہ کیا یہ درست ہے کہ مسجد کی جماعت میں شامل نہ ہو کر گھر میں اکیلے تراویح پڑھنا یا تراویح جماعت کے دوران اپنی الگ تراویح مسجد میں ہی پڑھنا صحیح ہے؟ 
</h2>","<p>بسم الله الرحمن الرحيم</p><p> فتوی: 1321-1007/H=10/1433

نابالغ بچہ کی اقتداء میں تراویح بھی درست نہیں ہوتیں، جو لوگ تراویح کی جماعت میں شامل نہیں ہوئے وہ ٹھیک کرتے ہیں، آپ بھی عشاء کے فرض مسجد میں پڑھ کر بیس رکعات تراویح گھر پر آکر پڑھ لیا کریں، اگر گھر میں تراویح کی جماعت ہونے میں کچھ مانع نہ ہو تو بہتر یہ ہے کہ جماعت سے صحیح طریق پر تراویح کی جماعت قائم کرلی جائے۔
</p><br><span style=""font-size:1.2em"">
								<p><strong>واللہ تعالیٰ اعلم</strong></p>
								<br class=""clear"">
								<p><strong>دارالافتاء،</strong><br>دارالعلوم دیوبند</p>
							</span>",01-Sep-2020,41402,darulifta-deoband.com,عبادات,صلاة (نماز),"<div id=""recent_fatwas"" class=""container tab-pane active""><br>
					<ul class=""answer_detail"">
												<li>
																					<div class=""cate_sec"">
								<p class=""category_name"">
									<span>
										عبادات									</span> 
									&gt;&gt; 
									<span>
																		<a href=""https://darulifta-deoband.com/ur/category/n-a/MTk="">صلاة (نماز)</a>
									</span>
								</p>
								<p class=""quesid""><span class=""anser_id_urdu""> سوال نمبر: 41402</span><!--<span class=""country_urdu"">  : ملک</span> --></p>
							</div>
							<h2><u> عنوان:</u> نابالغ بچے كی اقتدا میں تراویح بھی درست نہیں۔</h2>
							<h2><u> سوال: </u> میں کویت میں کام کرتاہوں اور کمپنی میں تراویح کی نماز آٹھ رکعات پڑھائی جاتی ہے ، وہ بھی نابالغ بچے پڑھاتے ہیں جس کی جہ سے بہت سے لوگ جماعت میں شامل نہیں ہوتے ہیں اور گھر میں بیس رکعات اکیلے پڑھتے ہیں اور کچھ لوگ تو مسجد میں ہی تراویح کی جماعت کے دوران کسی کونے میں اکیلے اپنی نماز اور تراویح دونوں پوری کرتے ہیں۔ 
براہ کرم، بتائیں کہ کیا یہ درست ہے کہ مسجد کی جماعت میں شامل نہ ہو کر گھر میں اکیلے تراویح پڑھنا یا تراویح جماعت کے دوران اپنی الگ تراویح مسجد میں ہی پڑھنا صحیح ہے؟ 
</h2>
							<p class=""fatwa_answer""><span class=""ans_urdu_id""> جواب نمبر: 41402</span><span style=""color:#efefef;display:none;"" class=""answer_date_urdu"">01-Sep-2020 : تاریخ اشاعت </span></p>
							<p>بسم الله الرحمن الرحيم</p>
							<p> فتوی: 1321-1007/H=10/1433

نابالغ بچہ کی اقتداء میں تراویح بھی درست نہیں ہوتیں، جو لوگ تراویح کی جماعت میں شامل نہیں ہوئے وہ ٹھیک کرتے ہیں، آپ بھی عشاء کے فرض مسجد میں پڑھ کر بیس رکعات تراویح گھر پر آکر پڑھ لیا کریں، اگر گھر میں تراویح کی جماعت ہونے میں کچھ مانع نہ ہو تو بہتر یہ ہے کہ جماعت سے صحیح طریق پر تراویح کی جماعت قائم کرلی جائے۔
</p> 
							<br>
							<span style=""font-size:1.2em"">
								<p><strong>واللہ تعالیٰ اعلم</strong></p>
								<br class=""clear"">
								<p><strong>دارالافتاء،</strong><br>دارالعلوم دیوبند</p>
							</span>
						</li>
											</ul>
				</div>"
https://darulifta-deoband.com/home/ur/salah-prayer/41352,داڑھی کاٹنا یا خشخشی رکھنا حرام ہے، ایسے امام کے پیچھے نماز مکروہ تحریمی ہے، ایسے شخص کو امام بنانا جائز نہیں,<h2><u> سوال: </u> ایک حافظ امام ہے جو مسجد میں نماز تراویح پڑھ رہا ہے، وہ اپنی داڑھی کو کبھی مشین سے خشخشی کراتاہے تو کبھی قینچی سے کترتاہے یعنی اس کی داڑھی ایک مشت سے کم ہے ، اگر کوئی اس سے کہے کہ آپ ایک مشت یا اس سے زیادہ کیوں نہیں رکھتے تو وہ جواب دیتاہے کہ داڑھی صرف منہ پر آنا ضروری ہے اور ایک مشت یا اس سے زیادہ رکھنا ضروری نہیں ہے اور یہ جواب دیتاہے کہ جس کا جی چاہے میرے پیچھے نماز پڑھے ۔ حافظ کے اس جواب کی شرعی نوعیت کیا ہے؟ اور کیا ایسے حافظ کے پیچھے نماز پڑھنی چاہئے؟اگر کسی مسجد کی انتظامیہ اہل محلہ کا احتجاج کے باوجود ایسے حافظ کو مقرر کرے تو اس کے بارے میں شرعی احکام کیا ہیں؟ براہ کرم، مدلل جواب دیں۔ </h2>,"<p>بسم الله الرحمن الرحيم</p><p> فتوی: 1460/2000/D=10/1433

داڑھی کاٹنا یا خشخشی رکھنا حرام ہے، ایسے امام کے پیچھے نماز مکروہ تحریمی ہے، ایسے شخص کو امام بنانا جائز نہیں۔ منتظمہ کمیٹی کی ذمہ داری ہے کہ تمام نمازیوں کی نمازیں جائز سنت کے مطابق ادا ہوں اس کا وہ انتظام وانصرام کرے، ایسے کو امام رکھنا جس کی وجہ سے لوگوں کی نمازیں خراب ہوں، منتظمہ کمیٹی کے لیے باعث وبال وگناہ ہے۔ آپ منتظمہ کمیٹی کو ان امور کی طرف متوجہ کردیں، امید ہے کہ اصلاح کی فکر کریں گے، اگر کوئی اصلاحی قدم نہیں اٹھاتے تو بھی آپ جماعت ترک نہ کریں بلکہ انھیں امام کے پیچھے نماز ادا کریں، گناہ امام صاحب کو یا منتظمہ کمیٹی ہوگا۔
</p><br><span style=""font-size:1.2em"">
								<p><strong>واللہ تعالیٰ اعلم</strong></p>
								<br class=""clear"">
								<p><strong>دارالافتاء،</strong><br>دارالعلوم دیوبند</p>
							</span>",01-Sep-2020,41352,darulifta-deoband.com,عبادات,صلاة (نماز),"<div id=""recent_fatwas"" class=""container tab-pane active""><br>
					<ul class=""answer_detail"">
												<li>
																					<div class=""cate_sec"">
								<p class=""category_name"">
									<span>
										عبادات									</span> 
									&gt;&gt; 
									<span>
																		<a href=""https://darulifta-deoband.com/ur/category/n-a/MTk="">صلاة (نماز)</a>
									</span>
								</p>
								<p class=""quesid""><span class=""anser_id_urdu""> سوال نمبر: 41352</span><!--<span class=""country_urdu"">  : ملک</span> --></p>
							</div>
							<h2><u> عنوان:</u> داڑھی کاٹنا یا خشخشی رکھنا حرام ہے، ایسے امام کے پیچھے نماز مکروہ تحریمی ہے، ایسے شخص کو امام بنانا جائز نہیں</h2>
							<h2><u> سوال: </u> ایک حافظ امام ہے جو مسجد میں نماز تراویح پڑھ رہا ہے، وہ اپنی داڑھی کو کبھی مشین سے خشخشی کراتاہے تو کبھی قینچی سے کترتاہے یعنی اس کی داڑھی ایک مشت سے کم ہے ، اگر کوئی اس سے کہے کہ آپ ایک مشت یا اس سے زیادہ کیوں نہیں رکھتے تو وہ جواب دیتاہے کہ داڑھی صرف منہ پر آنا ضروری ہے اور ایک مشت یا اس سے زیادہ رکھنا ضروری نہیں ہے اور یہ جواب دیتاہے کہ جس کا جی چاہے میرے پیچھے نماز پڑھے ۔ حافظ کے اس جواب کی شرعی نوعیت کیا ہے؟ اور کیا ایسے حافظ کے پیچھے نماز پڑھنی چاہئے؟اگر کسی مسجد کی انتظامیہ اہل محلہ کا احتجاج کے باوجود ایسے حافظ کو مقرر کرے تو اس کے بارے میں شرعی احکام کیا ہیں؟ براہ کرم، مدلل جواب دیں۔ </h2>
							<p class=""fatwa_answer""><span class=""ans_urdu_id""> جواب نمبر: 41352</span><span style=""color:#efefef;display:none;"" class=""answer_date_urdu"">01-Sep-2020 : تاریخ اشاعت </span></p>
							<p>بسم الله الرحمن الرحيم</p>
							<p> فتوی: 1460/2000/D=10/1433

داڑھی کاٹنا یا خشخشی رکھنا حرام ہے، ایسے امام کے پیچھے نماز مکروہ تحریمی ہے، ایسے شخص کو امام بنانا جائز نہیں۔ منتظمہ کمیٹی کی ذمہ داری ہے کہ تمام نمازیوں کی نمازیں جائز سنت کے مطابق ادا ہوں اس کا وہ انتظام وانصرام کرے، ایسے کو امام رکھنا جس کی وجہ سے لوگوں کی نمازیں خراب ہوں، منتظمہ کمیٹی کے لیے باعث وبال وگناہ ہے۔ آپ منتظمہ کمیٹی کو ان امور کی طرف متوجہ کردیں، امید ہے کہ اصلاح کی فکر کریں گے، اگر کوئی اصلاحی قدم نہیں اٹھاتے تو بھی آپ جماعت ترک نہ کریں بلکہ انھیں امام کے پیچھے نماز ادا کریں، گناہ امام صاحب کو یا منتظمہ کمیٹی ہوگا۔
</p> 
							<br>
							<span style=""font-size:1.2em"">
								<p><strong>واللہ تعالیٰ اعلم</strong></p>
								<br class=""clear"">
								<p><strong>دارالافتاء،</strong><br>دارالعلوم دیوبند</p>
							</span>
						</li>
											</ul>
				</div>"
https://darulifta-deoband.com/home/ur/salah-prayer/41327,نفل بیٹھ كر ادا كرنا چاہیے یا كھڑے ہوكر,"<h2><u> سوال: </u> (۱) سوال ہے یہ کہ میں نے ایک مولانا سے سنا ہے کہ عشاء کی نماز میں آخری نفل کو تاکید سے کرنی چاہیے اور حضور صلی اللہ علیہ وسلم اکثر بیٹھ کر ادا کیا کرتے تھے۔ 
(۲) دوسرا سوال ہم نے سنا ہے کہ وتر کی نماز میں پہلی رکعت میں سورة اذاجاء اور دوسری رکعت میں تبّت یدہ اور تیسری رکعت میں قل ھواللہ پڑھنے سے انسان دانت کے مرض سے محفوظ رہتا ہے۔ براہ کرم، رہنمائی فرمائیں۔
</h2>","<p>بسم الله الرحمن الرحيم</p><p> فتوی: 847-857/N=10/1433

(۱) جی ہاں! یہ بات صحیح ہے کہ حضور صلی اللہ علیہ وسلم تہجد میں وتر کے بعد کی دو نفلیں بیٹھ کر پڑھا کرتے تھے، اور آپ صلی اللہ علیہ وسلم کو اس کا پورا ثواب ملتا تھا لیکن آپ صلی اللہ علیہ وسلم کے علاوہ دوسروں کو بیٹھ کر نفل نماز پڑھنے میں آدھا ثواب ملتا ہے کذا في الدر والرد (کتاب الصلاة باب الوتر والنوافل: ۲/۴۸۴، ۴۸۵، ط: مکتبہ زکریا دیوبند) ہاں اگر کوئی شخص اتباع رسول اللہ صلی اللہ علیہ وسلم کی نیت سے بیٹھ کر پڑھے گا تو اس کو دو ثواب ملیں گے: نفلوں کا آدھا اور اتباع رسول اللہ صلی اللہ علیہ وسلم کا علیحدہ، اور ہوسکتا ہے کہ یہ مجموعہ کھڑے ہوکر نفل پڑھنے کے ثواب سے زیادہ ہوجائے کذا قال الإمام الکنکوہی رحمہ اللہ تعالی (تحفة الألمعي: ۲/۳۲۷، ۳۲۸)۔
(۲) مجھے معلوم نہیں، آپ نے جن سے سنا ہے ان ہی سے اس کا حوالہ یا دلیل معلوم کریں، ویسے نماز وتر میں مسنون قراء ت یہ ہے کہ پہلی رکعت میں سورہٴ اعلی، دوسری میں سورہٴ کافرون اور تیسری میں سورہٴ اخلاص پڑھی جائے رواہ الترمذي في سننہ (أبواب الوتر، باب ما جاء ما یقرأ في الوتر) عن ابن عباس وغیرہ، اور سنت پر عمل کرنے میں دنیا اور آخرت کے بے شمار فوائد ہوتے ہیں۔
</p><br><span style=""font-size:1.2em"">
								<p><strong>واللہ تعالیٰ اعلم</strong></p>
								<br class=""clear"">
								<p><strong>دارالافتاء،</strong><br>دارالعلوم دیوبند</p>
							</span>",01-Sep-2020,41327,darulifta-deoband.com,عبادات,صلاة (نماز),"<div id=""recent_fatwas"" class=""container tab-pane active""><br>
					<ul class=""answer_detail"">
												<li>
																					<div class=""cate_sec"">
								<p class=""category_name"">
									<span>
										عبادات									</span> 
									&gt;&gt; 
									<span>
																		<a href=""https://darulifta-deoband.com/ur/category/n-a/MTk="">صلاة (نماز)</a>
									</span>
								</p>
								<p class=""quesid""><span class=""anser_id_urdu""> سوال نمبر: 41327</span><!--<span class=""country_urdu"">  : ملک</span> --></p>
							</div>
							<h2><u> عنوان:</u> نفل بیٹھ كر ادا كرنا چاہیے یا كھڑے ہوكر</h2>
							<h2><u> سوال: </u> (۱) سوال ہے یہ کہ میں نے ایک مولانا سے سنا ہے کہ عشاء کی نماز میں آخری نفل کو تاکید سے کرنی چاہیے اور حضور صلی اللہ علیہ وسلم اکثر بیٹھ کر ادا کیا کرتے تھے۔ 
(۲) دوسرا سوال ہم نے سنا ہے کہ وتر کی نماز میں پہلی رکعت میں سورة اذاجاء اور دوسری رکعت میں تبّت یدہ اور تیسری رکعت میں قل ھواللہ پڑھنے سے انسان دانت کے مرض سے محفوظ رہتا ہے۔ براہ کرم، رہنمائی فرمائیں۔
</h2>
							<p class=""fatwa_answer""><span class=""ans_urdu_id""> جواب نمبر: 41327</span><span style=""color:#efefef;display:none;"" class=""answer_date_urdu"">01-Sep-2020 : تاریخ اشاعت </span></p>
							<p>بسم الله الرحمن الرحيم</p>
							<p> فتوی: 847-857/N=10/1433

(۱) جی ہاں! یہ بات صحیح ہے کہ حضور صلی اللہ علیہ وسلم تہجد میں وتر کے بعد کی دو نفلیں بیٹھ کر پڑھا کرتے تھے، اور آپ صلی اللہ علیہ وسلم کو اس کا پورا ثواب ملتا تھا لیکن آپ صلی اللہ علیہ وسلم کے علاوہ دوسروں کو بیٹھ کر نفل نماز پڑھنے میں آدھا ثواب ملتا ہے کذا في الدر والرد (کتاب الصلاة باب الوتر والنوافل: ۲/۴۸۴، ۴۸۵، ط: مکتبہ زکریا دیوبند) ہاں اگر کوئی شخص اتباع رسول اللہ صلی اللہ علیہ وسلم کی نیت سے بیٹھ کر پڑھے گا تو اس کو دو ثواب ملیں گے: نفلوں کا آدھا اور اتباع رسول اللہ صلی اللہ علیہ وسلم کا علیحدہ، اور ہوسکتا ہے کہ یہ مجموعہ کھڑے ہوکر نفل پڑھنے کے ثواب سے زیادہ ہوجائے کذا قال الإمام الکنکوہی رحمہ اللہ تعالی (تحفة الألمعي: ۲/۳۲۷، ۳۲۸)۔
(۲) مجھے معلوم نہیں، آپ نے جن سے سنا ہے ان ہی سے اس کا حوالہ یا دلیل معلوم کریں، ویسے نماز وتر میں مسنون قراء ت یہ ہے کہ پہلی رکعت میں سورہٴ اعلی، دوسری میں سورہٴ کافرون اور تیسری میں سورہٴ اخلاص پڑھی جائے رواہ الترمذي في سننہ (أبواب الوتر، باب ما جاء ما یقرأ في الوتر) عن ابن عباس وغیرہ، اور سنت پر عمل کرنے میں دنیا اور آخرت کے بے شمار فوائد ہوتے ہیں۔
</p> 
							<br>
							<span style=""font-size:1.2em"">
								<p><strong>واللہ تعالیٰ اعلم</strong></p>
								<br class=""clear"">
								<p><strong>دارالافتاء،</strong><br>دارالعلوم دیوبند</p>
							</span>
						</li>
											</ul>
				</div>"
https://darulifta-deoband.com/home/ur/salah-prayer/41318,کیا نماز تہجّد کے لیے سونا ضروری ہے؟,<h2><u> سوال: </u> کیا نماز تہجّد کے لیے سونا ضروری ہے؟</h2>,"<p>بسم الله الرحمن الرحيم</p><p> فتوی: 1407-1411/M=10/1433

سونا ضروری نہیں۔
</p><br><span style=""font-size:1.2em"">
								<p><strong>واللہ تعالیٰ اعلم</strong></p>
								<br class=""clear"">
								<p><strong>دارالافتاء،</strong><br>دارالعلوم دیوبند</p>
							</span>",01-Sep-2020,41318,darulifta-deoband.com,عبادات,صلاة (نماز),"<div id=""recent_fatwas"" class=""container tab-pane active""><br>
					<ul class=""answer_detail"">
												<li>
																					<div class=""cate_sec"">
								<p class=""category_name"">
									<span>
										عبادات									</span> 
									&gt;&gt; 
									<span>
																		<a href=""https://darulifta-deoband.com/ur/category/n-a/MTk="">صلاة (نماز)</a>
									</span>
								</p>
								<p class=""quesid""><span class=""anser_id_urdu""> سوال نمبر: 41318</span><!--<span class=""country_urdu"">  : ملک</span> --></p>
							</div>
							<h2><u> عنوان:</u> کیا نماز تہجّد کے لیے سونا ضروری ہے؟</h2>
							<h2><u> سوال: </u> کیا نماز تہجّد کے لیے سونا ضروری ہے؟</h2>
							<p class=""fatwa_answer""><span class=""ans_urdu_id""> جواب نمبر: 41318</span><span style=""color:#efefef;display:none;"" class=""answer_date_urdu"">01-Sep-2020 : تاریخ اشاعت </span></p>
							<p>بسم الله الرحمن الرحيم</p>
							<p> فتوی: 1407-1411/M=10/1433

سونا ضروری نہیں۔
</p> 
							<br>
							<span style=""font-size:1.2em"">
								<p><strong>واللہ تعالیٰ اعلم</strong></p>
								<br class=""clear"">
								<p><strong>دارالافتاء،</strong><br>دارالعلوم دیوبند</p>
							</span>
						</li>
											</ul>
				</div>"
https://darulifta-deoband.com/home/ur/salah-prayer/41313,چھوٹی ہوئی تراویح كب پڑھیں,<h2><u> سوال: </u> ہم ایسے وقت میں مسجد میں پہنچے کہ تراویح کی جماعت کھڑی ہو رہی تھی تو ہم پہلے تراویح میں شامل ہو جائیں یا عشاء کی فرض نماز پڑھیں؟ اور وتر کے جماعت کا کیا کریں؟ ہماری نماز پڑھنے کا طریقہ کیا ہوگا ؟ذرا تفصیل سے بتائیں۔ </h2>,"<p>بسم الله الرحمن الرحيم</p><p> فتوی: 1418-1424/M=10/1433

پہلے عشاء کی فرض نماز اور اس کے بعد کی سنت پڑھ لیں، پھر تراویح میں شامل ہوجائیں، اس دوران تراویح کی جتنی رکعات چھوٹ جائیں ان کو اگر ترویحہ کے درمیانی وقفہ میں پورا کرسکتے ہوں تو کرلیں ورنہ وتر جماعت کے ساتھ ادا کرلیں اور باقی ماندہ تراویح وتر کے بعد ادا کرلیں۔
</p><br><span style=""font-size:1.2em"">
								<p><strong>واللہ تعالیٰ اعلم</strong></p>
								<br class=""clear"">
								<p><strong>دارالافتاء،</strong><br>دارالعلوم دیوبند</p>
							</span>",01-Sep-2020,41313,darulifta-deoband.com,عبادات,صلاة (نماز),"<div id=""recent_fatwas"" class=""container tab-pane active""><br>
					<ul class=""answer_detail"">
												<li>
																					<div class=""cate_sec"">
								<p class=""category_name"">
									<span>
										عبادات									</span> 
									&gt;&gt; 
									<span>
																		<a href=""https://darulifta-deoband.com/ur/category/n-a/MTk="">صلاة (نماز)</a>
									</span>
								</p>
								<p class=""quesid""><span class=""anser_id_urdu""> سوال نمبر: 41313</span><!--<span class=""country_urdu"">  : ملک</span> --></p>
							</div>
							<h2><u> عنوان:</u> چھوٹی ہوئی تراویح كب پڑھیں</h2>
							<h2><u> سوال: </u> ہم ایسے وقت میں مسجد میں پہنچے کہ تراویح کی جماعت کھڑی ہو رہی تھی تو ہم پہلے تراویح میں شامل ہو جائیں یا عشاء کی فرض نماز پڑھیں؟ اور وتر کے جماعت کا کیا کریں؟ ہماری نماز پڑھنے کا طریقہ کیا ہوگا ؟ذرا تفصیل سے بتائیں۔ </h2>
							<p class=""fatwa_answer""><span class=""ans_urdu_id""> جواب نمبر: 41313</span><span style=""color:#efefef;display:none;"" class=""answer_date_urdu"">01-Sep-2020 : تاریخ اشاعت </span></p>
							<p>بسم الله الرحمن الرحيم</p>
							<p> فتوی: 1418-1424/M=10/1433

پہلے عشاء کی فرض نماز اور اس کے بعد کی سنت پڑھ لیں، پھر تراویح میں شامل ہوجائیں، اس دوران تراویح کی جتنی رکعات چھوٹ جائیں ان کو اگر ترویحہ کے درمیانی وقفہ میں پورا کرسکتے ہوں تو کرلیں ورنہ وتر جماعت کے ساتھ ادا کرلیں اور باقی ماندہ تراویح وتر کے بعد ادا کرلیں۔
</p> 
							<br>
							<span style=""font-size:1.2em"">
								<p><strong>واللہ تعالیٰ اعلم</strong></p>
								<br class=""clear"">
								<p><strong>دارالافتاء،</strong><br>دارالعلوم دیوبند</p>
							</span>
						</li>
											</ul>
				</div>"
https://darulifta-deoband.com/home/ur/salah-prayer/41279,مسجد میں نماز پڑھنے سے روکنا,<h2><u> سوال: </u> ہماری مسجد میں کچھ شخص آمین تیز سے بولتے ہیں، سینے پر نیت باندھتے ہیں اور رفع یدین کرتے ہیں، کیا اس اعمال کی وجہ سے ہم انکو مسجد میں داخل ہونے سے روک سکتے ہیں یا نہیں؟ اور وہ شخص اپنے آپ کو اہل ہدیتہ کہتے ہیں۔ </h2>,"<p>بسم الله الرحمن الرحيم</p><p> فتوی: 1398-1397/M=10/1433

وہ لوگ غیر مقلد ہیں، وہ خود کو اہل حدیث کہتے ہیں لیکن ان کا عمل حدیث کے خلاف ہے، اگر وہ مسجد میں فتنہ نہ پھیلائیں اور کسی چھیڑ چھاڑ کے بغیر عمل میں لگے رہیں تو ان کو مسجد میں داخل ہونے سے نہ روکیں اور ان کو مناسب حکمت وتدبیر سے راہ اعتدال پر لانے کی سعی کرتے رہیں۔ 
</p><br><span style=""font-size:1.2em"">
								<p><strong>واللہ تعالیٰ اعلم</strong></p>
								<br class=""clear"">
								<p><strong>دارالافتاء،</strong><br>دارالعلوم دیوبند</p>
							</span>",01-Sep-2020,41279,darulifta-deoband.com,عبادات,صلاة (نماز),"<div id=""recent_fatwas"" class=""container tab-pane active""><br>
					<ul class=""answer_detail"">
												<li>
																					<div class=""cate_sec"">
								<p class=""category_name"">
									<span>
										عبادات									</span> 
									&gt;&gt; 
									<span>
																		<a href=""https://darulifta-deoband.com/ur/category/n-a/MTk="">صلاة (نماز)</a>
									</span>
								</p>
								<p class=""quesid""><span class=""anser_id_urdu""> سوال نمبر: 41279</span><!--<span class=""country_urdu"">  : ملک</span> --></p>
							</div>
							<h2><u> عنوان:</u> مسجد میں نماز پڑھنے سے روکنا </h2>
							<h2><u> سوال: </u> ہماری مسجد میں کچھ شخص آمین تیز سے بولتے ہیں، سینے پر نیت باندھتے ہیں اور رفع یدین کرتے ہیں، کیا اس اعمال کی وجہ سے ہم انکو مسجد میں داخل ہونے سے روک سکتے ہیں یا نہیں؟ اور وہ شخص اپنے آپ کو اہل ہدیتہ کہتے ہیں۔ </h2>
							<p class=""fatwa_answer""><span class=""ans_urdu_id""> جواب نمبر: 41279</span><span style=""color:#efefef;display:none;"" class=""answer_date_urdu"">01-Sep-2020 : تاریخ اشاعت </span></p>
							<p>بسم الله الرحمن الرحيم</p>
							<p> فتوی: 1398-1397/M=10/1433

وہ لوگ غیر مقلد ہیں، وہ خود کو اہل حدیث کہتے ہیں لیکن ان کا عمل حدیث کے خلاف ہے، اگر وہ مسجد میں فتنہ نہ پھیلائیں اور کسی چھیڑ چھاڑ کے بغیر عمل میں لگے رہیں تو ان کو مسجد میں داخل ہونے سے نہ روکیں اور ان کو مناسب حکمت وتدبیر سے راہ اعتدال پر لانے کی سعی کرتے رہیں۔ 
</p> 
							<br>
							<span style=""font-size:1.2em"">
								<p><strong>واللہ تعالیٰ اعلم</strong></p>
								<br class=""clear"">
								<p><strong>دارالافتاء،</strong><br>دارالعلوم دیوبند</p>
							</span>
						</li>
											</ul>
				</div>"
https://darulifta-deoband.com/home/ur/salah-prayer/41277,اگر ٹوپی نہ ہو تو کیا نماز نہیں ہوگی؟,<h2><u> سوال: </u> مجھے کچھ نماز کے بارے میں سوال کرنے ہیں۔ پہلا یہ کہ نماز میں اگر ٹوپی نہ ہو تو کیا نماز نہیں ہوگی؟ دوسرا یہ کہ آدھی آستین کے شرٹ یا ٹی شرٹ میں نماز ہو سکتی ہے کیا؟ اگر نہیں تو اس کا کوئی حولہ دیں تیسرا کہ نماز میں پہنچے ٹخنوں سے نیچے ہونے دیں یا موڑنا ضروری ہے؟ مہربانی فرما کر ان سوالوں کے جواب جلد سے جلد دے دیجئے۔ </h2>,"<p>بسم الله الرحمن الرحيم</p><p> فتوی: 833-840/N=10/1433

(۱) ٹوپی کے بغیر نماز ہوجاتی ہے، لیکن غفلت یا سستی کی وجہ سے ٹوپی کے بغیر نماز پڑھنا مکروہ ہے، ”قال في الدر (مع الرد کتاب الصلاة باب ما یفسد الصلاة وما یکرہ فیہا: ۲/۴۰۷، ط: مکتبہ زکریا دیوبند): وصلاتہ حاسرا أي: کاشفا رأسہ للتکاسل اھ وفي الرد: قولہ: ”للتکاسل“: أي: لأجل الکسل بأن استثقل تغطیتہ ولم یرہا أمرا مہما في الصلاة فترکہا لذلک․․․ اھ․
(۲) آدھی آستین کی شرٹ یا ٹی شرٹ میں نماز ہوجاتی ہے، لیکن کراہت تحریمی کے ساتھ وکرہ کفہ أي: رفعہ ولو لتراب کمشمرکم أو ذیل کذا في الدر (مع الرد: ۲/۴۰۶) وفي الرد: أي: ”رفعہ“: ․․․․ وحرر الخیر الرملي ما یفید أن الکراہة فیہ تحریمیة․․․ قولہ: ”کمشمرکم أو ذیل“: أي : کما لو دخل في الصلاة وہو مشمر کمہ أو ذیلہ وأشار بذلک إلی أن الکراہة لا تختص بالکف وہو في الصلاة کما أفادہ في شرح المنیة․․․ اھ 
(۳) نماز میں یا نماز کے باہر اوپر سے آنے والے لباس سے ٹخنے ڈھانکنا ناجائز اور گناہ کبیرہ ہے، احادیث میں اس پر سخت وعیدیں آئی ہیں، اس لیے اگر نماز کے باہر پائینچے ٹخنے سے نیچے ہوں تو نماز میں تو ضرور اوپر کرلینا چاہیے، یہ نماز میں ٹخنے کھلے رکھنے کے لیے پائنچے موڑنا، اس کف ثوب میں داخل نہیں جس سے حدیث میں منع کیا گیا ہے۔
</p><br><span style=""font-size:1.2em"">
								<p><strong>واللہ تعالیٰ اعلم</strong></p>
								<br class=""clear"">
								<p><strong>دارالافتاء،</strong><br>دارالعلوم دیوبند</p>
							</span>",01-Sep-2020,41277,darulifta-deoband.com,عبادات,صلاة (نماز),"<div id=""recent_fatwas"" class=""container tab-pane active""><br>
					<ul class=""answer_detail"">
												<li>
																					<div class=""cate_sec"">
								<p class=""category_name"">
									<span>
										عبادات									</span> 
									&gt;&gt; 
									<span>
																		<a href=""https://darulifta-deoband.com/ur/category/n-a/MTk="">صلاة (نماز)</a>
									</span>
								</p>
								<p class=""quesid""><span class=""anser_id_urdu""> سوال نمبر: 41277</span><!--<span class=""country_urdu"">  : ملک</span> --></p>
							</div>
							<h2><u> عنوان:</u> اگر ٹوپی نہ ہو تو کیا نماز نہیں ہوگی؟</h2>
							<h2><u> سوال: </u> مجھے کچھ نماز کے بارے میں سوال کرنے ہیں۔ پہلا یہ کہ نماز میں اگر ٹوپی نہ ہو تو کیا نماز نہیں ہوگی؟ دوسرا یہ کہ آدھی آستین کے شرٹ یا ٹی شرٹ میں نماز ہو سکتی ہے کیا؟ اگر نہیں تو اس کا کوئی حولہ دیں تیسرا کہ نماز میں پہنچے ٹخنوں سے نیچے ہونے دیں یا موڑنا ضروری ہے؟ مہربانی فرما کر ان سوالوں کے جواب جلد سے جلد دے دیجئے۔ </h2>
							<p class=""fatwa_answer""><span class=""ans_urdu_id""> جواب نمبر: 41277</span><span style=""color:#efefef;display:none;"" class=""answer_date_urdu"">01-Sep-2020 : تاریخ اشاعت </span></p>
							<p>بسم الله الرحمن الرحيم</p>
							<p> فتوی: 833-840/N=10/1433

(۱) ٹوپی کے بغیر نماز ہوجاتی ہے، لیکن غفلت یا سستی کی وجہ سے ٹوپی کے بغیر نماز پڑھنا مکروہ ہے، ”قال في الدر (مع الرد کتاب الصلاة باب ما یفسد الصلاة وما یکرہ فیہا: ۲/۴۰۷، ط: مکتبہ زکریا دیوبند): وصلاتہ حاسرا أي: کاشفا رأسہ للتکاسل اھ وفي الرد: قولہ: ”للتکاسل“: أي: لأجل الکسل بأن استثقل تغطیتہ ولم یرہا أمرا مہما في الصلاة فترکہا لذلک․․․ اھ․
(۲) آدھی آستین کی شرٹ یا ٹی شرٹ میں نماز ہوجاتی ہے، لیکن کراہت تحریمی کے ساتھ وکرہ کفہ أي: رفعہ ولو لتراب کمشمرکم أو ذیل کذا في الدر (مع الرد: ۲/۴۰۶) وفي الرد: أي: ”رفعہ“: ․․․․ وحرر الخیر الرملي ما یفید أن الکراہة فیہ تحریمیة․․․ قولہ: ”کمشمرکم أو ذیل“: أي : کما لو دخل في الصلاة وہو مشمر کمہ أو ذیلہ وأشار بذلک إلی أن الکراہة لا تختص بالکف وہو في الصلاة کما أفادہ في شرح المنیة․․․ اھ 
(۳) نماز میں یا نماز کے باہر اوپر سے آنے والے لباس سے ٹخنے ڈھانکنا ناجائز اور گناہ کبیرہ ہے، احادیث میں اس پر سخت وعیدیں آئی ہیں، اس لیے اگر نماز کے باہر پائینچے ٹخنے سے نیچے ہوں تو نماز میں تو ضرور اوپر کرلینا چاہیے، یہ نماز میں ٹخنے کھلے رکھنے کے لیے پائنچے موڑنا، اس کف ثوب میں داخل نہیں جس سے حدیث میں منع کیا گیا ہے۔
</p> 
							<br>
							<span style=""font-size:1.2em"">
								<p><strong>واللہ تعالیٰ اعلم</strong></p>
								<br class=""clear"">
								<p><strong>دارالافتاء،</strong><br>دارالعلوم دیوبند</p>
							</span>
						</li>
											</ul>
				</div>"
https://darulifta-deoband.com/home/ur/salah-prayer/41273,بدعات و رسومات,<h2><u> سوال: </u> (۱ )سوال : بندہ عاجز کا سوال یہ ہے کہ نماز سے فراغت کے بعد ہاتھ اٹھا کر دعا مانگنا اس عقیدے کے ساتھ کہ یہ ہاتھ اٹھانا نہ سنت ہے نہ واجب اور نہ فرض ہے بلکہ مباح ہے ، (۲) اور کبھی کبھار یعنی سال میں شاید ایک مرتبہ یا دو مرتبہ جبکہ کبار علماکرام واولیا عظام موجود ہوں ان سے مصلحتا دعا کی درخواست کی جائے اور ہاتھ اٹھایا جائے یہ سمجھ کر کہ دعا ثابت ہے اور رفع الیدین دعا کے آداب میں سے ہے اور یہ کہ نہ اٹھانا اوفق بالسنہ ہے اور اٹھانا مباح ہے جیسا کہ بیان ہوا کہ ما سکت عنہ فہو عفو کیا یہ ہاتھ اٹھا نا مذکورہ عقیدے کے ساتھ بدعت ہے ( بمعنی احداث فی الدین اور گمراہی و ضلالت ہے او ر اگر ہے تو کیا دلیل ہے جبکہ اس پر کوئی حکم شرعی نہیں لگایا جا رہا )؟</h2>,"<p>بسم الله الرحمن الرحيم</p><p> فتوی: 937-922/N=10/1433

دعا میں ہاتھ اٹھانا آداب میں سے ہے اور حضور صلی اللہ علیہ وسلم سے ثابت ہے۔ (مشکاة شریف: ۱۹۵، ۱۹۶) اور نمازوں کے بعد دعا کرنا بھی مختلف روایات سے ثابت ہے مثلاص ابن السنی رحمہ اللہ کی عمل الیوم واللیلة میں حضرت انس رضی اللہ عنہ سے مروی ہے کہ نبی صلی اللہ علیہ وسلم نے فرمایا: ما من عبد یبسط کفیہ في دبر کل صلاة․․ (امداد الفتاوی: ۱/۷۹۶، ۷۹۷)۔ (تفصیل کے لیے رسالہ : النفائس المرغوبة في حکم الدعاء بعد المکتوبة، موٴلفہ حضرت مفتی محمد کفایت اللہ صاحب رحمة اللہ علیہ اور رسالہ: استحباب الدعوات عقیب الصلوات موٴلفہ حضرت تھانوی نور اللہ مرقدہ (امداد الفتاوی: ۱/۷۹۵-۸۱۶) وغیرہ دیکھیں) اس لیے نمازوں کے بعد ہاتھ اٹھاکر دعا مانگنا بلاشبہ جائز ودرست بلکہ مستحب ہے، اس پر بدعت ہونے کا حکم ہرگز درست نہیں۔
(۲) مصلحت کی وضاحت کریں، پھر ان شاء اللہ اس کا جواب دیا جائے گا۔
</p><br><span style=""font-size:1.2em"">
								<p><strong>واللہ تعالیٰ اعلم</strong></p>
								<br class=""clear"">
								<p><strong>دارالافتاء،</strong><br>دارالعلوم دیوبند</p>
							</span>",01-Sep-2020,41273,darulifta-deoband.com,عبادات,صلاة (نماز),"<div id=""recent_fatwas"" class=""container tab-pane active""><br>
					<ul class=""answer_detail"">
												<li>
																					<div class=""cate_sec"">
								<p class=""category_name"">
									<span>
										عبادات									</span> 
									&gt;&gt; 
									<span>
																		<a href=""https://darulifta-deoband.com/ur/category/n-a/MTk="">صلاة (نماز)</a>
									</span>
								</p>
								<p class=""quesid""><span class=""anser_id_urdu""> سوال نمبر: 41273</span><!--<span class=""country_urdu"">  : ملک</span> --></p>
							</div>
							<h2><u> عنوان:</u> بدعات و رسومات</h2>
							<h2><u> سوال: </u> (۱ )سوال : بندہ عاجز کا سوال یہ ہے کہ نماز سے فراغت کے بعد ہاتھ اٹھا کر دعا مانگنا اس عقیدے کے ساتھ کہ یہ ہاتھ اٹھانا نہ سنت ہے نہ واجب اور نہ فرض ہے بلکہ مباح ہے ، (۲) اور کبھی کبھار یعنی سال میں شاید ایک مرتبہ یا دو مرتبہ جبکہ کبار علماکرام واولیا عظام موجود ہوں ان سے مصلحتا دعا کی درخواست کی جائے اور ہاتھ اٹھایا جائے یہ سمجھ کر کہ دعا ثابت ہے اور رفع الیدین دعا کے آداب میں سے ہے اور یہ کہ نہ اٹھانا اوفق بالسنہ ہے اور اٹھانا مباح ہے جیسا کہ بیان ہوا کہ ما سکت عنہ فہو عفو کیا یہ ہاتھ اٹھا نا مذکورہ عقیدے کے ساتھ بدعت ہے ( بمعنی احداث فی الدین اور گمراہی و ضلالت ہے او ر اگر ہے تو کیا دلیل ہے جبکہ اس پر کوئی حکم شرعی نہیں لگایا جا رہا )؟</h2>
							<p class=""fatwa_answer""><span class=""ans_urdu_id""> جواب نمبر: 41273</span><span style=""color:#efefef;display:none;"" class=""answer_date_urdu"">01-Sep-2020 : تاریخ اشاعت </span></p>
							<p>بسم الله الرحمن الرحيم</p>
							<p> فتوی: 937-922/N=10/1433

دعا میں ہاتھ اٹھانا آداب میں سے ہے اور حضور صلی اللہ علیہ وسلم سے ثابت ہے۔ (مشکاة شریف: ۱۹۵، ۱۹۶) اور نمازوں کے بعد دعا کرنا بھی مختلف روایات سے ثابت ہے مثلاص ابن السنی رحمہ اللہ کی عمل الیوم واللیلة میں حضرت انس رضی اللہ عنہ سے مروی ہے کہ نبی صلی اللہ علیہ وسلم نے فرمایا: ما من عبد یبسط کفیہ في دبر کل صلاة․․ (امداد الفتاوی: ۱/۷۹۶، ۷۹۷)۔ (تفصیل کے لیے رسالہ : النفائس المرغوبة في حکم الدعاء بعد المکتوبة، موٴلفہ حضرت مفتی محمد کفایت اللہ صاحب رحمة اللہ علیہ اور رسالہ: استحباب الدعوات عقیب الصلوات موٴلفہ حضرت تھانوی نور اللہ مرقدہ (امداد الفتاوی: ۱/۷۹۵-۸۱۶) وغیرہ دیکھیں) اس لیے نمازوں کے بعد ہاتھ اٹھاکر دعا مانگنا بلاشبہ جائز ودرست بلکہ مستحب ہے، اس پر بدعت ہونے کا حکم ہرگز درست نہیں۔
(۲) مصلحت کی وضاحت کریں، پھر ان شاء اللہ اس کا جواب دیا جائے گا۔
</p> 
							<br>
							<span style=""font-size:1.2em"">
								<p><strong>واللہ تعالیٰ اعلم</strong></p>
								<br class=""clear"">
								<p><strong>دارالافتاء،</strong><br>دارالعلوم دیوبند</p>
							</span>
						</li>
											</ul>
				</div>"
https://darulifta-deoband.com/home/ur/salah-prayer/41253,نمازی كے سامنے سے گذرنا,<h2><u> سوال: </u> بہت سے لوگ ایسی جگہ نماز کے لئے نیت باندھ کر کھڑے ہو جاتے ہیں کہ پھر دوسرے آدمی کو ان کے سامنے سے جانے کے علاوہ اور کوئی راستہ نہیں ہوتا ،تو کیا جماعت میں شامل ہونے کے لئے ان کے سامنے سے جا سکتے ہیں؟</h2>,"<p>بسم الله الرحمن الرحيم</p><p> فتوی: 824-831/N=10/1433

جی ہاں! ایسی صورت میں نمازی کے سامنے سے گذرسکتے ہیں، جائز ہے، گذرنے والے کو کوئی گناہ نہ ہوگا قال في رد المحتار (کتاب الصلاة، باب ما یفسد الصلاة وما یکرہ فیہا: ۲/۳۹۹-۴۰۱، مکتبة زکریا دیوبند): الثانیة: مقابلتہا: وہي أن یکون المصلي تعرض للمرور، والمار لیس لہ مندوحة عن المرور فیختص المصلي بالإثم دون المار․․․ والظاہر أن من الصورة الثانیة ما لو صلی عند باب المسجد وقت إقامة الجماعة لأن للمار أن یمر علی رقبتہ کما یأتي․․․ کمن صلی خلف فرجة الصف فلا یمنعون من المرور لتعدیہ․․․ قال في القنیة: قام في آخر الصف في المسجد بینہ وبین الصفوف مواضع خالیة فللداخل أن یمر بین یدیہ لیصل الصفوف لأنہ أسقط حرمة نفسہ فلا یأثم المار بین یدیہ․․․ اھ
</p><br><span style=""font-size:1.2em"">
								<p><strong>واللہ تعالیٰ اعلم</strong></p>
								<br class=""clear"">
								<p><strong>دارالافتاء،</strong><br>دارالعلوم دیوبند</p>
							</span>",01-Sep-2020,41253,darulifta-deoband.com,عبادات,صلاة (نماز),"<div id=""recent_fatwas"" class=""container tab-pane active""><br>
					<ul class=""answer_detail"">
												<li>
																					<div class=""cate_sec"">
								<p class=""category_name"">
									<span>
										عبادات									</span> 
									&gt;&gt; 
									<span>
																		<a href=""https://darulifta-deoband.com/ur/category/n-a/MTk="">صلاة (نماز)</a>
									</span>
								</p>
								<p class=""quesid""><span class=""anser_id_urdu""> سوال نمبر: 41253</span><!--<span class=""country_urdu"">  : ملک</span> --></p>
							</div>
							<h2><u> عنوان:</u> نمازی كے سامنے سے گذرنا</h2>
							<h2><u> سوال: </u> بہت سے لوگ ایسی جگہ نماز کے لئے نیت باندھ کر کھڑے ہو جاتے ہیں کہ پھر دوسرے آدمی کو ان کے سامنے سے جانے کے علاوہ اور کوئی راستہ نہیں ہوتا ،تو کیا جماعت میں شامل ہونے کے لئے ان کے سامنے سے جا سکتے ہیں؟</h2>
							<p class=""fatwa_answer""><span class=""ans_urdu_id""> جواب نمبر: 41253</span><span style=""color:#efefef;display:none;"" class=""answer_date_urdu"">01-Sep-2020 : تاریخ اشاعت </span></p>
							<p>بسم الله الرحمن الرحيم</p>
							<p> فتوی: 824-831/N=10/1433

جی ہاں! ایسی صورت میں نمازی کے سامنے سے گذرسکتے ہیں، جائز ہے، گذرنے والے کو کوئی گناہ نہ ہوگا قال في رد المحتار (کتاب الصلاة، باب ما یفسد الصلاة وما یکرہ فیہا: ۲/۳۹۹-۴۰۱، مکتبة زکریا دیوبند): الثانیة: مقابلتہا: وہي أن یکون المصلي تعرض للمرور، والمار لیس لہ مندوحة عن المرور فیختص المصلي بالإثم دون المار․․․ والظاہر أن من الصورة الثانیة ما لو صلی عند باب المسجد وقت إقامة الجماعة لأن للمار أن یمر علی رقبتہ کما یأتي․․․ کمن صلی خلف فرجة الصف فلا یمنعون من المرور لتعدیہ․․․ قال في القنیة: قام في آخر الصف في المسجد بینہ وبین الصفوف مواضع خالیة فللداخل أن یمر بین یدیہ لیصل الصفوف لأنہ أسقط حرمة نفسہ فلا یأثم المار بین یدیہ․․․ اھ
</p> 
							<br>
							<span style=""font-size:1.2em"">
								<p><strong>واللہ تعالیٰ اعلم</strong></p>
								<br class=""clear"">
								<p><strong>دارالافتاء،</strong><br>دارالعلوم دیوبند</p>
							</span>
						</li>
											</ul>
				</div>"
https://darulifta-deoband.com/home/ur/salah-prayer/41237,نماز میں قرأت شروع كرنے سے پہلے تعوذ وتسمیہ مسنون ہے,<h2><u> سوال: </u> نماز شروع کر نے کے بعد سبحانک اللہم پڑھنے کے بعد الحمد شریف سے پہلے اعوذ باللہ و بسم اللہ پڑھنا صحیح ہے؟براہ کرم، اس پر روشنی ڈالیں۔ </h2>,"<p>بسم الله الرحمن الرحيم</p><p> فتوی: 1442-1070/D=10/1433

جی ہاں اعوذ باللہ اور بسم اللہ پڑھنا سنت ہے۔

</p><br><span style=""font-size:1.2em"">
								<p><strong>واللہ تعالیٰ اعلم</strong></p>
								<br class=""clear"">
								<p><strong>دارالافتاء،</strong><br>دارالعلوم دیوبند</p>
							</span>",01-Sep-2020,41237,darulifta-deoband.com,عبادات,صلاة (نماز),"<div id=""recent_fatwas"" class=""container tab-pane active""><br>
					<ul class=""answer_detail"">
												<li>
																					<div class=""cate_sec"">
								<p class=""category_name"">
									<span>
										عبادات									</span> 
									&gt;&gt; 
									<span>
																		<a href=""https://darulifta-deoband.com/ur/category/n-a/MTk="">صلاة (نماز)</a>
									</span>
								</p>
								<p class=""quesid""><span class=""anser_id_urdu""> سوال نمبر: 41237</span><!--<span class=""country_urdu"">  : ملک</span> --></p>
							</div>
							<h2><u> عنوان:</u> نماز میں قرأت شروع كرنے سے پہلے تعوذ وتسمیہ مسنون ہے</h2>
							<h2><u> سوال: </u> نماز شروع کر نے کے بعد سبحانک اللہم پڑھنے کے بعد الحمد شریف سے پہلے اعوذ باللہ و بسم اللہ پڑھنا صحیح ہے؟براہ کرم، اس پر روشنی ڈالیں۔ </h2>
							<p class=""fatwa_answer""><span class=""ans_urdu_id""> جواب نمبر: 41237</span><span style=""color:#efefef;display:none;"" class=""answer_date_urdu"">01-Sep-2020 : تاریخ اشاعت </span></p>
							<p>بسم الله الرحمن الرحيم</p>
							<p> فتوی: 1442-1070/D=10/1433

جی ہاں اعوذ باللہ اور بسم اللہ پڑھنا سنت ہے۔

</p> 
							<br>
							<span style=""font-size:1.2em"">
								<p><strong>واللہ تعالیٰ اعلم</strong></p>
								<br class=""clear"">
								<p><strong>دارالافتاء،</strong><br>دارالعلوم دیوبند</p>
							</span>
						</li>
											</ul>
				</div>"
https://darulifta-deoband.com/home/ur/salah-prayer/41221,چار رکعات والی نماز میں اگر دوسری رکعات میں التحیات کے بعد درود شریف پڑھنا شروع کردیں؟,<h2><u> سوال: </u> میرا سوال یہ ہے کہ چار رکعات والی نماز میں اگر دوسری رکعات میں التحیات کے بعد درود شریف پڑھنا شروع کردیں اور بیچ میں یاد آجائے تو اس وقت درود شریف پورا کریں یا بیچ میں چھوڑ کر کھڑے ہوجائیں ؟</h2>,"<p>بسم الله الرحمن الرحيم</p><p> فتوی: 1375-1378/M=10/1433

یاد آنے پر فوراً پڑھنا بند کردیں اور بیچ میں چھوڑکر کھڑے ہوجائیں، اگر آپ امام کے پیچھے نہ پڑھ رہے ہوں تو اخیر میں سجدہٴ سہو کرلیں۔</p><br><span style=""font-size:1.2em"">
								<p><strong>واللہ تعالیٰ اعلم</strong></p>
								<br class=""clear"">
								<p><strong>دارالافتاء،</strong><br>دارالعلوم دیوبند</p>
							</span>",01-Sep-2020,41221,darulifta-deoband.com,عبادات,صلاة (نماز),"<div id=""recent_fatwas"" class=""container tab-pane active""><br>
					<ul class=""answer_detail"">
												<li>
																					<div class=""cate_sec"">
								<p class=""category_name"">
									<span>
										عبادات									</span> 
									&gt;&gt; 
									<span>
																		<a href=""https://darulifta-deoband.com/ur/category/n-a/MTk="">صلاة (نماز)</a>
									</span>
								</p>
								<p class=""quesid""><span class=""anser_id_urdu""> سوال نمبر: 41221</span><!--<span class=""country_urdu"">  : ملک</span> --></p>
							</div>
							<h2><u> عنوان:</u> چار رکعات والی نماز میں اگر دوسری رکعات میں التحیات کے بعد درود شریف پڑھنا شروع کردیں؟</h2>
							<h2><u> سوال: </u> میرا سوال یہ ہے کہ چار رکعات والی نماز میں اگر دوسری رکعات میں التحیات کے بعد درود شریف پڑھنا شروع کردیں اور بیچ میں یاد آجائے تو اس وقت درود شریف پورا کریں یا بیچ میں چھوڑ کر کھڑے ہوجائیں ؟</h2>
							<p class=""fatwa_answer""><span class=""ans_urdu_id""> جواب نمبر: 41221</span><span style=""color:#efefef;display:none;"" class=""answer_date_urdu"">01-Sep-2020 : تاریخ اشاعت </span></p>
							<p>بسم الله الرحمن الرحيم</p>
							<p> فتوی: 1375-1378/M=10/1433

یاد آنے پر فوراً پڑھنا بند کردیں اور بیچ میں چھوڑکر کھڑے ہوجائیں، اگر آپ امام کے پیچھے نہ پڑھ رہے ہوں تو اخیر میں سجدہٴ سہو کرلیں۔</p> 
							<br>
							<span style=""font-size:1.2em"">
								<p><strong>واللہ تعالیٰ اعلم</strong></p>
								<br class=""clear"">
								<p><strong>دارالافتاء،</strong><br>دارالعلوم دیوبند</p>
							</span>
						</li>
											</ul>
				</div>"
https://darulifta-deoband.com/home/ur/salah-prayer/41112,سعودی میں جو افطار كا جگہ جگہ نظم رہتا ہے,<h2><u> سوال: </u> مجھے یہ پوچھنا ہے کہ سعودی عرب میں جگہ جگہ ٹینٹ لگا کر افطار کا انتظام رہتا ہے ، کیا اسمیں سب کھا سکتے ہیں میرا مطلب ہے کہ یہ تو پتا نہیں کہ کس پیسوں سے انتظام ہو رہا ہے ؟زکاة ہے صدقہ ہے یا ہدیہ ہے اسمیں ابھی بہت سارے لوگ جو اچھا خاصا کماتے ہیں ، نوجوان بھی ہیں ، وہ بھی جاتے ہیں، سوال یہ ہے کہ کیا جائز ہے؟براہ کرم، جواب دیں۔</h2>,"<p>بسم الله الرحمن الرحيم</p><p> فتوی: 1435-1067/D=9/1433

افطار میں زکاة فطرہ کی رقم استعمال نہ ہوتی ہوگی، غالب گمان یہی ہے آپ کو تردد ہو تو تحقیق کرکے اطمینان کرلیں۔
</p><br><span style=""font-size:1.2em"">
								<p><strong>واللہ تعالیٰ اعلم</strong></p>
								<br class=""clear"">
								<p><strong>دارالافتاء،</strong><br>دارالعلوم دیوبند</p>
							</span>",31-Aug-2020,41112,darulifta-deoband.com,عبادات,صلاة (نماز),"<div id=""recent_fatwas"" class=""container tab-pane active""><br>
					<ul class=""answer_detail"">
												<li>
																					<div class=""cate_sec"">
								<p class=""category_name"">
									<span>
										عبادات									</span> 
									&gt;&gt; 
									<span>
																		<a href=""https://darulifta-deoband.com/ur/category/n-a/MTk="">صلاة (نماز)</a>
									</span>
								</p>
								<p class=""quesid""><span class=""anser_id_urdu""> سوال نمبر: 41112</span><!--<span class=""country_urdu"">  : ملک</span> --></p>
							</div>
							<h2><u> عنوان:</u> سعودی میں جو افطار كا جگہ جگہ نظم رہتا ہے</h2>
							<h2><u> سوال: </u> مجھے یہ پوچھنا ہے کہ سعودی عرب میں جگہ جگہ ٹینٹ لگا کر افطار کا انتظام رہتا ہے ، کیا اسمیں سب کھا سکتے ہیں میرا مطلب ہے کہ یہ تو پتا نہیں کہ کس پیسوں سے انتظام ہو رہا ہے ؟زکاة ہے صدقہ ہے یا ہدیہ ہے اسمیں ابھی بہت سارے لوگ جو اچھا خاصا کماتے ہیں ، نوجوان بھی ہیں ، وہ بھی جاتے ہیں، سوال یہ ہے کہ کیا جائز ہے؟براہ کرم، جواب دیں۔</h2>
							<p class=""fatwa_answer""><span class=""ans_urdu_id""> جواب نمبر: 41112</span><span style=""color:#efefef;display:none;"" class=""answer_date_urdu"">31-Aug-2020 : تاریخ اشاعت </span></p>
							<p>بسم الله الرحمن الرحيم</p>
							<p> فتوی: 1435-1067/D=9/1433

افطار میں زکاة فطرہ کی رقم استعمال نہ ہوتی ہوگی، غالب گمان یہی ہے آپ کو تردد ہو تو تحقیق کرکے اطمینان کرلیں۔
</p> 
							<br>
							<span style=""font-size:1.2em"">
								<p><strong>واللہ تعالیٰ اعلم</strong></p>
								<br class=""clear"">
								<p><strong>دارالافتاء،</strong><br>دارالعلوم دیوبند</p>
							</span>
						</li>
											</ul>
				</div>"
https://darulifta-deoband.com/home/ur/salah-prayer/41110,عالم كی موجودگی میں حافظ كی امامت,<h2><u> سوال: </u> (۱) کیا ایک عالم دین کی موجودگی میں ایک قاری یا حافظ قرآن امامت کر سکتا ہے ؟(۲) اور اگر دونوں موجود ہوں تو کس کو امامت کرنی چاہیے؟</h2>,"<p>بسم الله الرحمن الرحيم</p><p> فتوی: 1403-1034/D=9/1433

(۱) کرسکتا ہے، یعنی جائز ہے۔ 
(۲) اگر عالم بقدر ضرورت مطابق تجوید قرآن اچھا پڑھ لیتا ہے تو عالم کی امامت افضل ہے۔
</p><br><span style=""font-size:1.2em"">
								<p><strong>واللہ تعالیٰ اعلم</strong></p>
								<br class=""clear"">
								<p><strong>دارالافتاء،</strong><br>دارالعلوم دیوبند</p>
							</span>",01-Sep-2020,41110,darulifta-deoband.com,عبادات,صلاة (نماز),"<div id=""recent_fatwas"" class=""container tab-pane active""><br>
					<ul class=""answer_detail"">
												<li>
																					<div class=""cate_sec"">
								<p class=""category_name"">
									<span>
										عبادات									</span> 
									&gt;&gt; 
									<span>
																		<a href=""https://darulifta-deoband.com/ur/category/n-a/MTk="">صلاة (نماز)</a>
									</span>
								</p>
								<p class=""quesid""><span class=""anser_id_urdu""> سوال نمبر: 41110</span><!--<span class=""country_urdu"">  : ملک</span> --></p>
							</div>
							<h2><u> عنوان:</u> عالم كی موجودگی میں حافظ كی امامت</h2>
							<h2><u> سوال: </u> (۱) کیا ایک عالم دین کی موجودگی میں ایک قاری یا حافظ قرآن امامت کر سکتا ہے ؟(۲) اور اگر دونوں موجود ہوں تو کس کو امامت کرنی چاہیے؟</h2>
							<p class=""fatwa_answer""><span class=""ans_urdu_id""> جواب نمبر: 41110</span><span style=""color:#efefef;display:none;"" class=""answer_date_urdu"">01-Sep-2020 : تاریخ اشاعت </span></p>
							<p>بسم الله الرحمن الرحيم</p>
							<p> فتوی: 1403-1034/D=9/1433

(۱) کرسکتا ہے، یعنی جائز ہے۔ 
(۲) اگر عالم بقدر ضرورت مطابق تجوید قرآن اچھا پڑھ لیتا ہے تو عالم کی امامت افضل ہے۔
</p> 
							<br>
							<span style=""font-size:1.2em"">
								<p><strong>واللہ تعالیٰ اعلم</strong></p>
								<br class=""clear"">
								<p><strong>دارالافتاء،</strong><br>دارالعلوم دیوبند</p>
							</span>
						</li>
											</ul>
				</div>"
https://darulifta-deoband.com/home/ur/salah-prayer/41071,امامت كا كیا طریقہ ہے؟,<h2><u> سوال: </u> ہماری آفس میں نماز پڑھنے کے لئے ایک کمرہ ہے، وہاں ہم نماز ادا کرتے ہیں، امام نہیں ہے ، ہم میں سے کوئی نہ کوئی امامت کرلیتا ہے، میں نے بھی کئی بار امامت کی ہے، میرا سوال یہ ہے کہ امامت کا طریقہ کیا ہے؟ اسکو کن باتوں کا خیال رکھنا ہے؟</h2>,"<p>بسم الله الرحمن الرحيم</p><p> فتوی: 1335-1335/M=9/1433

امام کو طہارت ونماز کے ضروری مسائل سے واقف ہونا چاہیے، صحیح العقیدہ ہونا چاہیے، قرآن صحیح پڑھنے والا ہونا چاہیے، باشرع ہونا چاہیے، متبع سنت اور پابند شریعت ہونا چاہیے، طریقہٴ نماز سیکھنے کے لیے ”تعلیم الاسلام“ (موٴلفہ حضرت مفتی کفایت اللہ صاحب) ”نماز احناف“ کتاب منگواکر مطالعہ کرلیجیے یا مقامی کسی مستند عالم یا مفتی صاحب سے معلوم کرلیجیے۔
</p><br><span style=""font-size:1.2em"">
								<p><strong>واللہ تعالیٰ اعلم</strong></p>
								<br class=""clear"">
								<p><strong>دارالافتاء،</strong><br>دارالعلوم دیوبند</p>
							</span>",01-Sep-2020,41071,darulifta-deoband.com,عبادات,صلاة (نماز),"<div id=""recent_fatwas"" class=""container tab-pane active""><br>
					<ul class=""answer_detail"">
												<li>
																					<div class=""cate_sec"">
								<p class=""category_name"">
									<span>
										عبادات									</span> 
									&gt;&gt; 
									<span>
																		<a href=""https://darulifta-deoband.com/ur/category/n-a/MTk="">صلاة (نماز)</a>
									</span>
								</p>
								<p class=""quesid""><span class=""anser_id_urdu""> سوال نمبر: 41071</span><!--<span class=""country_urdu"">  : ملک</span> --></p>
							</div>
							<h2><u> عنوان:</u> امامت كا كیا طریقہ ہے؟</h2>
							<h2><u> سوال: </u> ہماری آفس میں نماز پڑھنے کے لئے ایک کمرہ ہے، وہاں ہم نماز ادا کرتے ہیں، امام نہیں ہے ، ہم میں سے کوئی نہ کوئی امامت کرلیتا ہے، میں نے بھی کئی بار امامت کی ہے، میرا سوال یہ ہے کہ امامت کا طریقہ کیا ہے؟ اسکو کن باتوں کا خیال رکھنا ہے؟</h2>
							<p class=""fatwa_answer""><span class=""ans_urdu_id""> جواب نمبر: 41071</span><span style=""color:#efefef;display:none;"" class=""answer_date_urdu"">01-Sep-2020 : تاریخ اشاعت </span></p>
							<p>بسم الله الرحمن الرحيم</p>
							<p> فتوی: 1335-1335/M=9/1433

امام کو طہارت ونماز کے ضروری مسائل سے واقف ہونا چاہیے، صحیح العقیدہ ہونا چاہیے، قرآن صحیح پڑھنے والا ہونا چاہیے، باشرع ہونا چاہیے، متبع سنت اور پابند شریعت ہونا چاہیے، طریقہٴ نماز سیکھنے کے لیے ”تعلیم الاسلام“ (موٴلفہ حضرت مفتی کفایت اللہ صاحب) ”نماز احناف“ کتاب منگواکر مطالعہ کرلیجیے یا مقامی کسی مستند عالم یا مفتی صاحب سے معلوم کرلیجیے۔
</p> 
							<br>
							<span style=""font-size:1.2em"">
								<p><strong>واللہ تعالیٰ اعلم</strong></p>
								<br class=""clear"">
								<p><strong>دارالافتاء،</strong><br>دارالعلوم دیوبند</p>
							</span>
						</li>
											</ul>
				</div>"
https://darulifta-deoband.com/home/ur/salah-prayer/40994,سورت پڑھنا بھول گیا,<h2><u> سوال: </u> اگر ۴ رکعت نماز فرض پڑھ رہا ہوں تو پہلے دورکعت میں سے کسی رکعت میں سورہ فاتحہ پڑھنے کے بعد دوسری سورة نا پڑھی اور رکوع میں چلا گیا سورة ملانا بھول گیا تو کیا سجدہ سہو کرنا پڑے گا ؟ یا نماز لوٹانی پڑے گی؟یا نماز ھو جائگی؟</h2>,"<p>بسم الله الرحمن الرحيم</p><p> فتوی: 801-778/N=10/1433

صورت مسئول عنہا میں سجدہ سہو کرلینے سے نماز درست ہوجائے گی، نماز لوٹانے کی ضرورت نہ ہوگی، ہاں اگر سجدہٴ سہو نہیں کیا اور منافی صلاة کوئی کام بھی کرلیا تو وقت کے اندر نماز کا لوٹانا واجب ہوگا اور وقت کے بعد مستحب کذا فی عامة کتب الفقہ۔
</p><br><span style=""font-size:1.2em"">
								<p><strong>واللہ تعالیٰ اعلم</strong></p>
								<br class=""clear"">
								<p><strong>دارالافتاء،</strong><br>دارالعلوم دیوبند</p>
							</span>",01-Sep-2020,40994,darulifta-deoband.com,عبادات,صلاة (نماز),"<div id=""recent_fatwas"" class=""container tab-pane active""><br>
					<ul class=""answer_detail"">
												<li>
																					<div class=""cate_sec"">
								<p class=""category_name"">
									<span>
										عبادات									</span> 
									&gt;&gt; 
									<span>
																		<a href=""https://darulifta-deoband.com/ur/category/n-a/MTk="">صلاة (نماز)</a>
									</span>
								</p>
								<p class=""quesid""><span class=""anser_id_urdu""> سوال نمبر: 40994</span><!--<span class=""country_urdu"">  : ملک</span> --></p>
							</div>
							<h2><u> عنوان:</u> سورت پڑھنا بھول گیا</h2>
							<h2><u> سوال: </u> اگر ۴ رکعت نماز فرض پڑھ رہا ہوں تو پہلے دورکعت میں سے کسی رکعت میں سورہ فاتحہ پڑھنے کے بعد دوسری سورة نا پڑھی اور رکوع میں چلا گیا سورة ملانا بھول گیا تو کیا سجدہ سہو کرنا پڑے گا ؟ یا نماز لوٹانی پڑے گی؟یا نماز ھو جائگی؟</h2>
							<p class=""fatwa_answer""><span class=""ans_urdu_id""> جواب نمبر: 40994</span><span style=""color:#efefef;display:none;"" class=""answer_date_urdu"">01-Sep-2020 : تاریخ اشاعت </span></p>
							<p>بسم الله الرحمن الرحيم</p>
							<p> فتوی: 801-778/N=10/1433

صورت مسئول عنہا میں سجدہ سہو کرلینے سے نماز درست ہوجائے گی، نماز لوٹانے کی ضرورت نہ ہوگی، ہاں اگر سجدہٴ سہو نہیں کیا اور منافی صلاة کوئی کام بھی کرلیا تو وقت کے اندر نماز کا لوٹانا واجب ہوگا اور وقت کے بعد مستحب کذا فی عامة کتب الفقہ۔
</p> 
							<br>
							<span style=""font-size:1.2em"">
								<p><strong>واللہ تعالیٰ اعلم</strong></p>
								<br class=""clear"">
								<p><strong>دارالافتاء،</strong><br>دارالعلوم دیوبند</p>
							</span>
						</li>
											</ul>
				</div>"
https://darulifta-deoband.com/home/ur/salah-prayer/40967,کدام نماز نفل اسث کہ از نمازِ فرض افضل است؟,<h2><u> سوال: </u>  یکی ازمن سوال کرد آن کدام نماز نفل اسث کہ از نماز فرض افضل است؟ آیا چنین چیزی وجود دارد؟ آیا چنین نفلی است؟</h2>,"<p>بسم الله الرحمن الرحيم</p><p> فتوی: 876-878/N=10/1433

در مذہب اسلام ہیچ نفل نماز از فرض نماز افضل نیست زیرا کہ ہرفرض نماز از ہر نفل نماز بدون استثنائے نمازے ہفتاد درجہ ثواب زیادہ دارد  قال ابن نجیم المصري في الأشباہ والنظائر الفن الأول القاعدة الثالثة عشر: الفرض أفضل من النفل إلا في مسائل․․․ اھ ولم یستثن الصلاة․ 
</p><br><span style=""font-size:1.2em"">
								<p><strong>واللہ تعالیٰ اعلم</strong></p>
								<br class=""clear"">
								<p><strong>دارالافتاء،</strong><br>دارالعلوم دیوبند</p>
							</span>",01-Sep-2020,40967,darulifta-deoband.com,عبادات,صلاة (نماز),"<div id=""recent_fatwas"" class=""container tab-pane active""><br>
					<ul class=""answer_detail"">
												<li>
																					<div class=""cate_sec"">
								<p class=""category_name"">
									<span>
										عبادات									</span> 
									&gt;&gt; 
									<span>
																		<a href=""https://darulifta-deoband.com/ur/category/n-a/MTk="">صلاة (نماز)</a>
									</span>
								</p>
								<p class=""quesid""><span class=""anser_id_urdu""> سوال نمبر: 40967</span><!--<span class=""country_urdu"">  : ملک</span> --></p>
							</div>
							<h2><u> عنوان:</u> کدام نماز نفل اسث کہ از نمازِ فرض افضل است؟ </h2>
							<h2><u> سوال: </u>  یکی ازمن سوال کرد آن کدام نماز نفل اسث کہ از نماز فرض افضل است؟ آیا چنین چیزی وجود دارد؟ آیا چنین نفلی است؟</h2>
							<p class=""fatwa_answer""><span class=""ans_urdu_id""> جواب نمبر: 40967</span><span style=""color:#efefef;display:none;"" class=""answer_date_urdu"">01-Sep-2020 : تاریخ اشاعت </span></p>
							<p>بسم الله الرحمن الرحيم</p>
							<p> فتوی: 876-878/N=10/1433

در مذہب اسلام ہیچ نفل نماز از فرض نماز افضل نیست زیرا کہ ہرفرض نماز از ہر نفل نماز بدون استثنائے نمازے ہفتاد درجہ ثواب زیادہ دارد  قال ابن نجیم المصري في الأشباہ والنظائر الفن الأول القاعدة الثالثة عشر: الفرض أفضل من النفل إلا في مسائل․․․ اھ ولم یستثن الصلاة․ 
</p> 
							<br>
							<span style=""font-size:1.2em"">
								<p><strong>واللہ تعالیٰ اعلم</strong></p>
								<br class=""clear"">
								<p><strong>دارالافتاء،</strong><br>دارالعلوم دیوبند</p>
							</span>
						</li>
											</ul>
				</div>"
https://darulifta-deoband.com/home/ur/salah-prayer/40965,سری نماز میں دل میں سورہٴ فاتحہ غور کرنے میں مضائقہ نہیں ہے,"<h2><u> سوال: </u> میں حنفی فقہ سے تعلّق رکھتا ہوں -بہت سی روایتوں اور اماموں جیسے حنبل،ما لک ، اور امام یوسف کے فتووں سے لگتا ہے کہ امام کے پیچھے ساری نماز میں سورہ فاتحہ پڑھنا چاہیے، جیسا کہ ابو ہریرہ کی روایت میں ہے کہ ابو ہریرہ رضی اللہ عہنہ نے لوگو ں سے کہا کہ امام کے پیچھے قراَت مت کیا کرو تو لوگو ں نے کہا کہ سری نماز میں ؟تو انہوں نے جواب دیا کہ ساری نماز میں دل میں پڑھا(غور کیا ) کرو، اور میں بھی سری نماز میں سورة فاتحہ دل میں پڑھتا ہوں۔ 
میرا سوال یہ ہے کہ کیا میں سری نماز میں دل میں سورة فاتحہ غور کرتا ہوں تو یہ درست ہے کہ نہیں؟
</h2>","<p>بسم الله الرحمن الرحيم</p><p> فتوی: 1363-868/L=10/1433

سری نماز میں دل میں سورہٴ فاتحہ غور کرنے میں مضائقہ نہیں ہے، بلکہ اس میں نماز میں ذہن کے دوسری طرف جانے سے بھی حفاظت ہے، جہری نماز ہو یا سری اس میں زبان سے قراء ت منع ہے۔
</p><br><span style=""font-size:1.2em"">
								<p><strong>واللہ تعالیٰ اعلم</strong></p>
								<br class=""clear"">
								<p><strong>دارالافتاء،</strong><br>دارالعلوم دیوبند</p>
							</span>",01-Sep-2020,40965,darulifta-deoband.com,عبادات,صلاة (نماز),"<div id=""recent_fatwas"" class=""container tab-pane active""><br>
					<ul class=""answer_detail"">
												<li>
																					<div class=""cate_sec"">
								<p class=""category_name"">
									<span>
										عبادات									</span> 
									&gt;&gt; 
									<span>
																		<a href=""https://darulifta-deoband.com/ur/category/n-a/MTk="">صلاة (نماز)</a>
									</span>
								</p>
								<p class=""quesid""><span class=""anser_id_urdu""> سوال نمبر: 40965</span><!--<span class=""country_urdu"">  : ملک</span> --></p>
							</div>
							<h2><u> عنوان:</u> سری نماز میں دل میں سورہٴ فاتحہ غور کرنے میں مضائقہ نہیں ہے</h2>
							<h2><u> سوال: </u> میں حنفی فقہ سے تعلّق رکھتا ہوں -بہت سی روایتوں اور اماموں جیسے حنبل،ما لک ، اور امام یوسف کے فتووں سے لگتا ہے کہ امام کے پیچھے ساری نماز میں سورہ فاتحہ پڑھنا چاہیے، جیسا کہ ابو ہریرہ کی روایت میں ہے کہ ابو ہریرہ رضی اللہ عہنہ نے لوگو ں سے کہا کہ امام کے پیچھے قراَت مت کیا کرو تو لوگو ں نے کہا کہ سری نماز میں ؟تو انہوں نے جواب دیا کہ ساری نماز میں دل میں پڑھا(غور کیا ) کرو، اور میں بھی سری نماز میں سورة فاتحہ دل میں پڑھتا ہوں۔ 
میرا سوال یہ ہے کہ کیا میں سری نماز میں دل میں سورة فاتحہ غور کرتا ہوں تو یہ درست ہے کہ نہیں؟
</h2>
							<p class=""fatwa_answer""><span class=""ans_urdu_id""> جواب نمبر: 40965</span><span style=""color:#efefef;display:none;"" class=""answer_date_urdu"">01-Sep-2020 : تاریخ اشاعت </span></p>
							<p>بسم الله الرحمن الرحيم</p>
							<p> فتوی: 1363-868/L=10/1433

سری نماز میں دل میں سورہٴ فاتحہ غور کرنے میں مضائقہ نہیں ہے، بلکہ اس میں نماز میں ذہن کے دوسری طرف جانے سے بھی حفاظت ہے، جہری نماز ہو یا سری اس میں زبان سے قراء ت منع ہے۔
</p> 
							<br>
							<span style=""font-size:1.2em"">
								<p><strong>واللہ تعالیٰ اعلم</strong></p>
								<br class=""clear"">
								<p><strong>دارالافتاء،</strong><br>دارالعلوم دیوبند</p>
							</span>
						</li>
											</ul>
				</div>"
https://darulifta-deoband.com/home/ur/salah-prayer/40959,قضائے عمری ادا کرنے کا طریقہ,<h2><u> سوال: </u> مجھے قضائے عمری ادا کرنے کا طریقہ تفصیل کے ساتھ سمجھا ئیں۔ </h2>,"<p>بسم الله الرحمن الرحيم</p><p> فتوی: 1262-835/H=9/1433

پہلے تو بہت اچھی طرح غور کرلیں کہ میرے ذمہ کس قدر نمازیں قضاء ہیں او رایک کاپی پر ان کو الگ الگ لکھ لیں اور عشاء کے ساتھ وتر کو بھی شامل کرلیں، مجموعی اعتبار سے جس قدر واجب الاداء نمازیں ہوں ان کو اداء کرنا شروع کریں، مثلاً اس طرح نیت کریں کہ میرے ذمہ قضاء نمازوں میں جو سب سے پہلی نماز فجر ہے اس کو اداء کرتا ہوں جب وہ اداء ہوگئی تو پھر اسی طرح نیت کریں چونکہ پہلے جو نماز فجر اداء کی تھی اب اس کے بعد والی پہلی ہوگئی اسی طرح ہرنماز کو اداء کرتے رہیں اور جتنی جتنی اداء کیا کریں ان کو کاپی پر بصراحت لکھ لیا کریں، چھوٹی ہوئی جب کل نمازوں کو پڑھ لیں گے تو ذمہ سے نمازیں ساقط ہوجائیں گی اور امید ہے کہ ان شاء اللہ آخرت میں بھی اللہ پاک کی طرف سے مواخذہ نہ ہوگا، نمازیں اداء کرنے کے ساتھ ساتھ توبہ استغفار کا بھی خاص اہتمام کرتے رہیں۔
</p><br><span style=""font-size:1.2em"">
								<p><strong>واللہ تعالیٰ اعلم</strong></p>
								<br class=""clear"">
								<p><strong>دارالافتاء،</strong><br>دارالعلوم دیوبند</p>
							</span>",31-Aug-2020,40959,darulifta-deoband.com,عبادات,صلاة (نماز),"<div id=""recent_fatwas"" class=""container tab-pane active""><br>
					<ul class=""answer_detail"">
												<li>
																					<div class=""cate_sec"">
								<p class=""category_name"">
									<span>
										عبادات									</span> 
									&gt;&gt; 
									<span>
																		<a href=""https://darulifta-deoband.com/ur/category/n-a/MTk="">صلاة (نماز)</a>
									</span>
								</p>
								<p class=""quesid""><span class=""anser_id_urdu""> سوال نمبر: 40959</span><!--<span class=""country_urdu"">  : ملک</span> --></p>
							</div>
							<h2><u> عنوان:</u> قضائے عمری ادا کرنے کا طریقہ</h2>
							<h2><u> سوال: </u> مجھے قضائے عمری ادا کرنے کا طریقہ تفصیل کے ساتھ سمجھا ئیں۔ </h2>
							<p class=""fatwa_answer""><span class=""ans_urdu_id""> جواب نمبر: 40959</span><span style=""color:#efefef;display:none;"" class=""answer_date_urdu"">31-Aug-2020 : تاریخ اشاعت </span></p>
							<p>بسم الله الرحمن الرحيم</p>
							<p> فتوی: 1262-835/H=9/1433

پہلے تو بہت اچھی طرح غور کرلیں کہ میرے ذمہ کس قدر نمازیں قضاء ہیں او رایک کاپی پر ان کو الگ الگ لکھ لیں اور عشاء کے ساتھ وتر کو بھی شامل کرلیں، مجموعی اعتبار سے جس قدر واجب الاداء نمازیں ہوں ان کو اداء کرنا شروع کریں، مثلاً اس طرح نیت کریں کہ میرے ذمہ قضاء نمازوں میں جو سب سے پہلی نماز فجر ہے اس کو اداء کرتا ہوں جب وہ اداء ہوگئی تو پھر اسی طرح نیت کریں چونکہ پہلے جو نماز فجر اداء کی تھی اب اس کے بعد والی پہلی ہوگئی اسی طرح ہرنماز کو اداء کرتے رہیں اور جتنی جتنی اداء کیا کریں ان کو کاپی پر بصراحت لکھ لیا کریں، چھوٹی ہوئی جب کل نمازوں کو پڑھ لیں گے تو ذمہ سے نمازیں ساقط ہوجائیں گی اور امید ہے کہ ان شاء اللہ آخرت میں بھی اللہ پاک کی طرف سے مواخذہ نہ ہوگا، نمازیں اداء کرنے کے ساتھ ساتھ توبہ استغفار کا بھی خاص اہتمام کرتے رہیں۔
</p> 
							<br>
							<span style=""font-size:1.2em"">
								<p><strong>واللہ تعالیٰ اعلم</strong></p>
								<br class=""clear"">
								<p><strong>دارالافتاء،</strong><br>دارالعلوم دیوبند</p>
							</span>
						</li>
											</ul>
				</div>"
https://darulifta-deoband.com/home/ur/salah-prayer/40947,تصویر والی جگہ پر نماز پڑھنا,<h2><u> سوال: </u> ایک جگہ کہیں پڑھا تھا کہ جس کمرے میں تصویر لگی ہو یعنی سجائی گئی ہو وہاں نماز نہیں ہو گی جب تک کہ تصویر ہٹانہ دی جائے، سوال یہ ہے کہ اگر تصویر سجائی نہ گئی ہو، الماری میں یا البم میں لگی ہو تو پھر کیا حکم ہے؟ کیوں کہ آج کل تو کوئی بھی گھرانہ ایسا نہ ہو گا جہاں کسی نہ کسی صورت میں تصویر نہ ہو؟اور اگر کمرے میں بچے کے کھلونے پڑے ہوں جیسے بھالو، یا چابی سے چلنے والا گھوڑا، طوطا یا کوئی بھی اور جاندار کی شکل میں، تو اسکا کیا حکم ہے؟ ان کے کمرے میں ہوتے ہوئے نماز ہو جائے گی؟ برائے مہربانی اس صورت حال کے مطابق تسلی بخش اور وضاحت کے ساتھ مسئلہ بتا دیں۔ اب گھروں میں تو بچوں کے اتنے کھولنے ہیں کسی نہ کسی شکل میں، یاد بھی نہیں ہوتا کہاں کہاں پڑے ہیں۔</h2>,"<p>بسم الله الرحمن الرحيم</p><p> فتوی: 1416-1049/D=10/1433

جو تصویریں بالکل پامال طور پر ہیں، جیسے اخبارات اور استعمالی اشیاء کے ڈبے وغیرہ پر بنی تصویریں کہ ان تصویروں کی طرف ذہن منتقل نہیں ہوتا اور نہ ہی تصویریں مقصود ہوتی ہیں تو چونکہ ان سے بچنا بہت دشوار ہے، اس لیے نماز میں کراہت نہ ہوگی، البتہ جو تصویریں سجاوٹ یا کھیل کے طور پر لائی گئی ہیں، ان کے رہتے ہوئے نماز مکروہ تحریمی ہے، اگر قبلہ کی جانب یا دائیں بائیں یا اوپر ہیں تو کراہت زیادہ ہے اور اگر زمین پر یا پشت کی جانب پڑی ہیں تو کراہت کم ہے، اور اگر پیروں کے نیچے پڑی ہے تو کراہت نہیں ہے۔
کھیل کھلونے کے جو سامان ایسے ہیں، جن میں جاندار کی تصویر بنی ہوجیسے گھوڑا طوطا وغیرہ، ان کا رکھنا حرام ہے، ایسے گھر میں رحمت کے فرشتے داخل نہیں ہوتے جن میں تصویر ہوتی ہیں، ان تصویروں سے مراد جیسا کہ اوپر لکھا گیا وہ تصویریں جو سجاوٹ یا کھیل کے طور پر لائی گئی ہوں یا احترام کے طور پر رکھی گئی ہوں پس ایسے کھلونے گھر میں لانے سے احتراز کرنا چاہیے۔ 
</p><br><span style=""font-size:1.2em"">
								<p><strong>واللہ تعالیٰ اعلم</strong></p>
								<br class=""clear"">
								<p><strong>دارالافتاء،</strong><br>دارالعلوم دیوبند</p>
							</span>",01-Sep-2020,40947,darulifta-deoband.com,عبادات,صلاة (نماز),"<div id=""recent_fatwas"" class=""container tab-pane active""><br>
					<ul class=""answer_detail"">
												<li>
																					<div class=""cate_sec"">
								<p class=""category_name"">
									<span>
										عبادات									</span> 
									&gt;&gt; 
									<span>
																		<a href=""https://darulifta-deoband.com/ur/category/n-a/MTk="">صلاة (نماز)</a>
									</span>
								</p>
								<p class=""quesid""><span class=""anser_id_urdu""> سوال نمبر: 40947</span><!--<span class=""country_urdu"">  : ملک</span> --></p>
							</div>
							<h2><u> عنوان:</u> تصویر والی جگہ پر نماز پڑھنا</h2>
							<h2><u> سوال: </u> ایک جگہ کہیں پڑھا تھا کہ جس کمرے میں تصویر لگی ہو یعنی سجائی گئی ہو وہاں نماز نہیں ہو گی جب تک کہ تصویر ہٹانہ دی جائے، سوال یہ ہے کہ اگر تصویر سجائی نہ گئی ہو، الماری میں یا البم میں لگی ہو تو پھر کیا حکم ہے؟ کیوں کہ آج کل تو کوئی بھی گھرانہ ایسا نہ ہو گا جہاں کسی نہ کسی صورت میں تصویر نہ ہو؟اور اگر کمرے میں بچے کے کھلونے پڑے ہوں جیسے بھالو، یا چابی سے چلنے والا گھوڑا، طوطا یا کوئی بھی اور جاندار کی شکل میں، تو اسکا کیا حکم ہے؟ ان کے کمرے میں ہوتے ہوئے نماز ہو جائے گی؟ برائے مہربانی اس صورت حال کے مطابق تسلی بخش اور وضاحت کے ساتھ مسئلہ بتا دیں۔ اب گھروں میں تو بچوں کے اتنے کھولنے ہیں کسی نہ کسی شکل میں، یاد بھی نہیں ہوتا کہاں کہاں پڑے ہیں۔</h2>
							<p class=""fatwa_answer""><span class=""ans_urdu_id""> جواب نمبر: 40947</span><span style=""color:#efefef;display:none;"" class=""answer_date_urdu"">01-Sep-2020 : تاریخ اشاعت </span></p>
							<p>بسم الله الرحمن الرحيم</p>
							<p> فتوی: 1416-1049/D=10/1433

جو تصویریں بالکل پامال طور پر ہیں، جیسے اخبارات اور استعمالی اشیاء کے ڈبے وغیرہ پر بنی تصویریں کہ ان تصویروں کی طرف ذہن منتقل نہیں ہوتا اور نہ ہی تصویریں مقصود ہوتی ہیں تو چونکہ ان سے بچنا بہت دشوار ہے، اس لیے نماز میں کراہت نہ ہوگی، البتہ جو تصویریں سجاوٹ یا کھیل کے طور پر لائی گئی ہیں، ان کے رہتے ہوئے نماز مکروہ تحریمی ہے، اگر قبلہ کی جانب یا دائیں بائیں یا اوپر ہیں تو کراہت زیادہ ہے اور اگر زمین پر یا پشت کی جانب پڑی ہیں تو کراہت کم ہے، اور اگر پیروں کے نیچے پڑی ہے تو کراہت نہیں ہے۔
کھیل کھلونے کے جو سامان ایسے ہیں، جن میں جاندار کی تصویر بنی ہوجیسے گھوڑا طوطا وغیرہ، ان کا رکھنا حرام ہے، ایسے گھر میں رحمت کے فرشتے داخل نہیں ہوتے جن میں تصویر ہوتی ہیں، ان تصویروں سے مراد جیسا کہ اوپر لکھا گیا وہ تصویریں جو سجاوٹ یا کھیل کے طور پر لائی گئی ہوں یا احترام کے طور پر رکھی گئی ہوں پس ایسے کھلونے گھر میں لانے سے احتراز کرنا چاہیے۔ 
</p> 
							<br>
							<span style=""font-size:1.2em"">
								<p><strong>واللہ تعالیٰ اعلم</strong></p>
								<br class=""clear"">
								<p><strong>دارالافتاء،</strong><br>دارالعلوم دیوبند</p>
							</span>
						</li>
											</ul>
				</div>"
https://darulifta-deoband.com/home/ur/salah-prayer/40939,امام کی داڑھی,<h2><u> سوال: </u> داڑھی کا ٹنے والے امام کی پیچھے نماز اہو جاتی ہے جب کہ اس کی داڑھی ایک با لشت سے بھی کم ہے؟</h2>,"<p>بسم الله الرحمن الرحيم</p><p> فتوی: 1418-1042/D=10/1433

مکروہ تحریمی ہے،ایسے شخص کو امام نہ بنایا جائے۔
</p><br><span style=""font-size:1.2em"">
								<p><strong>واللہ تعالیٰ اعلم</strong></p>
								<br class=""clear"">
								<p><strong>دارالافتاء،</strong><br>دارالعلوم دیوبند</p>
							</span>",01-Sep-2020,40939,darulifta-deoband.com,عبادات,صلاة (نماز),"<div id=""recent_fatwas"" class=""container tab-pane active""><br>
					<ul class=""answer_detail"">
												<li>
																					<div class=""cate_sec"">
								<p class=""category_name"">
									<span>
										عبادات									</span> 
									&gt;&gt; 
									<span>
																		<a href=""https://darulifta-deoband.com/ur/category/n-a/MTk="">صلاة (نماز)</a>
									</span>
								</p>
								<p class=""quesid""><span class=""anser_id_urdu""> سوال نمبر: 40939</span><!--<span class=""country_urdu"">  : ملک</span> --></p>
							</div>
							<h2><u> عنوان:</u> امام کی داڑھی   </h2>
							<h2><u> سوال: </u> داڑھی کا ٹنے والے امام کی پیچھے نماز اہو جاتی ہے جب کہ اس کی داڑھی ایک با لشت سے بھی کم ہے؟</h2>
							<p class=""fatwa_answer""><span class=""ans_urdu_id""> جواب نمبر: 40939</span><span style=""color:#efefef;display:none;"" class=""answer_date_urdu"">01-Sep-2020 : تاریخ اشاعت </span></p>
							<p>بسم الله الرحمن الرحيم</p>
							<p> فتوی: 1418-1042/D=10/1433

مکروہ تحریمی ہے،ایسے شخص کو امام نہ بنایا جائے۔
</p> 
							<br>
							<span style=""font-size:1.2em"">
								<p><strong>واللہ تعالیٰ اعلم</strong></p>
								<br class=""clear"">
								<p><strong>دارالافتاء،</strong><br>دارالعلوم دیوبند</p>
							</span>
						</li>
											</ul>
				</div>"
