issued_at,link,title,question,answer,fatwa_number,dar_ul_ifta,category_level_1,category_level_2
01-Sep-2020,https://darulifta-deoband.com/home/ur/hadith-sunnah/19425,میں ابدال کے بارے میں مزید جاننا چاہتاہوں۔ اگر آپ مجھ کو ان کے بارے میں کچھ حدیث بتادیں تو میں آپ کا بہت شکر گزار ہوں گا۔ کیا ہندوستان کے کوئی سینئر عالم ابدال ہوئے ہیں؟,میں ابدال کے بارے میں مزید جاننا چاہتاہوں۔ اگر آپ مجھ کو ان کے بارے میں کچھ حدیث بتادیں تو میں آپ کا بہت شکر گزار ہوں گا۔ کیا ہندوستان کے کوئی سینئر عالم ابدال ہوئے ہیں؟,"<p>بسم الله الرحمن الرحيم</p><p> <meta http-equiv=""Content-Type"" content=""text/html; charset=utf-8""><meta name=""ProgId"" content=""Word.Document""><meta name=""Generator"" content=""Microsoft Word 11""><meta name=""Originator"" content=""Microsoft Word 11""><link rel=""File-List"" href=""file:///G:\DOCUME~1\ADMINI~1\LOCALS~1\Temp\msohtml1\01\clip_filelist.xml""><!--[if gte mso 9]><xml>
 <w:WordDocument>
  <w:View>Normal</w:View>
  <w:Zoom>0</w:Zoom>
  <w:PunctuationKerning/>
  <w:ValidateAgainstSchemas/>
  <w:SaveIfXMLInvalid>false</w:SaveIfXMLInvalid>
  <w:IgnoreMixedContent>false</w:IgnoreMixedContent>
  <w:AlwaysShowPlaceholderText>false</w:AlwaysShowPlaceholderText>
  <w:Compatibility>
   <w:BreakWrappedTables/>
   <w:SnapToGridInCell/>
   <w:WrapTextWithPunct/>
   <w:UseAsianBreakRules/>
   <w:DontGrowAutofit/>
  </w:Compatibility>
  <w:BrowserLevel>MicrosoftInternetExplorer4</w:BrowserLevel>
 </w:WordDocument>
</xml><![endif]--><!--[if gte mso 9]><xml>
 <w:LatentStyles DefLockedState=""false"" LatentStyleCount=""156"">
 </w:LatentStyles>
</xml><![endif]--><style>
<!--
 /* Font Definitions */
 @font-face
	{font-family:Tahoma;
	panose-1:2 11 6 4 3 5 4 4 2 4;
	mso-font-charset:0;
	mso-generic-font-family:swiss;
	mso-font-pitch:variable;
	mso-font-signature:1627421319 -2147483648 8 0 66047 0;}
@font-face
	{font-family:""Jameel Noori Nastaleeq"";
	panose-1:2 0 5 3 0 0 0 0 0 4;
	mso-font-charset:0;
	mso-generic-font-family:auto;
	mso-font-pitch:variable;
	mso-font-signature:-2147475449 0 0 0 65 0;}
 /* Style Definitions */
 p.MsoNormal, li.MsoNormal, div.MsoNormal
	{mso-style-parent:"""";
	margin:0cm;
	margin-bottom:.0001pt;
	text-align:right;
	mso-pagination:widow-orphan;
	direction:rtl;
	unicode-bidi:embed;
	font-size:12.0pt;
	font-family:""Times New Roman"";
	mso-fareast-font-family:""Times New Roman"";}
@page Section1
	{size:612.0pt 792.0pt;
	margin:72.0pt 90.0pt 72.0pt 90.0pt;
	mso-header-margin:36.0pt;
	mso-footer-margin:36.0pt;
	mso-paper-source:0;}
div.Section1
	{page:Section1;}
-->
</style><!--[if gte mso 10]>
<style>
 /* Style Definitions */
 table.MsoNormalTable
	{mso-style-name:""Table Normal"";
	mso-tstyle-rowband-size:0;
	mso-tstyle-colband-size:0;
	mso-style-noshow:yes;
	mso-style-parent:"""";
	mso-padding-alt:0cm 5.4pt 0cm 5.4pt;
	mso-para-margin:0cm;
	mso-para-margin-bottom:.0001pt;
	mso-pagination:widow-orphan;
	font-size:10.0pt;
	font-family:""Times New Roman"";
	mso-ansi-language:#0400;
	mso-fareast-language:#0400;
	mso-bidi-language:#0400;}
</style>
<![endif]-->

</p><p class=""MsoNormal"" dir=""RTL"" style=""text-align: justify;""><span style=""font-family: &quot;Jameel Noori Nastaleeq&quot;;"" lang=""AR-SA"">فتوی(ل):
195=49</span><span dir=""LTR"" style=""font-family: &quot;Jameel Noori Nastaleeq&quot;;"">tl-2/1431</span><span style=""font-family: &quot;Jameel Noori Nastaleeq&quot;;"" lang=""AR-SA""></span></p><p class=""MsoNormal"" dir=""RTL"" style=""text-align: justify;""><span style=""font-family: &quot;Jameel Noori Nastaleeq&quot;;"" lang=""AR-SA""><o:p>&nbsp;</o:p></span></p><p class=""MsoNormal"" dir=""RTL"" style=""text-align: justify;""><span style=""font-family: &quot;Jameel Noori Nastaleeq&quot;;"" lang=""AR-SA""><span style="""">&nbsp;</span></span><span style=""font-size: 10pt; font-family: Tahoma;"" lang=""AR-SA"">عن شریح بن عبید قال ذکر أہل الشام عند علي رضي اللہ عنہ وقیل
ألعنہم یا أمیر الموٴمنین قال: لا إني سمعت رسول اللہ صلی اللہ علیہ وسلم یقول:
الأبدال یکونون بالشام وھم أربعون رجلاً کلما مات رجل أبدل اللہ مکانہ رجلاً یسقی
بہم الغیث وینتصر بہم الأعداء ویصرف عن أھل الشام بہم العذاب?</span><span style=""font-size: 10pt; font-family: &quot;Jameel Noori Nastaleeq&quot;;"" lang=""AR-SA""> </span><span style=""font-family: &quot;Jameel Noori Nastaleeq&quot;;"" lang=""AR-SA"">ترجمہ: حضرت شیح بن عبید
تابعی روایت کرتے ہیں کہ ایک موقعہ پر سیدنا علی رضی اللہ عنہ کے سامنے اہل شام کا
ذکر کیا گیا اور ان سے کہا گیا کہ اے امیرالموٴمنین! شام والوں پر لعنت کیجیے،
حضرت علی رضی اللہ عنہ نے کہا نہیں، میں نے رسول اللہ صلی اللہ علیہ وسلم کو
فرماتے ہوئے سنا ہے کہ ابدال شام میں ہوتے ہیں اور وہ چالیس مرد ہیں جب ان میں سے
کوئی شخص مرجاتا ہے تو اللہ تعالیٰ اس کی جگہ دوسرے شخص کو مقرر کردیتا ہے ان
(ابدال) کے وجود وبرکت سے بارش ہوتی ہے، ان کی مدد سے دشمنان دین سے بدلہ لیا جاتا
ہے اورانھیں کی برکت سے اہل شام سے سخت عذاب کو دفع کیا جاتا ہے ۔ (مشکاة) ایک
دوسری حدیث میں حضرت ابن عمر رضی اللہ عنہ بیان کرتے ہیں کہ رسول اللہ صلی اللہ
علیہ وسلم نے فرمایا کہ خیار امت (امت کے نیک ترین لوگ جو اس امت میں ہمیشہ موجود
رہتے ہیں) کی تعداد </span><span style=""font-family: &quot;Jameel Noori Nastaleeq&quot;;"" lang=""FA"">۵۰۰</span><span style=""font-family: &quot;Jameel Noori Nastaleeq&quot;;"" lang=""AR-SA"">
ہے اور ابدال چالیس کی تعداد میں رہتے ہیں نہ پانچ سو کی تعداد کم ہوتی ہے اور نہ
چالیس کی جب کوئی ابدال مرجاتا ہے تو اس کی جگہ اللہ تعالیٰ پانچ سو خیارِ امت میں
سے کسی ایک کو مقرر کردیتا ہے یہ سن کر صحابہ نے عرض کیا کہ یا رسول اللہ ان کے
اعمال کے بارے میں بتادیجیے، آنحضرت صلی اللہ علیہ وسلم نے فرمایا اس شخص کو معاف
کردیتے ہیں جو ان پر ظلم کرتا ہے، اس شخص کے ساتھ بھی نیک سلوک کرتے ہیں جو ان کے
ساتھ برا سلوک کرتا ہے اور اللہ تعالیٰ ان کو جو کچھ بھی دیتا ہے اس کے ذریعہ وہ
فقراء مساکین کی خبرگیری کرتے ہیں۔ اور اس کی تصدیق قرآن کی اس آیت سے کی جاسکتی
ہے ?</span><span style=""font-size: 10pt; font-family: Tahoma;"" lang=""AR-SA"">وَالْکَاظِمِیْنَ
الْغَیْضَ وَ الْعَافِیْنَ عَنِ النَّاسِ وَاللّٰہُ یُحِبُّ الْمُحْسِنِیْنَ?</span><span style=""font-size: 10pt; font-family: &quot;Jameel Noori Nastaleeq&quot;;"" lang=""AR-SA""> </span><span style=""font-family: &quot;Jameel Noori Nastaleeq&quot;;"" lang=""AR-SA"">ابدال کے بارے میں
جانکاری کے لیے مشکاة، باب ذکر الیمن والشام/ مظاہر حق، مرقات، رسائل ابن عابدین،
دلائل السلوک وغیرہ کا مطالعہ کریں۔ ابدال کے احوال مخفی رہتے ہیں ان کا علم نہیں
ہوتا، اس لیے قطعی طور پر کسی کے بارے میں ابدال کہنا مشکل ہے۔ </span></p><p></p><br><span style=""font-size:1.2em"">
								<p><strong>واللہ تعالیٰ اعلم</strong></p>
								<br class=""clear"">
								<p><strong>دارالافتاء،</strong><br>دارالعلوم دیوبند</p>
							</span>",19425,deoband,عقائد و  ایمانیات,حدیث و سنت
01-Sep-2020,https://darulifta-deoband.com/home/ur/hadith-sunnah/18979,میرا سوال ہے کہ کیا کوئی ایسی حدیث ہے جس میں کہا گیا ہو کہ سبز عمامے والے دجال کے ساتھ ہوں گے؟ حوالہ کے ساتھ بتائیں۔,میرا سوال ہے کہ کیا کوئی ایسی حدیث ہے جس میں کہا گیا ہو کہ سبز عمامے والے دجال کے ساتھ ہوں گے؟ حوالہ کے ساتھ بتائیں۔,"<p>بسم الله الرحمن الرحيم</p><p> </p><p class=""MsoNormal"" dir=""rtl""><span lang=""ER"" style=""FONT-FAMILY: 'Jameel Noori Nastaleeq'; mso-bidi-font-size: 12.0pt; mso-bidi-language: ER"">فتوی(ل): 236=188-3/1431</span></p><p class=""MsoNormal"" dir=""rtl""><span lang=""ER"" style=""FONT-FAMILY: 'Jameel Noori Nastaleeq'; mso-bidi-font-size: 12.0pt; mso-bidi-language: ER""><o:p>&nbsp;</o:p></span></p><p class=""MsoNormal"" dir=""rtl""><span lang=""ER"" style=""FONT-FAMILY: 'Jameel Noori Nastaleeq'; mso-bidi-font-size: 12.0pt; mso-bidi-language: ER"">مشکاة شریف میں ہے: ?عن أنس عن رسول اللہ صلی اللہ علیہ وسلم قال: یتبع الدجال من یہود أصفہان سبعون ألفًا علیہم الطیالسة? یعنی رسول اللہ صلی اللہ علیہ وسلم نے ارشاد فرمایا کہ اصفہان کے </span><span lang=""FA"" style=""FONT-FAMILY: 'Jameel Noori Nastaleeq'; mso-bidi-font-size: 12.0pt; mso-bidi-language: FA"">۷۰</span><span lang=""ER"" style=""FONT-FAMILY: 'Jameel Noori Nastaleeq'; mso-bidi-font-size: 12.0pt; mso-bidi-language: ER""> ہزار یہودی دجال کا ساتھ دیں گے، جن پر سبز رنگ کی چادر ہوگی۔ (مشکاة شریف: </span><span lang=""FA"" style=""FONT-FAMILY: 'Jameel Noori Nastaleeq'; mso-bidi-font-size: 12.0pt; mso-bidi-language: FA"">۲/۴۷۵) </span><span lang=""ER"" style=""FONT-FAMILY: 'Jameel Noori Nastaleeq'; mso-bidi-font-size: 12.0pt; mso-bidi-language: ER"">طیلس کی جمع طیالسہ ہے، جس کا معنی سبز رنگ کی چادر ہے۔ (مصباح اللغات)</span></p><p class=""MsoNormal"" dir=""rtl""><span lang=""ER"" style=""FONT-FAMILY: 'Jameel Noori Nastaleeq'; mso-bidi-font-size: 12.0pt; mso-bidi-language: ER""></span></p><p class=""MsoNormal"" dir=""rtl""><span lang=""ER"" style=""FONT-FAMILY: 'Jameel Noori Nastaleeq'; mso-bidi-font-size: 12.0pt; mso-bidi-language: ER"">نوٹ: حاصل یہ کہ ایسی کوئی حدیث نہیں جس میں یہ مذکور ہو کہ سبز عمامہ والے دجال کے ساتھی ہوں گے، </span></p><p class=""MsoNormal"" dir=""rtl""><span lang=""ER"" style=""FONT-FAMILY: 'Jameel Noori Nastaleeq'; mso-bidi-font-size: 12.0pt; mso-bidi-language: ER"">البتہ مذکورہ حدیث میں دجّال کے ساتھی یہودیوں کی پہچان بتلائی گئی ہے کہ ان پر سبز رنگ کی چادر ہوگی۔(د)</span></p><p></p><br><span style=""font-size:1.2em"">
								<p><strong>واللہ تعالیٰ اعلم</strong></p>
								<br class=""clear"">
								<p><strong>دارالافتاء،</strong><br>دارالعلوم دیوبند</p>
							</span>",18979,deoband,عقائد و  ایمانیات,حدیث و سنت
31-Aug-2020,https://darulifta-deoband.com/home/ur/hadith-sunnah/18381,میں نے کہیں پڑھا تھا کھ، حدیث کے مطابق حکمرانوں کو برا بھلا کہنا جائز نہیں ہے، کیوں کہ حکمرانوں کے دل اللہ کے قبضہ میں ہوتے ہیں، جیسے لوگوں کے اعمال ہوتے ہیں اللہ تعالی ان کے مطابق حکمرانوں کے دل کردیتا ہے،یعنی اگر عوام کے اعمال اچھے ہوں گے تو حکمران ان کے لیۓ اچھے ثابت ہوں گے اور اگر ان کے اعمال اچھے نہیں ہوں گے تو حکمران عوام کے لۓ برے ثابت ہوں گے۔ براۓ مہربانی مجھے بتادیں کہ یہ حدیث ہے کہ نھیں اگر حدیث ہے تو اردو عربی ترجمے اور حوالھ کے ساتھہ بتا دیں، مجھے کسی نے کہا ھے کہ آپ غلط بات کر رہے ہو یہ حدیث نھیں ہے، اور میں بھول چکا ھوں کہ یہ میں نے کہاں پڑھا ھے۔ شکریہ,میں نے کہیں پڑھا تھا کھ، حدیث کے مطابق حکمرانوں کو برا بھلا کہنا جائز نہیں ہے، کیوں کہ حکمرانوں کے دل اللہ کے قبضہ میں ہوتے ہیں، جیسے لوگوں کے اعمال ہوتے ہیں اللہ تعالی ان کے مطابق حکمرانوں کے دل کردیتا ہے،یعنی اگر عوام کے اعمال اچھے ہوں گے تو حکمران ان کے لیۓ اچھے ثابت ہوں گے اور اگر ان کے اعمال اچھے نہیں ہوں گے تو حکمران عوام کے لۓ برے ثابت ہوں گے۔ براۓ مہربانی مجھے بتادیں کہ یہ حدیث ہے کہ نھیں اگر حدیث ہے تو اردو عربی ترجمے اور حوالھ کے ساتھہ بتا دیں، مجھے کسی نے کہا ھے کہ آپ غلط بات کر رہے ہو یہ حدیث نھیں ہے، اور میں بھول چکا ھوں کہ یہ میں نے کہاں پڑھا ھے۔ شکریہ,"<p>بسم الله الرحمن الرحيم</p><p> <meta http-equiv=""Content-Type"" content=""text/html; charset=utf-8""><meta name=""ProgId"" content=""Word.Document""><meta name=""Generator"" content=""Microsoft Word 11""><meta name=""Originator"" content=""Microsoft Word 11""><link rel=""File-List"" href=""file:///G:\DOCUME~1\ADMINI~1\LOCALS~1\Temp\msohtml1\05\clip_filelist.xml""><!--[if gte mso 9]><xml>
 <w:WordDocument>
  <w:View>Normal</w:View>
  <w:Zoom>0</w:Zoom>
  <w:PunctuationKerning/>
  <w:ValidateAgainstSchemas/>
  <w:SaveIfXMLInvalid>false</w:SaveIfXMLInvalid>
  <w:IgnoreMixedContent>false</w:IgnoreMixedContent>
  <w:AlwaysShowPlaceholderText>false</w:AlwaysShowPlaceholderText>
  <w:Compatibility>
   <w:BreakWrappedTables/>
   <w:SnapToGridInCell/>
   <w:WrapTextWithPunct/>
   <w:UseAsianBreakRules/>
   <w:DontGrowAutofit/>
  </w:Compatibility>
  <w:BrowserLevel>MicrosoftInternetExplorer4</w:BrowserLevel>
 </w:WordDocument>
</xml><![endif]--><!--[if gte mso 9]><xml>
 <w:LatentStyles DefLockedState=""false"" LatentStyleCount=""156"">
 </w:LatentStyles>
</xml><![endif]--><style>
<!--
 /* Font Definitions */
 @font-face
	{font-family:Tahoma;
	panose-1:2 11 6 4 3 5 4 4 2 4;
	mso-font-charset:0;
	mso-generic-font-family:swiss;
	mso-font-pitch:variable;
	mso-font-signature:1627421319 -2147483648 8 0 66047 0;}
@font-face
	{font-family:""Jameel Noori Nastaleeq"";
	panose-1:2 0 5 3 0 0 0 0 0 4;
	mso-font-alt:""Times New Roman"";
	mso-font-charset:0;
	mso-generic-font-family:auto;
	mso-font-pitch:variable;
	mso-font-signature:-2147475449 0 0 0 65 0;}
 /* Style Definitions */
 p.MsoNormal, li.MsoNormal, div.MsoNormal
	{mso-style-parent:"""";
	margin:0cm;
	margin-bottom:.0001pt;
	text-align:right;
	mso-pagination:widow-orphan;
	direction:rtl;
	unicode-bidi:embed;
	font-size:12.0pt;
	font-family:""Times New Roman"";
	mso-fareast-font-family:""Times New Roman"";}
@page Section1
	{size:612.0pt 792.0pt;
	margin:72.0pt 90.0pt 72.0pt 90.0pt;
	mso-header-margin:36.0pt;
	mso-footer-margin:36.0pt;
	mso-paper-source:0;}
div.Section1
	{page:Section1;}
-->
</style><!--[if gte mso 10]>
<style>
 /* Style Definitions */
 table.MsoNormalTable
	{mso-style-name:""Table Normal"";
	mso-tstyle-rowband-size:0;
	mso-tstyle-colband-size:0;
	mso-style-noshow:yes;
	mso-style-parent:"""";
	mso-padding-alt:0cm 5.4pt 0cm 5.4pt;
	mso-para-margin:0cm;
	mso-para-margin-bottom:.0001pt;
	mso-pagination:widow-orphan;
	font-size:10.0pt;
	font-family:""Times New Roman"";
	mso-ansi-language:#0400;
	mso-fareast-language:#0400;
	mso-bidi-language:#0400;}
</style>
<![endif]-->

</p><p class=""MsoNormal"" dir=""rtl"" style=""text-align: justify;""><span style=""font-family: &quot;Jameel Noori Nastaleeq&quot;;"" lang=""AR-SA"">فتوی(ھ):
2564=2061-1/1431</span></p><p class=""MsoNormal"" dir=""rtl"" style=""text-align: justify;""><span style=""font-family: &quot;Jameel Noori Nastaleeq&quot;;"" lang=""AR-SA""><o:p>&nbsp;</o:p></span></p><p class=""MsoNormal"" dir=""rtl"" style=""text-align: justify;""><span style=""font-family: &quot;Jameel Noori Nastaleeq&quot;;"" lang=""AR-SA"">(</span><span style=""font-family: &quot;Jameel Noori Nastaleeq&quot;;"" lang=""FA"">۱) </span><span style=""font-size: 10pt; font-family: Tahoma;"" lang=""AR-SA"">عن أبي الدرداء رضي اللہ
تعالی عنہ قال قال رسول اللہ صلی اللہ علیہ وسلم إن اللہ تعالیٰ یقول : أنا اللہ
لا إلٰہ إلا أنا مالک الملک وملک الملوک قلوب الملوک بیدي وإن العباد إذا أطاعوني
حولت قلوب ملوکہم علیہم بالرحمة والرأفة وإن العباد إذا عصوني حولت قلوبہم بالسخطة
والنقمة فساموہم سوء العذاب فلا تشغلوا أنفسکم بالدعاء علی الملوک ولکن اشغلوا
أنفسکم بالذکر والتضرع کي أکفیکم ملوککم (مشکاة شریف: </span><span style=""font-size: 10pt; font-family: Tahoma;"" lang=""FA"">۳۲۳)</span><span style=""font-size: 10pt; font-family: Tahoma;"" lang=""AR-SA""></span></p><p class=""MsoNormal"" dir=""rtl"" style=""text-align: justify;""><span style=""font-family: &quot;Jameel Noori Nastaleeq&quot;;"" lang=""AR-SA"">یہ
حدیث قدسی ہے جس کا ترجمہ ہے کہ اللہ پاک ارشاد فرماتا ہے کہ : میں اللہ ہوں میرے
علاوہ کوئی معبود نہیں ہے، میں بادشاہ ہوں کا مالک ہوں بلکہ بادشاہوں کا بادشاہ
ہوں، بادشاہوں کے دل میرے قبضہ میں ہیں جب بندے میری فرماں برداری کرتے ہیں تو میں
ان کے بادشاہوں کے دلوں کوان کی طرف رحمت وشفقت کرنے کے لیے پھیر دیتا ہوں اور میرے
بندے جب میری نافرمانی پر اترجاتے ہیں تو میں ان کی طرف بادشاہوں کے دلوں کو غصہ
اور انتقام کے لیے متوجہ کردیتا ہوں، پس وہ ان کو سخت عذاب اور تکالیف میں مبتلا
کردیتے ہیں اس لیے خود کو بادشاہوں پر بددعا میں مشغول نہ کرو بلکہ خود کو ذکر،
عجز تضرع میں مشغول رکھو تاکہ میں تمھارے بادشاہوں کے مظالم سے تم کو محفوظ رکھوں۔
(ترجمہ ختم ہوا) </span></p><p class=""MsoNormal"" dir=""rtl"" style=""text-align: justify;""><span style=""font-family: &quot;Jameel Noori Nastaleeq&quot;;"" lang=""AR-SA"">اور
بھی کئی احادیثِ مبارکہ میں یہ مضمون وارد ہوا ہے، [الاعتدال فی مراتب الرجال
المعروف بہ اسلامی سیاست] میں قرآنِ کریم حدیث شریف سے اس مضمون کو بہت عمدہ انداز
سے ذکر کریا گیا ہے، اس کا مطالعہ کرنا اور بار بار دیکھتے رہنا فوائدِ کثیرہ کو
متضمن ہے یہ کتاب (الاعتدال․․) اردو میں ہے اور آپ کے یہاں کتب خانوں عامةً دستیاب
ہے۔</span></p><p></p><br><span style=""font-size:1.2em"">
								<p><strong>واللہ تعالیٰ اعلم</strong></p>
								<br class=""clear"">
								<p><strong>دارالافتاء،</strong><br>دارالعلوم دیوبند</p>
							</span>",18381,deoband,عقائد و  ایمانیات,حدیث و سنت
01-Sep-2020,https://darulifta-deoband.com/home/ur/hadith-sunnah/17290,عرض ہے کہ حضرت شیخ الحدیث مولانا زکریا رحمة اللہ علیہ نے اوجز المسالک شرح موٴطا مالک میں ابن منذر کے حوالہ سے ابن زبیر حسن بصری اور ابراہیم نخعی کا نماز میں ارسال کی روایت بیان کی ہے اس کی رجال سند بیان فرمائیں ۔,عرض ہے کہ حضرت شیخ الحدیث مولانا زکریا رحمة اللہ علیہ نے اوجز المسالک شرح موٴطا مالک میں ابن منذر کے حوالہ سے ابن زبیر حسن بصری اور ابراہیم نخعی کا نماز میں ارسال کی روایت بیان کی ہے اس کی رجال سند بیان فرمائیں ۔,"<p>بسم الله الرحمن الرحيم</p><p> <meta http-equiv=""Content-Type"" content=""text/html; charset=utf-8""><meta name=""ProgId"" content=""Word.Document""><meta name=""Generator"" content=""Microsoft Word 11""><meta name=""Originator"" content=""Microsoft Word 11""><link rel=""File-List"" href=""file:///G:\DOCUME~1\ADMINI~1\LOCALS~1\Temp\msohtml1\05\clip_filelist.xml""><!--[if gte mso 9]><xml>
 <w:WordDocument>
  <w:View>Normal</w:View>
  <w:Zoom>0</w:Zoom>
  <w:PunctuationKerning/>
  <w:ValidateAgainstSchemas/>
  <w:SaveIfXMLInvalid>false</w:SaveIfXMLInvalid>
  <w:IgnoreMixedContent>false</w:IgnoreMixedContent>
  <w:AlwaysShowPlaceholderText>false</w:AlwaysShowPlaceholderText>
  <w:Compatibility>
   <w:BreakWrappedTables/>
   <w:SnapToGridInCell/>
   <w:WrapTextWithPunct/>
   <w:UseAsianBreakRules/>
   <w:DontGrowAutofit/>
  </w:Compatibility>
  <w:BrowserLevel>MicrosoftInternetExplorer4</w:BrowserLevel>
 </w:WordDocument>
</xml><![endif]--><!--[if gte mso 9]><xml>
 <w:LatentStyles DefLockedState=""false"" LatentStyleCount=""156"">
 </w:LatentStyles>
</xml><![endif]--><style>
<!--
 /* Font Definitions */
 @font-face
	{font-family:Tahoma;
	panose-1:2 11 6 4 3 5 4 4 2 4;
	mso-font-charset:0;
	mso-generic-font-family:swiss;
	mso-font-pitch:variable;
	mso-font-signature:1627421319 -2147483648 8 0 66047 0;}
@font-face
	{font-family:""Jameel Noori Nastaleeq"";
	panose-1:2 0 5 3 0 0 0 0 0 4;
	mso-font-alt:""Times New Roman"";
	mso-font-charset:0;
	mso-generic-font-family:auto;
	mso-font-pitch:variable;
	mso-font-signature:-2147475449 0 0 0 65 0;}
 /* Style Definitions */
 p.MsoNormal, li.MsoNormal, div.MsoNormal
	{mso-style-parent:"""";
	margin:0cm;
	margin-bottom:.0001pt;
	text-align:right;
	mso-pagination:widow-orphan;
	direction:rtl;
	unicode-bidi:embed;
	font-size:12.0pt;
	font-family:""Times New Roman"";
	mso-fareast-font-family:""Times New Roman"";}
@page Section1
	{size:612.0pt 792.0pt;
	margin:72.0pt 90.0pt 72.0pt 90.0pt;
	mso-header-margin:36.0pt;
	mso-footer-margin:36.0pt;
	mso-paper-source:0;}
div.Section1
	{page:Section1;}
-->
</style><!--[if gte mso 10]>
<style>
 /* Style Definitions */
 table.MsoNormalTable
	{mso-style-name:""Table Normal"";
	mso-tstyle-rowband-size:0;
	mso-tstyle-colband-size:0;
	mso-style-noshow:yes;
	mso-style-parent:"""";
	mso-padding-alt:0cm 5.4pt 0cm 5.4pt;
	mso-para-margin:0cm;
	mso-para-margin-bottom:.0001pt;
	mso-pagination:widow-orphan;
	font-size:10.0pt;
	font-family:""Times New Roman"";
	mso-ansi-language:#0400;
	mso-fareast-language:#0400;
	mso-bidi-language:#0400;}
</style>
<![endif]-->

</p><p class=""MsoNormal"" dir=""rtl"" style=""text-align: justify;""><span style=""font-family: &quot;Jameel Noori Nastaleeq&quot;;"" lang=""AR-SA"">فتوی(ل):
2029=1606-1/1431</span></p><p class=""MsoNormal"" dir=""rtl"" style=""text-align: justify;""><span style=""font-family: &quot;Jameel Noori Nastaleeq&quot;;"" lang=""AR-SA""><o:p>&nbsp;</o:p></span></p><p class=""MsoNormal"" dir=""rtl"" style=""text-align: justify;""><span style=""font-size: 10pt; font-family: Tahoma;"" lang=""AR-SA"">حدثنا
ہیشم عن یونس عن الحسن ومغیرة عن إبراہیم أنہما یرسلان أیدیہما في الصلاة (مصنف
ابن أبی شیبہ: </span><span style=""font-size: 10pt; font-family: Tahoma;"" lang=""FA"">۳/۳۲۵</span><span style=""font-size: 10pt; font-family: Tahoma;"" lang=""AR-SA""> برقم </span><span style=""font-size: 10pt; font-family: Tahoma;"" lang=""FA"">۳۹۷۰</span><span style=""font-size: 10pt; font-family: Tahoma;"" lang=""AR-SA""> وحدثناعفان قال حدثنا یزید بن إبراہیم
قال سمعت عمرو بن دینار قال: کان ابن الزبیر إذا صلی یرسل یدیہ (مصنف ابن أبي شیبة:
</span><span style=""font-size: 10pt; font-family: Tahoma;"" lang=""FA"">۳/۳۲۵</span><span style=""font-size: 10pt; font-family: Tahoma;"" lang=""AR-SA"">
برقم: </span><span style=""font-size: 10pt; font-family: Tahoma;"" lang=""FA"">۳۹۷۱)</span><span style=""font-family: Tahoma;"" lang=""AR-SA""></span></p><p></p><br><span style=""font-size:1.2em"">
								<p><strong>واللہ تعالیٰ اعلم</strong></p>
								<br class=""clear"">
								<p><strong>دارالافتاء،</strong><br>دارالعلوم دیوبند</p>
							</span>",17290,deoband,عقائد و  ایمانیات,حدیث و سنت
01-Sep-2020,https://darulifta-deoband.com/home/ur/hadith-sunnah/17115,کیا اللہ تعالی کے ہنسنے یا مسکرانے کا قرآن کریم یا حدیث سے کوئی ثبوت ہے؟ اس بارے میں اہل سنت والجماعت کا کیا عقیدہ ہے؟ آپ کے جواب کا منتظر، برائے کرم اس بارے میں رہنمائی فرماویں۔,کیا اللہ تعالی کے ہنسنے یا مسکرانے کا قرآن کریم یا حدیث سے کوئی ثبوت ہے؟ اس بارے میں اہل سنت والجماعت کا کیا عقیدہ ہے؟ آپ کے جواب کا منتظر، برائے کرم اس بارے میں رہنمائی فرماویں۔,"<p>بسم الله الرحمن الرحيم</p><p> <meta http-equiv=""Content-Type"" content=""text/html; charset=utf-8""><meta name=""ProgId"" content=""Word.Document""><meta name=""Generator"" content=""Microsoft Word 11""><meta name=""Originator"" content=""Microsoft Word 11""><link rel=""File-List"" href=""file:///G:\DOCUME~1\ADMINI~1\LOCALS~1\Temp\msohtml1\01\clip_filelist.xml""><!--[if gte mso 9]><xml>
 <w:WordDocument>
  <w:View>Normal</w:View>
  <w:Zoom>0</w:Zoom>
  <w:PunctuationKerning/>
  <w:ValidateAgainstSchemas/>
  <w:SaveIfXMLInvalid>false</w:SaveIfXMLInvalid>
  <w:IgnoreMixedContent>false</w:IgnoreMixedContent>
  <w:AlwaysShowPlaceholderText>false</w:AlwaysShowPlaceholderText>
  <w:Compatibility>
   <w:BreakWrappedTables/>
   <w:SnapToGridInCell/>
   <w:WrapTextWithPunct/>
   <w:UseAsianBreakRules/>
   <w:DontGrowAutofit/>
  </w:Compatibility>
  <w:BrowserLevel>MicrosoftInternetExplorer4</w:BrowserLevel>
 </w:WordDocument>
</xml><![endif]--><!--[if gte mso 9]><xml>
 <w:LatentStyles DefLockedState=""false"" LatentStyleCount=""156"">
 </w:LatentStyles>
</xml><![endif]--><style>
<!--
 /* Font Definitions */
 @font-face
	{font-family:Tahoma;
	panose-1:2 11 6 4 3 5 4 4 2 4;
	mso-font-charset:0;
	mso-generic-font-family:swiss;
	mso-font-pitch:variable;
	mso-font-signature:1627421319 -2147483648 8 0 66047 0;}
@font-face
	{font-family:""Jameel Noori Nastaleeq"";
	panose-1:2 0 5 3 0 0 0 0 0 4;
	mso-font-charset:0;
	mso-generic-font-family:auto;
	mso-font-pitch:variable;
	mso-font-signature:-2147475449 0 0 0 65 0;}
 /* Style Definitions */
 p.MsoNormal, li.MsoNormal, div.MsoNormal
	{mso-style-parent:"""";
	margin:0in;
	margin-bottom:.0001pt;
	text-align:right;
	mso-pagination:widow-orphan;
	direction:rtl;
	unicode-bidi:embed;
	font-size:12.0pt;
	font-family:""Times New Roman"";
	mso-fareast-font-family:""Times New Roman"";}
@page Section1
	{size:8.5in 11.0in;
	margin:1.0in 1.25in 1.0in 1.25in;
	mso-header-margin:.5in;
	mso-footer-margin:.5in;
	mso-paper-source:0;}
div.Section1
	{page:Section1;}
-->
</style><!--[if gte mso 10]>
<style>
 /* Style Definitions */
 table.MsoNormalTable
	{mso-style-name:""Table Normal"";
	mso-tstyle-rowband-size:0;
	mso-tstyle-colband-size:0;
	mso-style-noshow:yes;
	mso-style-parent:"""";
	mso-padding-alt:0in 5.4pt 0in 5.4pt;
	mso-para-margin:0in;
	mso-para-margin-bottom:.0001pt;
	mso-pagination:widow-orphan;
	font-size:10.0pt;
	font-family:""Times New Roman"";
	mso-ansi-language:#0400;
	mso-fareast-language:#0400;
	mso-bidi-language:#0400;}
</style>
<![endif]-->

</p><p class=""MsoNormal"" dir=""rtl"" style=""text-align: justify;""><span style=""font-family: &quot;Jameel Noori Nastaleeq&quot;;"" lang=""AR-SA"">فتوی(ل):1767=1383-11/1430</span></p><p class=""MsoNormal"" dir=""rtl"" style=""text-align: justify;""><span style=""font-family: &quot;Jameel Noori Nastaleeq&quot;;"" lang=""AR-SA""><o:p>&nbsp;</o:p></span></p><p class=""MsoNormal"" dir=""rtl"" style=""text-align: justify;""><span style=""font-size: 10pt; font-family: Tahoma;"" lang=""AR-SA"">مسلم
شریف: </span><span style=""font-size: 10pt; font-family: Tahoma;"" lang=""FA"">۱/۱۰۵</span><span style=""font-size: 10pt; font-family: Tahoma;"" lang=""AR-SA""> باب إثبات الشفاعة وإخراج الموٴحدین من النار </span><span style=""font-family: &quot;Jameel Noori Nastaleeq&quot;;"" lang=""AR-SA"">پر ایک طویل حدیث میں
اللہ تعالیٰ کے ہنسنے کا ذکر موجود ہے</span><span style=""font-size: 10pt; font-family: Tahoma;"" lang=""AR-SA"">، فضحک ابن مسعود فقال: ألا تسألوني مم أضحک قالوا مم
تضحک فقال: ہکذا ضحک رسول اللہ صلی اللہ عیہ وسلم فقالوا مم تضحک یا رسول اللہ
فقال: من ضحک رب العالمین حین قال أتستہزئ مني وأنت رب العالمین فیقول: إني لا
أستہزئ ولکني علی ما أشاء قادر (مسلم شریف)</span><span style=""font-size: 10pt; font-family: &quot;Jameel Noori Nastaleeq&quot;;"" lang=""AR-SA""> </span><span style=""font-family: &quot;Jameel Noori Nastaleeq&quot;;"" lang=""AR-SA"">اہل سنت والجماعت کے
نزدیک ضحک سے مراد اللہ تعالیٰ کا راضی ہونا اورخیر اور رحمت کا ارادہ کرنا ہے،
حقیقی ضحک مراد نہیں ہے، </span><span style=""font-size: 10pt; font-family: Tahoma;"" lang=""AR-SA"">قد قدمنا معنی الضحک من اللہ تعالی وہو الرضی والرحمة وإرادة
الخیر لمن یشاء رحمتہ من عبادہ (حاشیہ مسلم) </span></p><p></p><br><span style=""font-size:1.2em"">
								<p><strong>واللہ تعالیٰ اعلم</strong></p>
								<br class=""clear"">
								<p><strong>دارالافتاء،</strong><br>دارالعلوم دیوبند</p>
							</span>",17115,deoband,عقائد و  ایمانیات,حدیث و سنت
01-Sep-2020,https://darulifta-deoband.com/home/ur/hadith-sunnah/15848,اللہ سبحانہ و تعالی کا ذکر کرنے کے لیے مسبحہ یا تسبیح کا استعمال کرنا جائز ہے ؟ برائے کرم مجھ کو اس کا حکم بتائیں اور اس کے ثبوت میں کوئی حدیث بھی بتائیں۔,اللہ سبحانہ و تعالی کا ذکر کرنے کے لیے مسبحہ یا تسبیح کا استعمال کرنا جائز ہے ؟ برائے کرم مجھ کو اس کا حکم بتائیں اور اس کے ثبوت میں کوئی حدیث بھی بتائیں۔,"<p>بسم الله الرحمن الرحيم</p><p> <meta http-equiv=""Content-Type"" content=""text/html; charset=utf-8""><meta name=""ProgId"" content=""Word.Document""><meta name=""Generator"" content=""Microsoft Word 11""><meta name=""Originator"" content=""Microsoft Word 11""><link rel=""File-List"" href=""file:///G:\DOCUME~1\ADMINI~1\LOCALS~1\Temp\msohtml1\05\clip_filelist.xml""><!--[if gte mso 9]><xml>
 <w:WordDocument>
  <w:View>Normal</w:View>
  <w:Zoom>0</w:Zoom>
  <w:PunctuationKerning/>
  <w:ValidateAgainstSchemas/>
  <w:SaveIfXMLInvalid>false</w:SaveIfXMLInvalid>
  <w:IgnoreMixedContent>false</w:IgnoreMixedContent>
  <w:AlwaysShowPlaceholderText>false</w:AlwaysShowPlaceholderText>
  <w:Compatibility>
   <w:BreakWrappedTables/>
   <w:SnapToGridInCell/>
   <w:WrapTextWithPunct/>
   <w:UseAsianBreakRules/>
   <w:DontGrowAutofit/>
  </w:Compatibility>
  <w:BrowserLevel>MicrosoftInternetExplorer4</w:BrowserLevel>
 </w:WordDocument>
</xml><![endif]--><!--[if gte mso 9]><xml>
 <w:LatentStyles DefLockedState=""false"" LatentStyleCount=""156"">
 </w:LatentStyles>
</xml><![endif]--><style>
<!--
 /* Font Definitions */
 @font-face
	{font-family:SimSun;
	panose-1:2 1 6 0 3 1 1 1 1 1;
	mso-font-alt:&#23435;&#20307;;
	mso-font-charset:134;
	mso-generic-font-family:auto;
	mso-font-pitch:variable;
	mso-font-signature:3 135135232 16 0 262145 0;}
@font-face
	{font-family:Tahoma;
	panose-1:2 11 6 4 3 5 4 4 2 4;
	mso-font-charset:0;
	mso-generic-font-family:swiss;
	mso-font-pitch:variable;
	mso-font-signature:1627421319 -2147483648 8 0 66047 0;}
@font-face
	{font-family:""Jameel Noori Nastaleeq"";
	panose-1:2 0 5 3 0 0 0 0 0 4;
	mso-font-charset:0;
	mso-generic-font-family:auto;
	mso-font-pitch:variable;
	mso-font-signature:-2147475449 0 0 0 65 0;}
@font-face
	{font-family:""\@SimSun"";
	panose-1:2 1 6 0 3 1 1 1 1 1;
	mso-font-charset:134;
	mso-generic-font-family:auto;
	mso-font-pitch:variable;
	mso-font-signature:3 135135232 16 0 262145 0;}
 /* Style Definitions */
 p.MsoNormal, li.MsoNormal, div.MsoNormal
	{mso-style-parent:"""";
	margin:0cm;
	margin-bottom:.0001pt;
	text-align:justify;
	text-justify:kashida;
	text-kashida:0%;
	mso-pagination:widow-orphan;
	direction:rtl;
	unicode-bidi:embed;
	font-size:12.0pt;
	mso-bidi-font-size:10.0pt;
	font-family:Tahoma;
	mso-fareast-font-family:SimSun;}
@page Section1
	{size:612.0pt 792.0pt;
	margin:72.0pt 90.0pt 72.0pt 90.0pt;
	mso-header-margin:36.0pt;
	mso-footer-margin:36.0pt;
	mso-paper-source:0;}
div.Section1
	{page:Section1;}
-->
</style><!--[if gte mso 10]>
<style>
 /* Style Definitions */
 table.MsoNormalTable
	{mso-style-name:""Table Normal"";
	mso-tstyle-rowband-size:0;
	mso-tstyle-colband-size:0;
	mso-style-noshow:yes;
	mso-style-parent:"""";
	mso-padding-alt:0cm 5.4pt 0cm 5.4pt;
	mso-para-margin:0cm;
	mso-para-margin-bottom:.0001pt;
	mso-pagination:widow-orphan;
	font-size:10.0pt;
	font-family:""Times New Roman"";
	mso-ansi-language:#0400;
	mso-fareast-language:#0400;
	mso-bidi-language:#0400;}
</style>
<![endif]-->

</p><p class=""MsoNormal"" dir=""rtl""><span style=""font-family: &quot;Jameel Noori Nastaleeq&quot;;"" lang=""AR-SA"">فتوی: 1522=1442/1430/ب</span></p><p class=""MsoNormal"" dir=""rtl""><span style=""font-family: &quot;Jameel Noori Nastaleeq&quot;;"" lang=""AR-SA""><o:p>&nbsp;</o:p></span></p><p class=""MsoNormal"" dir=""rtl""><span style=""font-family: &quot;Jameel Noori Nastaleeq&quot;;"" lang=""AR-SA"">جی ہاں جائز ہے، حدیث شریف میں ایک صحابیہ
کا کھجور کی گٹھلی پر پڑھنااور رسول اللہ صلی اللہ علیہ وسلم کا دیکھ کر منع نہ
کرنا یہ دلیل ہے کہ کسی دانے پر ہم تسبیح پڑھ سکتے ہیں۔</span></p><p></p><br><span style=""font-size:1.2em"">
								<p><strong>واللہ تعالیٰ اعلم</strong></p>
								<br class=""clear"">
								<p><strong>دارالافتاء،</strong><br>دارالعلوم دیوبند</p>
							</span>",15848,deoband,عقائد و  ایمانیات,حدیث و سنت
01-Sep-2020,https://darulifta-deoband.com/home/ur/hadith-sunnah/15746,میرا سوال یہ ہے کہ کیا بینک کی نوکری جائز ہے وہ کیشئر کی ہو یا چپراسی کی یا پھر مینیجرکی ، کسی بھی طرح کی نوکری جائز ہے یا نہیں؟,میرا سوال یہ ہے کہ کیا بینک کی نوکری جائز ہے وہ کیشئر کی ہو یا چپراسی کی یا پھر مینیجرکی ، کسی بھی طرح کی نوکری جائز ہے یا نہیں؟,"<p>بسم الله الرحمن الرحيم</p><p> <meta http-equiv=""Content-Type"" content=""text/html; charset=utf-8""><meta name=""ProgId"" content=""Word.Document""><meta name=""Generator"" content=""Microsoft Word 11""><meta name=""Originator"" content=""Microsoft Word 11""><link rel=""File-List"" href=""file:///G:\DOCUME~1\ADMINI~1\LOCALS~1\Temp\msohtml1\01\clip_filelist.xml""><!--[if gte mso 9]><xml>
 <w:WordDocument>
  <w:View>Normal</w:View>
  <w:Zoom>0</w:Zoom>
  <w:PunctuationKerning/>
  <w:ValidateAgainstSchemas/>
  <w:SaveIfXMLInvalid>false</w:SaveIfXMLInvalid>
  <w:IgnoreMixedContent>false</w:IgnoreMixedContent>
  <w:AlwaysShowPlaceholderText>false</w:AlwaysShowPlaceholderText>
  <w:Compatibility>
   <w:BreakWrappedTables/>
   <w:SnapToGridInCell/>
   <w:WrapTextWithPunct/>
   <w:UseAsianBreakRules/>
   <w:DontGrowAutofit/>
  </w:Compatibility>
  <w:BrowserLevel>MicrosoftInternetExplorer4</w:BrowserLevel>
 </w:WordDocument>
</xml><![endif]--><!--[if gte mso 9]><xml>
 <w:LatentStyles DefLockedState=""false"" LatentStyleCount=""156"">
 </w:LatentStyles>
</xml><![endif]--><style>
<!--
 /* Font Definitions */
 @font-face
	{font-family:SimSun;
	panose-1:2 1 6 0 3 1 1 1 1 1;
	mso-font-alt:&#23435;&#20307;;
	mso-font-charset:134;
	mso-generic-font-family:auto;
	mso-font-pitch:variable;
	mso-font-signature:3 135135232 16 0 262145 0;}
@font-face
	{font-family:Tahoma;
	panose-1:2 11 6 4 3 5 4 4 2 4;
	mso-font-charset:0;
	mso-generic-font-family:swiss;
	mso-font-pitch:variable;
	mso-font-signature:1627421319 -2147483648 8 0 66047 0;}
@font-face
	{font-family:""Jameel Noori Nastaleeq"";
	panose-1:2 0 5 3 0 0 0 0 0 4;
	mso-font-charset:0;
	mso-generic-font-family:auto;
	mso-font-pitch:variable;
	mso-font-signature:-2147475449 0 0 0 65 0;}
@font-face
	{font-family:""\@SimSun"";
	panose-1:2 1 6 0 3 1 1 1 1 1;
	mso-font-charset:134;
	mso-generic-font-family:auto;
	mso-font-pitch:variable;
	mso-font-signature:3 135135232 16 0 262145 0;}
 /* Style Definitions */
 p.MsoNormal, li.MsoNormal, div.MsoNormal
	{mso-style-parent:"""";
	margin:0cm;
	margin-bottom:.0001pt;
	text-align:justify;
	text-justify:kashida;
	text-kashida:0%;
	mso-pagination:widow-orphan;
	direction:rtl;
	unicode-bidi:embed;
	font-size:12.0pt;
	mso-bidi-font-size:10.0pt;
	font-family:Tahoma;
	mso-fareast-font-family:SimSun;}
@page Section1
	{size:612.0pt 792.0pt;
	margin:72.0pt 90.0pt 72.0pt 90.0pt;
	mso-header-margin:36.0pt;
	mso-footer-margin:36.0pt;
	mso-paper-source:0;}
div.Section1
	{page:Section1;}
-->
</style><!--[if gte mso 10]>
<style>
 /* Style Definitions */
 table.MsoNormalTable
	{mso-style-name:""Table Normal"";
	mso-tstyle-rowband-size:0;
	mso-tstyle-colband-size:0;
	mso-style-noshow:yes;
	mso-style-parent:"""";
	mso-padding-alt:0cm 5.4pt 0cm 5.4pt;
	mso-para-margin:0cm;
	mso-para-margin-bottom:.0001pt;
	mso-pagination:widow-orphan;
	font-size:10.0pt;
	font-family:""Times New Roman"";
	mso-ansi-language:#0400;
	mso-fareast-language:#0400;
	mso-bidi-language:#0400;}
</style>
<![endif]-->

</p><p class=""MsoNormal"" dir=""rtl""><span style=""font-family: &quot;Jameel Noori Nastaleeq&quot;;"" lang=""AR-SA"">فتوی: 1420=1420/1430/م</span></p><p class=""MsoNormal"" dir=""rtl""><span style=""font-family: &quot;Jameel Noori Nastaleeq&quot;;"" lang=""AR-SA""><o:p>&nbsp;</o:p></span></p><p class=""MsoNormal"" dir=""rtl""><span style=""font-family: &quot;Jameel Noori Nastaleeq&quot;;"" lang=""AR-SA"">سودی بینک میں بطور کیشئر یا مینیجر کام
کرنا درست نہیں، کیوں کہ سود کے لکھنے پڑھنے، حساب کرنے اور گواہی دینے والوں پر
لعنت وارد ہوئی ہے، بلا واسطہ سودی کاموں میں تلوث ہو یا ان پر اعانت ہو دونوں
ناجائز ہیں، بطور چپراسی کام کی گنجائش ہے، لیکن یہ بھی بہتر نہیں، مسلمانوں کو
حلال وطیب اور بے غبار ذریعہ معاش اختیار کرنا چاہیے۔</span></p><p></p><br><span style=""font-size:1.2em"">
								<p><strong>واللہ تعالیٰ اعلم</strong></p>
								<br class=""clear"">
								<p><strong>دارالافتاء،</strong><br>دارالعلوم دیوبند</p>
							</span>",15746,deoband,عقائد و  ایمانیات,حدیث و سنت
01-Sep-2020,https://darulifta-deoband.com/home/ur/hadith-sunnah/15400,ترنج کا پھل کون سا ہوتاہے، جس کے بارے میں حدیث میں ہے کہ جس کسی کے گھر میں ترنج کا پھل ہوگا اس گھر میں فاقہ نہیں آئے گا؟,ترنج کا پھل کون سا ہوتاہے، جس کے بارے میں حدیث میں ہے کہ جس کسی کے گھر میں ترنج کا پھل ہوگا اس گھر میں فاقہ نہیں آئے گا؟,"<p>بسم الله الرحمن الرحيم</p><p> <meta http-equiv=""Content-Type"" content=""text/html; charset=utf-8""><meta name=""ProgId"" content=""Word.Document""><meta name=""Generator"" content=""Microsoft Word 11""><meta name=""Originator"" content=""Microsoft Word 11""><link rel=""File-List"" href=""file:///G:\DOCUME~1\ADMINI~1\LOCALS~1\Temp\msohtml1\01\clip_filelist.xml""><!--[if gte mso 9]><xml>
 <w:WordDocument>
  <w:View>Normal</w:View>
  <w:Zoom>0</w:Zoom>
  <w:PunctuationKerning/>
  <w:ValidateAgainstSchemas/>
  <w:SaveIfXMLInvalid>false</w:SaveIfXMLInvalid>
  <w:IgnoreMixedContent>false</w:IgnoreMixedContent>
  <w:AlwaysShowPlaceholderText>false</w:AlwaysShowPlaceholderText>
  <w:Compatibility>
   <w:BreakWrappedTables/>
   <w:SnapToGridInCell/>
   <w:WrapTextWithPunct/>
   <w:UseAsianBreakRules/>
   <w:DontGrowAutofit/>
  </w:Compatibility>
  <w:BrowserLevel>MicrosoftInternetExplorer4</w:BrowserLevel>
 </w:WordDocument>
</xml><![endif]--><!--[if gte mso 9]><xml>
 <w:LatentStyles DefLockedState=""false"" LatentStyleCount=""156"">
 </w:LatentStyles>
</xml><![endif]--><style>
<!--
 /* Font Definitions */
 @font-face
	{font-family:SimSun;
	panose-1:2 1 6 0 3 1 1 1 1 1;
	mso-font-alt:&#23435;&#20307;;
	mso-font-charset:134;
	mso-generic-font-family:auto;
	mso-font-pitch:variable;
	mso-font-signature:3 135135232 16 0 262145 0;}
@font-face
	{font-family:Tahoma;
	panose-1:2 11 6 4 3 5 4 4 2 4;
	mso-font-charset:0;
	mso-generic-font-family:swiss;
	mso-font-pitch:variable;
	mso-font-signature:1627421319 -2147483648 8 0 66047 0;}
@font-face
	{font-family:""Jameel Noori Nastaleeq"";
	panose-1:2 0 5 3 0 0 0 0 0 4;
	mso-font-charset:0;
	mso-generic-font-family:auto;
	mso-font-pitch:variable;
	mso-font-signature:-2147475449 0 0 0 65 0;}
@font-face
	{font-family:""\@SimSun"";
	panose-1:2 1 6 0 3 1 1 1 1 1;
	mso-font-charset:134;
	mso-generic-font-family:auto;
	mso-font-pitch:variable;
	mso-font-signature:3 135135232 16 0 262145 0;}
 /* Style Definitions */
 p.MsoNormal, li.MsoNormal, div.MsoNormal
	{mso-style-parent:"""";
	margin:0cm;
	margin-bottom:.0001pt;
	text-align:justify;
	text-justify:kashida;
	text-kashida:0%;
	mso-pagination:widow-orphan;
	direction:rtl;
	unicode-bidi:embed;
	font-size:12.0pt;
	mso-bidi-font-size:10.0pt;
	font-family:Tahoma;
	mso-fareast-font-family:SimSun;}
@page Section1
	{size:612.0pt 792.0pt;
	margin:72.0pt 90.0pt 72.0pt 90.0pt;
	mso-header-margin:36.0pt;
	mso-footer-margin:36.0pt;
	mso-paper-source:0;}
div.Section1
	{page:Section1;}
-->
</style><!--[if gte mso 10]>
<style>
 /* Style Definitions */
 table.MsoNormalTable
	{mso-style-name:""Table Normal"";
	mso-tstyle-rowband-size:0;
	mso-tstyle-colband-size:0;
	mso-style-noshow:yes;
	mso-style-parent:"""";
	mso-padding-alt:0cm 5.4pt 0cm 5.4pt;
	mso-para-margin:0cm;
	mso-para-margin-bottom:.0001pt;
	mso-pagination:widow-orphan;
	font-size:10.0pt;
	font-family:""Times New Roman"";
	mso-ansi-language:#0400;
	mso-fareast-language:#0400;
	mso-bidi-language:#0400;}
</style>
<![endif]-->

</p><p class=""MsoNormal"" dir=""rtl""><span style=""font-family: &quot;Jameel Noori Nastaleeq&quot;;"" lang=""AR-SA"">فتوی: 1583=1303/1430/د</span></p><p class=""MsoNormal"" dir=""rtl""><span style=""font-family: &quot;Jameel Noori Nastaleeq&quot;;"" lang=""AR-SA""><o:p>&nbsp;</o:p></span></p><p class=""MsoNormal"" dir=""rtl""><span style=""font-family: &quot;Jameel Noori Nastaleeq&quot;;"" lang=""AR-SA"">ترنج نارنگی کو کہتے ہیں، ایک حدیث میں آیا
ہے: </span><span style=""font-size: 10pt;"" lang=""AR-SA"">مثل الومن الذي یقرأ القرآن
مثل الأُتْرُجَّةِ ریحہا طیب وطعمہا طیب (مشکاة)</span><span style=""font-size: 10pt; font-family: &quot;Jameel Noori Nastaleeq&quot;;"" lang=""AR-SA""> </span><span style=""font-family: &quot;Jameel Noori Nastaleeq&quot;;"" lang=""AR-SA"">صاحب
مرقات نے لکھا ہے کہ بخاری کی روایت میں اس جگہ </span><span style=""font-size: 10pt;"" lang=""AR-SA"">اُتْرُنْجَہ</span><span style=""font-size: 10pt; font-family: &quot;Jameel Noori Nastaleeq&quot;;"" lang=""AR-SA""> </span><span style=""font-family: &quot;Jameel Noori Nastaleeq&quot;;"" lang=""AR-SA"">کا لفظ
آیا ہے، اور صاحب قاموس نے لکھا ہے کہ </span><span style=""font-size: 10pt;"" lang=""AR-SA"">الأُتْرُجْ الأُتْرُجَة التُرَنْج لاتُرَنْجَة، معروف وہي أحسن الثمار
الشجریة وأنفسہا عند العرب لحسن منظرہا صفراء فاقع لونہا تسر الناظرین (مرقاة، </span><span style=""font-size: 10pt;"" lang=""FA"">۴/۳۳۷)</span><span style=""font-size: 10pt; font-family: &quot;Jameel Noori Nastaleeq&quot;;"" lang=""FA""> </span><span style=""font-family: &quot;Jameel Noori Nastaleeq&quot;;"" lang=""AR-SA"">آپ نے فاقہ نہ ہونے والی جس روایت کا اشارہ
کیا ہے ایسی کوئی روایت ہمارے علم میں نہیں ہے۔ </span></p><p></p><br><span style=""font-size:1.2em"">
								<p><strong>واللہ تعالیٰ اعلم</strong></p>
								<br class=""clear"">
								<p><strong>دارالافتاء،</strong><br>دارالعلوم دیوبند</p>
							</span>",15400,deoband,عقائد و  ایمانیات,حدیث و سنت
01-Sep-2020,https://darulifta-deoband.com/home/ur/hadith-sunnah/15396,مجھ کو آپ سے ایک حدیث کی تصدیق کرنی تھی․․․․․․ جس میں ایک صحابی نے رسول اللہ صلی اللہ علیہ وسلم کا پیشاب پیا ہے․․․․․․ یہ حدیث مجھے کس کتاب میں ملے گی، اور اس حدیث کی تشریح بھی کردیں؟,مجھ کو آپ سے ایک حدیث کی تصدیق کرنی تھی․․․․․․ جس میں ایک صحابی نے رسول اللہ صلی اللہ علیہ وسلم کا پیشاب پیا ہے․․․․․․ یہ حدیث مجھے کس کتاب میں ملے گی، اور اس حدیث کی تشریح بھی کردیں؟,"<p>بسم الله الرحمن الرحيم</p><p> <meta http-equiv=""Content-Type"" content=""text/html; charset=utf-8""><meta name=""ProgId"" content=""Word.Document""><meta name=""Generator"" content=""Microsoft Word 11""><meta name=""Originator"" content=""Microsoft Word 11""><link rel=""File-List"" href=""file:///G:\DOCUME~1\ADMINI~1\LOCALS~1\Temp\msohtml1\01\clip_filelist.xml""><!--[if gte mso 9]><xml>
 <w:WordDocument>
  <w:View>Normal</w:View>
  <w:Zoom>0</w:Zoom>
  <w:PunctuationKerning/>
  <w:ValidateAgainstSchemas/>
  <w:SaveIfXMLInvalid>false</w:SaveIfXMLInvalid>
  <w:IgnoreMixedContent>false</w:IgnoreMixedContent>
  <w:AlwaysShowPlaceholderText>false</w:AlwaysShowPlaceholderText>
  <w:Compatibility>
   <w:BreakWrappedTables/>
   <w:SnapToGridInCell/>
   <w:WrapTextWithPunct/>
   <w:UseAsianBreakRules/>
   <w:DontGrowAutofit/>
  </w:Compatibility>
  <w:BrowserLevel>MicrosoftInternetExplorer4</w:BrowserLevel>
 </w:WordDocument>
</xml><![endif]--><!--[if gte mso 9]><xml>
 <w:LatentStyles DefLockedState=""false"" LatentStyleCount=""156"">
 </w:LatentStyles>
</xml><![endif]--><style>
<!--
 /* Font Definitions */
 @font-face
	{font-family:Tahoma;
	panose-1:2 11 6 4 3 5 4 4 2 4;
	mso-font-charset:0;
	mso-generic-font-family:swiss;
	mso-font-pitch:variable;
	mso-font-signature:1627421319 -2147483648 8 0 66047 0;}
@font-face
	{font-family:""Jameel Noori Nastaleeq"";
	panose-1:2 0 5 3 0 0 0 0 0 4;
	mso-font-charset:0;
	mso-generic-font-family:auto;
	mso-font-pitch:variable;
	mso-font-signature:-2147475449 0 0 0 65 0;}
 /* Style Definitions */
 p.MsoNormal, li.MsoNormal, div.MsoNormal
	{mso-style-parent:"""";
	margin:0in;
	margin-bottom:.0001pt;
	text-align:right;
	mso-pagination:widow-orphan;
	direction:rtl;
	unicode-bidi:embed;
	font-size:12.0pt;
	font-family:""Times New Roman"";
	mso-fareast-font-family:""Times New Roman"";}
@page Section1
	{size:8.5in 11.0in;
	margin:1.0in 1.25in 1.0in 1.25in;
	mso-header-margin:.5in;
	mso-footer-margin:.5in;
	mso-paper-source:0;}
div.Section1
	{page:Section1;}
-->
</style><!--[if gte mso 10]>
<style>
 /* Style Definitions */
 table.MsoNormalTable
	{mso-style-name:""Table Normal"";
	mso-tstyle-rowband-size:0;
	mso-tstyle-colband-size:0;
	mso-style-noshow:yes;
	mso-style-parent:"""";
	mso-padding-alt:0in 5.4pt 0in 5.4pt;
	mso-para-margin:0in;
	mso-para-margin-bottom:.0001pt;
	mso-pagination:widow-orphan;
	font-size:10.0pt;
	font-family:""Times New Roman"";
	mso-ansi-language:#0400;
	mso-fareast-language:#0400;
	mso-bidi-language:#0400;}
</style>
<![endif]-->

</p><p class=""MsoNormal"" dir=""rtl"" style=""text-align: justify;""><span style=""font-family: &quot;Jameel Noori Nastaleeq&quot;;"" lang=""AR-SA"">فتوی:
1529=1252/1430/د</span></p><p class=""MsoNormal"" dir=""rtl"" style=""text-align: justify;""><span style=""font-family: &quot;Jameel Noori Nastaleeq&quot;;"" lang=""AR-SA""><o:p>&nbsp;</o:p></span></p><p class=""MsoNormal"" dir=""rtl"" style=""text-align: justify;""><span style=""font-family: &quot;Jameel Noori Nastaleeq&quot;;"" lang=""AR-SA"">بیہقی
کی سنن کبری میں روایت اس طرح ہے: </span><span style=""font-size: 10pt; font-family: Tahoma;"" lang=""AR-SA"">أخبرنی حکیمة بنت أمیة عن أمیمة أمھا أن النبي صلی اللہ علیہ
وسلم کان یبول في قدح من عیدان ثم وضع تحت سریرہ فبال فوضع تحت سریرہ فجاء فأرادہ
فإذ القدح لیس منہ شيء فقال لامرأة یقال لھا برکة کانت تخدم لأم حبیبة جاء ت معھا
من أرض الحبشة أین البول الذي کان في ہذا القدح قالت شربتہ یا رسول اللہ (سنن
کبری:</span><span style=""font-size: 10pt; font-family: Tahoma;"" lang=""FA"">۶۷</span><span style=""font-size: 10pt; font-family: Tahoma;"" lang=""AR-SA"">، رقم الحدیث: </span><span style=""font-size: 10pt; font-family: Tahoma;"" lang=""FA"">۱۳۴۰۶)</span><span style=""font-family: &quot;Jameel Noori Nastaleeq&quot;;"" lang=""AR-SA""></span></p><p></p><br><span style=""font-size:1.2em"">
								<p><strong>واللہ تعالیٰ اعلم</strong></p>
								<br class=""clear"">
								<p><strong>دارالافتاء،</strong><br>دارالعلوم دیوبند</p>
							</span>",15396,deoband,عقائد و  ایمانیات,حدیث و سنت
31-Aug-2020,https://darulifta-deoband.com/home/ur/hadith-sunnah/15385,سوال کرنے سے پہلے میں اپنا تعارف کرانا چاہتاہوں۔ میرا نام محمد امجد حسین ہے میں قاری صدیق رحمة اللہ علیہ کے مدرسہ ہتھوڑا، باندہ، یوپی سے فارغ ہوں۔ میں کافی سال سے پریشان ہوں۔ میرا سوال مندرجہ ذیل ہے: (۱)امام کی جہری قرأت میں سورہ فاتحہ کے ختم پر مقتدی حضرات (آہستہ سے آمین) کہیں گے یا زور سے؟ کیا آپ صلی اللہ علیہ وسلم نے صحابہ کو آہستہ سے آمین کہنے کا عمل بتایا تھا یا زور سے؟ دلیل کے ساتھ جواب عنایت فرماویں۔ (۲)ناف کے نیچے ہاتھ باندھنے کا حکم آپ صلی اللہ علیہ وسلم سے ثابت ہے یا نہیں، اور کیا آپ صلی اللہ علیہ وسلم ہمیشہ ناف کے نیچے ہاتھ باندھتے تھے؟ (۳)جس شخص نے قوی حدیث کو جاننے کے بعد بھی ضعیف حدیث پرعمل کیا یا ضعیف حدیث اور قوی حدیث دونوں پر عمل کیا تو کیا اتباع رسول کا تقاضا پوراحاصل ہوگا یا نہیں؟ حوالہ کے ساتھ جواب عنایت فرمائیں۔,سوال کرنے سے پہلے میں اپنا تعارف کرانا چاہتاہوں۔ میرا نام محمد امجد حسین ہے میں قاری صدیق رحمة اللہ علیہ کے مدرسہ ہتھوڑا، باندہ، یوپی سے فارغ ہوں۔ میں کافی سال سے پریشان ہوں۔ میرا سوال مندرجہ ذیل ہے: (۱)امام کی جہری قرأت میں سورہ فاتحہ کے ختم پر مقتدی حضرات (آہستہ سے آمین) کہیں گے یا زور سے؟ کیا آپ صلی اللہ علیہ وسلم نے صحابہ کو آہستہ سے آمین کہنے کا عمل بتایا تھا یا زور سے؟ دلیل کے ساتھ جواب عنایت فرماویں۔ (۲)ناف کے نیچے ہاتھ باندھنے کا حکم آپ صلی اللہ علیہ وسلم سے ثابت ہے یا نہیں، اور کیا آپ صلی اللہ علیہ وسلم ہمیشہ ناف کے نیچے ہاتھ باندھتے تھے؟ (۳)جس شخص نے قوی حدیث کو جاننے کے بعد بھی ضعیف حدیث پرعمل کیا یا ضعیف حدیث اور قوی حدیث دونوں پر عمل کیا تو کیا اتباع رسول کا تقاضا پوراحاصل ہوگا یا نہیں؟ حوالہ کے ساتھ جواب عنایت فرمائیں۔,"<p>بسم الله الرحمن الرحيم</p><p> <meta http-equiv=""Content-Type"" content=""text/html; charset=utf-8""><meta name=""ProgId"" content=""Word.Document""><meta name=""Generator"" content=""Microsoft Word 11""><meta name=""Originator"" content=""Microsoft Word 11""><link rel=""File-List"" href=""file:///G:\DOCUME~1\ADMINI~1\LOCALS~1\Temp\msohtml1\06\clip_filelist.xml""><!--[if gte mso 9]><xml>
 <w:WordDocument>
  <w:View>Normal</w:View>
  <w:Zoom>0</w:Zoom>
  <w:PunctuationKerning/>
  <w:ValidateAgainstSchemas/>
  <w:SaveIfXMLInvalid>false</w:SaveIfXMLInvalid>
  <w:IgnoreMixedContent>false</w:IgnoreMixedContent>
  <w:AlwaysShowPlaceholderText>false</w:AlwaysShowPlaceholderText>
  <w:Compatibility>
   <w:BreakWrappedTables/>
   <w:SnapToGridInCell/>
   <w:WrapTextWithPunct/>
   <w:UseAsianBreakRules/>
   <w:DontGrowAutofit/>
  </w:Compatibility>
  <w:BrowserLevel>MicrosoftInternetExplorer4</w:BrowserLevel>
 </w:WordDocument>
</xml><![endif]--><!--[if gte mso 9]><xml>
 <w:LatentStyles DefLockedState=""false"" LatentStyleCount=""156"">
 </w:LatentStyles>
</xml><![endif]--><style>
<!--
 /* Font Definitions */
 @font-face
	{font-family:Tahoma;
	panose-1:2 11 6 4 3 5 4 4 2 4;
	mso-font-charset:0;
	mso-generic-font-family:swiss;
	mso-font-pitch:variable;
	mso-font-signature:1627421319 -2147483648 8 0 66047 0;}
@font-face
	{font-family:""Jameel Noori Nastaleeq"";
	panose-1:2 0 5 3 0 0 0 0 0 4;
	mso-font-charset:0;
	mso-generic-font-family:auto;
	mso-font-pitch:variable;
	mso-font-signature:-2147475449 0 0 0 65 0;}
 /* Style Definitions */
 p.MsoNormal, li.MsoNormal, div.MsoNormal
	{mso-style-parent:"""";
	margin:0cm;
	margin-bottom:.0001pt;
	text-align:right;
	mso-pagination:widow-orphan;
	direction:rtl;
	unicode-bidi:embed;
	font-size:12.0pt;
	font-family:""Times New Roman"";
	mso-fareast-font-family:""Times New Roman"";}
@page Section1
	{size:612.0pt 792.0pt;
	margin:72.0pt 90.0pt 72.0pt 90.0pt;
	mso-header-margin:36.0pt;
	mso-footer-margin:36.0pt;
	mso-paper-source:0;}
div.Section1
	{page:Section1;}
-->
</style><!--[if gte mso 10]>
<style>
 /* Style Definitions */
 table.MsoNormalTable
	{mso-style-name:""Table Normal"";
	mso-tstyle-rowband-size:0;
	mso-tstyle-colband-size:0;
	mso-style-noshow:yes;
	mso-style-parent:"""";
	mso-padding-alt:0cm 5.4pt 0cm 5.4pt;
	mso-para-margin:0cm;
	mso-para-margin-bottom:.0001pt;
	mso-pagination:widow-orphan;
	font-size:10.0pt;
	font-family:""Times New Roman"";
	mso-ansi-language:#0400;
	mso-fareast-language:#0400;
	mso-bidi-language:#0400;}
</style>
<![endif]-->

</p><p class=""MsoNormal"" dir=""rtl"" style=""text-align: justify;""><span style=""font-family: &quot;Jameel Noori Nastaleeq&quot;;"" lang=""AR-SA"">فتوی:
1364=1402/1430/ل</span></p><p class=""MsoNormal"" dir=""rtl"" style=""text-align: justify;""><span style=""font-family: &quot;Jameel Noori Nastaleeq&quot;;"" lang=""AR-SA""><o:p>&nbsp;</o:p></span></p><p class=""MsoNormal"" dir=""rtl"" style=""text-align: justify;""><span style=""font-family: &quot;Jameel Noori Nastaleeq&quot;;"" lang=""AR-SA"">(</span><span style=""font-family: &quot;Jameel Noori Nastaleeq&quot;;"" lang=""FA"">۱) </span><span style=""font-family: &quot;Jameel Noori Nastaleeq&quot;;"" lang=""AR-SA"">سورہٴ فاتحہ کے ختم پر
مقتدی حضرات سرًّا (آہستہ) سے آمین کہیں گے، حدیث شریف میں ہے: </span><span style=""font-size: 10pt; font-family: Tahoma;"" lang=""AR-SA"">عن حجر بن عنبس عن وائل
بن حجر قال سمعت رسول اللہ صلی اللہ علیہ وسلم إذا قرأ ولا الضآلین قال: آمین وخفض
بھا صوتہ</span><span style=""font-size: 10pt; font-family: &quot;Jameel Noori Nastaleeq&quot;;"" lang=""AR-SA"">
</span><span style=""font-family: &quot;Jameel Noori Nastaleeq&quot;;"" lang=""AR-SA"">حضرت حجر
بن عنبس حضرت وائل بن حجر سے روایت کرتے ہیں کہ میں نے سنا ہے کہ حضور اقدس صلی
اللہ علیہ وسلم نے جب ولا الضالین پڑھا تو آمین کہی اور اپنی آواز کو پست کرلیا
(مصنف ابن ابی شیبہ) آمین بالسر کر روایت </span><span style=""font-size: 10pt; font-family: Tahoma;"" lang=""AR-SA"">ترمذی شریف، ابوداوٴد شریف، مسند
امام احمد بن حنبل، دار قطنی</span><span style=""font-size: 10pt; font-family: &quot;Jameel Noori Nastaleeq&quot;;"" lang=""AR-SA""> </span><span style=""font-family: &quot;Jameel Noori Nastaleeq&quot;;"" lang=""AR-SA"">وغیرہ میں مذکور ہے، نیز اکثر صحابہ
اور تابعین کا عمل آمین بالسر کہنے کا تھا، </span><span style=""font-size: 10pt; font-family: Tahoma;"" lang=""AR-SA"">کما فی معارف السنن: </span><span style=""font-size: 10pt; font-family: Tahoma;"" lang=""FA"">۲/۳۹۸</span><span style=""font-size: 10pt; font-family: Tahoma;"" lang=""AR-SA"">، باب ما جاء فی التأمین</span><span style=""font-family: &quot;Jameel Noori Nastaleeq&quot;;"" lang=""AR-SA"">۔</span></p><p class=""MsoNormal"" dir=""rtl"" style=""text-align: justify;""><span style=""font-family: &quot;Jameel Noori Nastaleeq&quot;;"" lang=""AR-SA"">(</span><span style=""font-family: &quot;Jameel Noori Nastaleeq&quot;;"" lang=""FA"">۲) </span><span style=""font-family: &quot;Jameel Noori Nastaleeq&quot;;"" lang=""AR-SA"">جی ہاں! ناف کے نیچے
ہاتھ باندھنے کا حکم آپ صلی اللہ علیہ وسلم سے ثابت ہے: </span><span style=""font-size: 10pt; font-family: Tahoma;"" lang=""AR-SA"">قال في البدائع: ولنا ما روینا عن
النبي صلی اللہ علیہ وسلم أنہ قال ثلاث من سنن المرسلین من جملتہا وضع الیمین علی
الشمال تحت السرة (بدئع الصنائع: </span><span style=""font-size: 10pt; font-family: Tahoma;"" lang=""FA"">۱/۴۷۰</span><span style=""font-size: 10pt; font-family: Tahoma;"" lang=""AR-SA"">، ط، زکریا دیوبند)</span></p><p class=""MsoNormal"" dir=""rtl"" style=""text-align: justify;""><span style=""font-family: &quot;Jameel Noori Nastaleeq&quot;;"" lang=""AR-SA"">(</span><span style=""font-family: &quot;Jameel Noori Nastaleeq&quot;;"" lang=""FA"">۳) </span><span style=""font-family: &quot;Jameel Noori Nastaleeq&quot;;"" lang=""AR-SA"">السنة ہي الطریقة
المسلوکة في الدین پس جو طریقہ رسول اللہ صلی اللہ علیہ وسلم سے ثابت ہو، اور اس
پر امت کا عمل ہو وہ سنت کہلائے گا اور اس پر عمل کرنے سے سنت کا ثواب ملے گا، اور
غیر ثابت شدہ امر یا منسوخ امر پر عمل کرنا سنت نہیں کہلائے گا، اور نہ ہی اس پر
عمل کرنے سے سنت پر عمل کرنے کا ثواب ملے گا اگرچہ وہ حدیث باعتبار سند کے قوی ہو۔</span></p><p></p><br><span style=""font-size:1.2em"">
								<p><strong>واللہ تعالیٰ اعلم</strong></p>
								<br class=""clear"">
								<p><strong>دارالافتاء،</strong><br>دارالعلوم دیوبند</p>
							</span>",15385,deoband,عقائد و  ایمانیات,حدیث و سنت
01-Sep-2020,https://darulifta-deoband.com/home/ur/hadith-sunnah/14914,مجھے یہ معلوم کرنا ہے کہ علماء و محدثین کا جو شجرہ نسب ہوتا ہے اس کی کیا حیثیت ہے،برائے کرم اس پر روشنی ڈالیں؟ حضرت مولانا خلیل احمد سہارنپوری رحمة اللہ علیہ جنھوں نے ابو داؤد کی شرح او رالمہند علی المفند لکھی ہے ان کا جامع ترمذی میں رسول اللہ صلی اللہ علیہ وسلم تک شجرہ حدیث بتادیں؟,مجھے یہ معلوم کرنا ہے کہ علماء و محدثین کا جو شجرہ نسب ہوتا ہے اس کی کیا حیثیت ہے،برائے کرم اس پر روشنی ڈالیں؟ حضرت مولانا خلیل احمد سہارنپوری رحمة اللہ علیہ جنھوں نے ابو داؤد کی شرح او رالمہند علی المفند لکھی ہے ان کا جامع ترمذی میں رسول اللہ صلی اللہ علیہ وسلم تک شجرہ حدیث بتادیں؟,"<p>بسم الله الرحمن الرحيم</p><p> <meta http-equiv=""Content-Type"" content=""text/html; charset=utf-8""><meta name=""ProgId"" content=""Word.Document""><meta name=""Generator"" content=""Microsoft Word 11""><meta name=""Originator"" content=""Microsoft Word 11""><link rel=""File-List"" href=""file:///G:\DOCUME~1\ADMINI~1\LOCALS~1\Temp\msohtml1\01\clip_filelist.xml""><!--[if gte mso 9]><xml>
 <w:WordDocument>
  <w:View>Normal</w:View>
  <w:Zoom>0</w:Zoom>
  <w:PunctuationKerning/>
  <w:ValidateAgainstSchemas/>
  <w:SaveIfXMLInvalid>false</w:SaveIfXMLInvalid>
  <w:IgnoreMixedContent>false</w:IgnoreMixedContent>
  <w:AlwaysShowPlaceholderText>false</w:AlwaysShowPlaceholderText>
  <w:Compatibility>
   <w:BreakWrappedTables/>
   <w:SnapToGridInCell/>
   <w:WrapTextWithPunct/>
   <w:UseAsianBreakRules/>
   <w:DontGrowAutofit/>
  </w:Compatibility>
  <w:BrowserLevel>MicrosoftInternetExplorer4</w:BrowserLevel>
 </w:WordDocument>
</xml><![endif]--><!--[if gte mso 9]><xml>
 <w:LatentStyles DefLockedState=""false"" LatentStyleCount=""156"">
 </w:LatentStyles>
</xml><![endif]--><style>
<!--
 /* Font Definitions */
 @font-face
	{font-family:SimSun;
	panose-1:2 1 6 0 3 1 1 1 1 1;
	mso-font-alt:&#23435;&#20307;;
	mso-font-charset:134;
	mso-generic-font-family:auto;
	mso-font-pitch:variable;
	mso-font-signature:3 135135232 16 0 262145 0;}
@font-face
	{font-family:""Angsana New"";
	panose-1:2 2 6 3 5 4 5 2 3 4;
	mso-font-charset:0;
	mso-generic-font-family:roman;
	mso-font-pitch:variable;
	mso-font-signature:16777219 0 0 0 65537 0;}
@font-face
	{font-family:Tahoma;
	panose-1:2 11 6 4 3 5 4 4 2 4;
	mso-font-charset:0;
	mso-generic-font-family:swiss;
	mso-font-pitch:variable;
	mso-font-signature:1627421319 -2147483648 8 0 66047 0;}
@font-face
	{font-family:""\@SimSun"";
	panose-1:2 1 6 0 3 1 1 1 1 1;
	mso-font-charset:134;
	mso-generic-font-family:auto;
	mso-font-pitch:variable;
	mso-font-signature:3 135135232 16 0 262145 0;}
@font-face
	{font-family:""Jameel Noori Nastaleeq"";
	panose-1:2 0 5 3 0 0 0 0 0 4;
	mso-font-charset:0;
	mso-generic-font-family:auto;
	mso-font-pitch:variable;
	mso-font-signature:-2147475449 0 0 0 65 0;}
 /* Style Definitions */
 p.MsoNormal, li.MsoNormal, div.MsoNormal
	{mso-style-parent:"""";
	margin:0in;
	margin-bottom:.0001pt;
	text-align:justify;
	text-justify:kashida;
	text-kashida:0%;
	mso-pagination:widow-orphan;
	direction:rtl;
	unicode-bidi:embed;
	font-size:12.0pt;
	mso-bidi-font-size:10.0pt;
	font-family:Tahoma;
	mso-fareast-font-family:SimSun;}
@page Section1
	{size:8.5in 11.0in;
	margin:1.0in 1.25in 1.0in 1.25in;
	mso-header-margin:.5in;
	mso-footer-margin:.5in;
	mso-paper-source:0;}
div.Section1
	{page:Section1;}
-->
</style><!--[if gte mso 10]>
<style>
 /* Style Definitions */
 table.MsoNormalTable
	{mso-style-name:""Table Normal"";
	mso-tstyle-rowband-size:0;
	mso-tstyle-colband-size:0;
	mso-style-noshow:yes;
	mso-style-parent:"""";
	mso-padding-alt:0in 5.4pt 0in 5.4pt;
	mso-para-margin:0in;
	mso-para-margin-bottom:.0001pt;
	mso-pagination:widow-orphan;
	font-size:10.0pt;
	font-family:""Angsana New"";
	mso-ansi-language:#0400;
	mso-fareast-language:#0400;
	mso-bidi-language:#0400;}
</style>
<![endif]-->

</p><p class=""MsoNormal"" dir=""rtl""><span style=""font-family: &quot;Jameel Noori Nastaleeq&quot;;"" lang=""AR-SA"">فتوی: 1438=1193/د</span></p><p class=""MsoNormal"" dir=""rtl""><span style=""font-family: &quot;Jameel Noori Nastaleeq&quot;;"" lang=""AR-SA""><o:p>&nbsp;</o:p></span></p><p class=""MsoNormal"" dir=""rtl""><span style=""font-family: &quot;Jameel Noori Nastaleeq&quot;;"" lang=""AR-SA"">شجرہٴ نسب تو خاندانی سلسلہ نسب کو کہا
جاتا ہے، جن لوگوں کے پاس خاندانہ سلسلہ نسب کا شجرہ موجود ہوتا ہے وہ اپنے نسبی
انتساب میں اس کا ذکر کرتے ہیں۔ غالباً آپ کی مراد سلسلہ سند ہے۔ تو محدثین کے
یہاں سلسلہ سند کا مطلب یہ ہوتا ہے کہ اس عالم نے حدیث اپنے کس استاذ سے پڑھی ہے،
اس نے کس استاذ سے اسی طرح سلسلہ بسلسلہ اس کی انتہا کس صحابی تک پہنچتی ہے جنھوں
نے رسول اللہ صلی اللہ علیہ وسلم سے براہ راست حدیث سنی ہوتی ہے، اسے سلسلہ سند
کہتے ہیں، اسی طرح بزرگان دین اور صوفیائے کے یہاں سلسلہ بسلسلہ تعلیم وتزکیہ حاصل
کرنے کی سند ہوتی ہے، اسے شجرہٴ طریقت، یا طریقت کا سلسلہ کہا جاتا ہے۔</span></p><p class=""MsoNormal"" dir=""rtl""><span style=""font-family: &quot;Jameel Noori Nastaleeq&quot;;"" lang=""AR-SA"">مولانا خلیل احمد صاحب سہارنپوری قدس سرہ
کا حدیث میں سلسلہٴ سند درج ذیل ہے:</span></p><p class=""MsoNormal"" dir=""rtl""><span style=""font-size: 10pt;"" lang=""AR-SA"">مولانا
خلیل أحمد عن مولانا مظہر نانوتوي عن مولانا مملوک علي نانوتوي عن أستاذہ مولانا
رشید الدین خاں دہلوي عن مولانا شاہ عبدالعزیز صاحب محدث دہلوي عن حجة الإسلام
مولانا شاہ ولي اللہ محدث دہلوي عن الشیخ أبوالطاہر المدني عن أبیہ الشیخ إبراہیم
الکردي عن الشیخ المزّاحي عن الشہاب أحمد السبکي عن الشیخ النجم الغیطي عن الزین
زکریا عن العز عبد الرحیم عن الشیخ عمر المراغي عن الفخر البخاري عن عمر بن طبرزد
البغدادي ۔</span></p><p class=""MsoNormal"" dir=""rtl""><span style=""font-family: &quot;Jameel Noori Nastaleeq&quot;;"" lang=""AR-SA"">اس کے آگے کا سلسلہٴ سند ترمذی شریف میں
لکھا ہوا ہے، اور امام ترمذی سے رسول اللہ صلی اللہ علیہ وسلم تک ہرحدیث کا سلسلہ
سند اُس حدیث کے ساتھ مذکور ہے۔ </span></p><p class=""MsoNormal"" dir=""rtl""><span style=""font-family: &quot;Jameel Noori Nastaleeq&quot;;"" lang=""AR-SA"">مولانا خلیل احمد سہارنپوری قدس سرہ کا
سلسلہ سند اس کے علاوہ اور بھی ہے جو مفصلاً تذکرة الخلیل میں مذکور ہے، بوقت
ضرورت اسے ملاحظہ فرمالیں۔</span></p><p></p><br><span style=""font-size:1.2em"">
								<p><strong>واللہ تعالیٰ اعلم</strong></p>
								<br class=""clear"">
								<p><strong>دارالافتاء،</strong><br>دارالعلوم دیوبند</p>
							</span>",14914,deoband,عقائد و  ایمانیات,حدیث و سنت
17-Feb-2021,https://darulifta-deoband.com/home/ur/hadith-sunnah/14868,المطلوب والمسؤل أن من الذکورفي السند (سفيان),بسم الل الرحمن الرحيم الحمدلل والصلاة والسلام علی رسول الل وعلی آل وصحب أجمعين السلام عليکم ورحمة الل وبرکات وبعد. الأول قال البخاري في کتاب بد الخلق باب ما جا في صفة الجنة حدثنا مسدد: حدثنا يحيی بن سعيد، عن سفيان قال: حدثني أبو اسحاق قال: سمعت البرا بن عازب رضي الل عنما قال: أتي رسول الل صلی الل علي وسلم بثوب من حرير، فجعلوا يعجبون من حسن ولين، فقال رسول ال صلی الل علي وسلم: (لمناديل سعد بن معاذ في الجنة أفضل من ذا). المطلوب والمسؤل أن من الذکورفي السند(سفيان)ولا تنسواأن القسطلاني قد کتب أن ابن عيينة الثاني قال البخاري في کتاب بد الخلق باب ما جا في صفة النار وأنامخلوقةالخ حدثنا محمد بن يوسف: حدثنا سفيان، عن الأعمش، عن ذکوان، عن أبي سعيد رضي الل عن قال: قال النبي صلی الل علي وسلم: (أبردوا بالصلاة، فان شدة الحر من فيح جنم). المطلوب والمسؤل أن من المذکوران في ذاالسند(محمدبن يوسف وسفيان) وأرجوالأجوبة المؤيدة والمدللة شک وبارک الل فيک را لک ... لک مني أجمل تحية,"<p>بسم الله الرحمن الرحيم</p><p> فتوی: 1836=341th/ھ<br><br>المراد ب ""سفیان"" المذکور في السند الأول ھو ""الثوري"" کما في المسند الجامع وکذا قال الشیخ شعیب أرنوط في تحقیق المسند للإمام أحمد رحمہ اللہ (۴/۲۸۹:۲۸۹۹) والمذکور في الثاني ہو ابن عیینة کما سردہا المحدثون وکذا ذکرہ القسطلاني وفق تصریحکم․<br><br>أما محمد بن یوسف فھو محمد بن یوسف أبو أحمد البخاري البیکندي فقال الذہبي في الکاشف: محمد بن یوسف أبو أحمد عن ابن عیینة وعنہ البخاري ․<br><br>وھکذا لم یذکر المزي في کتابہ : تہذیب الکمال, محمد بن یوسف البیکندي من تلامیذ الثوري وإنما یکرہ من تلامیذ ابن عیینة ․</p><br><span style=""font-size:1.2em"">
								<p><strong>واللہ تعالیٰ اعلم</strong></p>
								<br class=""clear"">
								<p><strong>دارالافتاء،</strong><br>دارالعلوم دیوبند</p>
							</span>",14868,deoband,عقائد و  ایمانیات,حدیث و سنت
31-Aug-2020,https://darulifta-deoband.com/home/ur/hadith-sunnah/14618,درج ذیل حدیث کہاں ہے، اس کا نمبر کیا ہے، اس کے راوی کا نام کیا ہے اور اس حدیث کا درجہ کیا ہے: ایک مرتبہ نبی کریم صلی اللہ علیہ وسلم اپنے جوتوں میں نماز پڑھ رہے تھے کہ حضرت جبرئیل علیہ السلام آئے اور آپ صلی اللہ علیہ وسلم کو بتایا کہ آپ کے جوتے گندے ہیں۔ اس لیے نبی کریم صلی اللہ علیہ وسلم نے نماز میں جوتے اتاردئے۔,درج ذیل حدیث کہاں ہے، اس کا نمبر کیا ہے، اس کے راوی کا نام کیا ہے اور اس حدیث کا درجہ کیا ہے: ایک مرتبہ نبی کریم صلی اللہ علیہ وسلم اپنے جوتوں میں نماز پڑھ رہے تھے کہ حضرت جبرئیل علیہ السلام آئے اور آپ صلی اللہ علیہ وسلم کو بتایا کہ آپ کے جوتے گندے ہیں۔ اس لیے نبی کریم صلی اللہ علیہ وسلم نے نماز میں جوتے اتاردئے۔,"<p>بسم الله الرحمن الرحيم</p><p> <meta http-equiv=""Content-Type"" content=""text/html; charset=utf-8""><meta name=""ProgId"" content=""Word.Document""><meta name=""Generator"" content=""Microsoft Word 11""><meta name=""Originator"" content=""Microsoft Word 11""><link rel=""File-List"" href=""file:///G:\DOCUME~1\ADMINI~1\LOCALS~1\Temp\msohtml1\01\clip_filelist.xml""><!--[if gte mso 9]><xml>
 <w:WordDocument>
  <w:View>Normal</w:View>
  <w:Zoom>0</w:Zoom>
  <w:PunctuationKerning/>
  <w:ValidateAgainstSchemas/>
  <w:SaveIfXMLInvalid>false</w:SaveIfXMLInvalid>
  <w:IgnoreMixedContent>false</w:IgnoreMixedContent>
  <w:AlwaysShowPlaceholderText>false</w:AlwaysShowPlaceholderText>
  <w:Compatibility>
   <w:BreakWrappedTables/>
   <w:SnapToGridInCell/>
   <w:WrapTextWithPunct/>
   <w:UseAsianBreakRules/>
   <w:DontGrowAutofit/>
  </w:Compatibility>
  <w:BrowserLevel>MicrosoftInternetExplorer4</w:BrowserLevel>
 </w:WordDocument>
</xml><![endif]--><!--[if gte mso 9]><xml>
 <w:LatentStyles DefLockedState=""false"" LatentStyleCount=""156"">
 </w:LatentStyles>
</xml><![endif]--><style>
<!--
 /* Font Definitions */
 @font-face
	{font-family:SimSun;
	panose-1:2 1 6 0 3 1 1 1 1 1;
	mso-font-alt:&#23435;&#20307;;
	mso-font-charset:134;
	mso-generic-font-family:auto;
	mso-font-pitch:variable;
	mso-font-signature:3 135135232 16 0 262145 0;}
@font-face
	{font-family:Tahoma;
	panose-1:2 11 6 4 3 5 4 4 2 4;
	mso-font-charset:0;
	mso-generic-font-family:swiss;
	mso-font-pitch:variable;
	mso-font-signature:1627421319 -2147483648 8 0 66047 0;}
@font-face
	{font-family:""Jameel Noori Nastaleeq"";
	panose-1:2 0 5 3 0 0 0 0 0 4;
	mso-font-charset:0;
	mso-generic-font-family:auto;
	mso-font-pitch:variable;
	mso-font-signature:-2147475449 0 0 0 65 0;}
@font-face
	{font-family:""\@SimSun"";
	panose-1:2 1 6 0 3 1 1 1 1 1;
	mso-font-charset:134;
	mso-generic-font-family:auto;
	mso-font-pitch:variable;
	mso-font-signature:3 135135232 16 0 262145 0;}
 /* Style Definitions */
 p.MsoNormal, li.MsoNormal, div.MsoNormal
	{mso-style-parent:"""";
	margin:0in;
	margin-bottom:.0001pt;
	text-align:justify;
	text-justify:kashida;
	text-kashida:0%;
	mso-pagination:widow-orphan;
	direction:rtl;
	unicode-bidi:embed;
	font-size:12.0pt;
	mso-bidi-font-size:10.0pt;
	font-family:Tahoma;
	mso-fareast-font-family:SimSun;}
@page Section1
	{size:8.5in 11.0in;
	margin:1.0in 1.25in 1.0in 1.25in;
	mso-header-margin:.5in;
	mso-footer-margin:.5in;
	mso-paper-source:0;}
div.Section1
	{page:Section1;}
-->
</style><!--[if gte mso 10]>
<style>
 /* Style Definitions */
 table.MsoNormalTable
	{mso-style-name:""Table Normal"";
	mso-tstyle-rowband-size:0;
	mso-tstyle-colband-size:0;
	mso-style-noshow:yes;
	mso-style-parent:"""";
	mso-padding-alt:0in 5.4pt 0in 5.4pt;
	mso-para-margin:0in;
	mso-para-margin-bottom:.0001pt;
	mso-pagination:widow-orphan;
	font-size:10.0pt;
	font-family:""Times New Roman"";
	mso-ansi-language:#0400;
	mso-fareast-language:#0400;
	mso-bidi-language:#0400;}
</style>
<![endif]-->

</p><p class=""MsoNormal"" dir=""rtl""><span style=""font-family: &quot;Jameel Noori Nastaleeq&quot;;"" lang=""AR-SA"">فتوی: 1293=1034/1430/ل</span></p><p class=""MsoNormal"" dir=""rtl""><span style=""font-family: &quot;Jameel Noori Nastaleeq&quot;;"" lang=""AR-SA""><o:p>&nbsp;</o:p></span></p><p class=""MsoNormal"" dir=""rtl""><span style=""font-family: &quot;Jameel Noori Nastaleeq&quot;;"" lang=""AR-SA"">یہ حدیث ابوداوٴد شریف: 95/1، باب الصلاة
فی النعل پر مذکور ہے، اور رقم الحدیث 650 امام ابوداوٴد نے اس حدیث کو نقل کرنے
کے بعد اس پر سکوت اختیار کیا ہے۔</span></p><p></p><br><span style=""font-size:1.2em"">
								<p><strong>واللہ تعالیٰ اعلم</strong></p>
								<br class=""clear"">
								<p><strong>دارالافتاء،</strong><br>دارالعلوم دیوبند</p>
							</span>",14618,deoband,عقائد و  ایمانیات,حدیث و سنت
01-Sep-2020,https://darulifta-deoband.com/home/ur/hadith-sunnah/14528,حضرت چند دنوں پہلے میں نے کسی سے اس حدیث کے بارے میں کہا تھا کہ یہ حدیث قدسی ہے۔ اللہ تعالی ارشاد فرماتا ہے، اگر تم ایک دن میں ستر مرتبہ پچھتاوا کروں گے اور معافی مانگو گے تو میں تم کو معاف کردوں گا اور میں اس بات کی پرواہ نہیں کروں گا (اگر چہ تمہارے گناہ بہت زیادہ ہوں)۔کیا واقعی یہ حدیث قدسی ہے؟ میں بہت زیادہ پریشان ہوں کیوں کہ گزشتہ کل میں نے تقریباً یہی حدیث منتخب احادیث میں پڑھی۔ وہ حدیث اس طرح تھی، ابوبکر رضی اللہ تعالی عنہ روایت کرتے ہیں کہ رسول اللہ صلی اللہ علیہ وسلم نے ارشاد فرمایا: وہ شخص جو کہ بخشش طلب کرتاہے وہ مستقل گناہ گار نہیں ہے، چاہے وہ اپنے گناہوں کو ایک دن میں ستر مرتبہ دہرائے (ابوداؤد)۔ وہ جوشخص گناہ کرنے کے بعد معافی مانگتاہے اور اس کو نہ کرنے کی پکی نیت کرتاہے وہ معاف کردیا جائے گا اس گناہ کو بار بار کرنے کے باوجود بھی۔ (بذل المجہود)۔ اس حدیث کو پڑھنے کے بعد میں خوف زدہ ہوگیا ہوں۔ ...,حضرت چند دنوں پہلے میں نے کسی سے اس حدیث کے بارے میں کہا تھا کہ یہ حدیث قدسی ہے۔ اللہ تعالی ارشاد فرماتا ہے، اگر تم ایک دن میں ستر مرتبہ پچھتاوا کروں گے اور معافی مانگو گے تو میں تم کو معاف کردوں گا اور میں اس بات کی پرواہ نہیں کروں گا (اگر چہ تمہارے گناہ بہت زیادہ ہوں)۔کیا واقعی یہ حدیث قدسی ہے؟ میں بہت زیادہ پریشان ہوں کیوں کہ گزشتہ کل میں نے تقریباً یہی حدیث منتخب احادیث میں پڑھی۔ وہ حدیث اس طرح تھی، ابوبکر رضی اللہ تعالی عنہ روایت کرتے ہیں کہ رسول اللہ صلی اللہ علیہ وسلم نے ارشاد فرمایا: وہ شخص جو کہ بخشش طلب کرتاہے وہ مستقل گناہ گار نہیں ہے، چاہے وہ اپنے گناہوں کو ایک دن میں ستر مرتبہ دہرائے (ابوداؤد)۔ وہ جوشخص گناہ کرنے کے بعد معافی مانگتاہے اور اس کو نہ کرنے کی پکی نیت کرتاہے وہ معاف کردیا جائے گا اس گناہ کو بار بار کرنے کے باوجود بھی۔ (بذل المجہود)۔ اس حدیث کو پڑھنے کے بعد میں خوف زدہ ہوگیا ہوں۔ میرا خیال ہے کہ میں نے اس حدیث کے بجائے غلطی سے ان کو وہ حدیث بیان کردی ہے، اور ان سے کہا کہ وہ حدیث قدسی ہے۔ اب اگر یہ حدیث قدسی نہیں ہے تو یہ اللہ پر بہتان ہے؟ میں اللہ سے معافی مانگتاہوں اور اس کی مغفرت طلب کرتاہوں کیوں کہ میں اس شخص سے رابطہ کرنے کی حالت میں نہیں ہوں جن سے میں نے یہ بیان کیا ہے۔ برائے کرم مجھ کو جلد از جلد جواب عنایت فرماویں۔,"<p>بسم الله الرحمن الرحيم</p><p> <meta http-equiv=""Content-Type"" content=""text/html; charset=utf-8""><meta name=""ProgId"" content=""Word.Document""><meta name=""Generator"" content=""Microsoft Word 11""><meta name=""Originator"" content=""Microsoft Word 11""><link rel=""File-List"" href=""file:///F:\DOCUME~1\ADMINI~1\LOCALS~1\Temp\msohtml1\01\clip_filelist.xml""><!--[if gte mso 9]><xml>
 <w:WordDocument>
  <w:View>Normal</w:View>
  <w:Zoom>0</w:Zoom>
  <w:PunctuationKerning/>
  <w:ValidateAgainstSchemas/>
  <w:SaveIfXMLInvalid>false</w:SaveIfXMLInvalid>
  <w:IgnoreMixedContent>false</w:IgnoreMixedContent>
  <w:AlwaysShowPlaceholderText>false</w:AlwaysShowPlaceholderText>
  <w:Compatibility>
   <w:BreakWrappedTables/>
   <w:SnapToGridInCell/>
   <w:WrapTextWithPunct/>
   <w:UseAsianBreakRules/>
   <w:DontGrowAutofit/>
  </w:Compatibility>
  <w:BrowserLevel>MicrosoftInternetExplorer4</w:BrowserLevel>
 </w:WordDocument>
</xml><![endif]--><!--[if gte mso 9]><xml>
 <w:LatentStyles DefLockedState=""false"" LatentStyleCount=""156"">
 </w:LatentStyles>
</xml><![endif]--><style>
<!--
 /* Font Definitions */
 @font-face
	{font-family:""Jameel Noori Nastaleeq"";
	panose-1:2 0 5 3 0 0 0 0 0 4;
	mso-font-charset:0;
	mso-generic-font-family:auto;
	mso-font-pitch:variable;
	mso-font-signature:-2147475449 0 0 0 65 0;}
 /* Style Definitions */
 p.MsoNormal, li.MsoNormal, div.MsoNormal
	{mso-style-parent:"""";
	margin:0cm;
	margin-bottom:.0001pt;
	text-align:right;
	mso-pagination:widow-orphan;
	direction:rtl;
	unicode-bidi:embed;
	font-size:12.0pt;
	font-family:""Times New Roman"";
	mso-fareast-font-family:""Times New Roman"";}
@page Section1
	{size:612.0pt 792.0pt;
	margin:72.0pt 90.0pt 72.0pt 90.0pt;
	mso-header-margin:36.0pt;
	mso-footer-margin:36.0pt;
	mso-paper-source:0;}
div.Section1
	{page:Section1;}
-->
</style><!--[if gte mso 10]>
<style>
 /* Style Definitions */
 table.MsoNormalTable
	{mso-style-name:""Table Normal"";
	mso-tstyle-rowband-size:0;
	mso-tstyle-colband-size:0;
	mso-style-noshow:yes;
	mso-style-parent:"""";
	mso-padding-alt:0cm 5.4pt 0cm 5.4pt;
	mso-para-margin:0cm;
	mso-para-margin-bottom:.0001pt;
	mso-pagination:widow-orphan;
	font-size:10.0pt;
	font-family:""Times New Roman"";
	mso-ansi-language:#0400;
	mso-fareast-language:#0400;
	mso-bidi-language:#0400;}
</style>
<![endif]-->

</p><p class=""MsoNormal"" dir=""rtl"" style=""text-align: justify;""><span style=""font-family: &quot;Jameel Noori Nastaleeq&quot;;"" lang=""AR-SA"">فتوی:
1582=1257/ھ</span></p><p class=""MsoNormal"" dir=""rtl"" style=""text-align: justify;""><span style=""font-family: &quot;Jameel Noori Nastaleeq&quot;;"" lang=""AR-SA""><o:p>&nbsp;</o:p></span></p><p class=""MsoNormal"" dir=""rtl"" style=""text-align: justify;""><span style=""font-family: &quot;Jameel Noori Nastaleeq&quot;;"" lang=""AR-SA"">سچی
پکی توبہ کرلینا کافی ہے۔ </span></p><p></p><br><span style=""font-size:1.2em"">
								<p><strong>واللہ تعالیٰ اعلم</strong></p>
								<br class=""clear"">
								<p><strong>دارالافتاء،</strong><br>دارالعلوم دیوبند</p>
							</span>",14528,deoband,عقائد و  ایمانیات,حدیث و سنت
01-Sep-2020,https://darulifta-deoband.com/home/ur/hadith-sunnah/14383,ناف کے نیچے نیت باندھنے کی صحیح مرفوع متصل حدیث بتادیجیے اور رفع یدین کی بھی؟,ناف کے نیچے نیت باندھنے کی صحیح مرفوع متصل حدیث بتادیجیے اور رفع یدین کی بھی؟,"<p>بسم الله الرحمن الرحيم</p><p> <meta http-equiv=""Content-Type"" content=""text/html; charset=utf-8""><meta name=""ProgId"" content=""Word.Document""><meta name=""Generator"" content=""Microsoft Word 11""><meta name=""Originator"" content=""Microsoft Word 11""><link rel=""File-List"" href=""file:///G:\DOCUME~1\XPPRESP3\LOCALS~1\Temp\msohtml1\01\clip_filelist.xml""><!--[if gte mso 9]><xml>
 <w:WordDocument>
  <w:View>Normal</w:View>
  <w:Zoom>0</w:Zoom>
  <w:PunctuationKerning/>
  <w:ValidateAgainstSchemas/>
  <w:SaveIfXMLInvalid>false</w:SaveIfXMLInvalid>
  <w:IgnoreMixedContent>false</w:IgnoreMixedContent>
  <w:AlwaysShowPlaceholderText>false</w:AlwaysShowPlaceholderText>
  <w:Compatibility>
   <w:BreakWrappedTables/>
   <w:SnapToGridInCell/>
   <w:WrapTextWithPunct/>
   <w:UseAsianBreakRules/>
   <w:DontGrowAutofit/>
  </w:Compatibility>
  <w:BrowserLevel>MicrosoftInternetExplorer4</w:BrowserLevel>
 </w:WordDocument>
</xml><![endif]--><!--[if gte mso 9]><xml>
 <w:LatentStyles DefLockedState=""false"" LatentStyleCount=""156"">
 </w:LatentStyles>
</xml><![endif]--><style>
<!--
 /* Font Definitions */
 @font-face
	{font-family:Tahoma;
	panose-1:2 11 6 4 3 5 4 4 2 4;
	mso-font-charset:0;
	mso-generic-font-family:swiss;
	mso-font-pitch:variable;
	mso-font-signature:1627421319 -2147483648 8 0 66047 0;}
@font-face
	{font-family:""Jameel Noori Nastaleeq"";
	panose-1:2 0 5 3 0 0 0 0 0 4;
	mso-font-charset:0;
	mso-generic-font-family:auto;
	mso-font-pitch:variable;
	mso-font-signature:-2147475449 0 0 0 65 0;}
 /* Style Definitions */
 p.MsoNormal, li.MsoNormal, div.MsoNormal
	{mso-style-parent:"""";
	margin:0in;
	margin-bottom:.0001pt;
	text-align:right;
	mso-pagination:widow-orphan;
	direction:rtl;
	unicode-bidi:embed;
	font-size:12.0pt;
	font-family:""Times New Roman"";
	mso-fareast-font-family:""Times New Roman"";}
@page Section1
	{size:8.5in 11.0in;
	margin:1.0in 1.25in 1.0in 1.25in;
	mso-header-margin:.5in;
	mso-footer-margin:.5in;
	mso-paper-source:0;}
div.Section1
	{page:Section1;}
-->
</style><!--[if gte mso 10]>
<style>
 /* Style Definitions */
 table.MsoNormalTable
	{mso-style-name:""Table Normal"";
	mso-tstyle-rowband-size:0;
	mso-tstyle-colband-size:0;
	mso-style-noshow:yes;
	mso-style-parent:"""";
	mso-padding-alt:0in 5.4pt 0in 5.4pt;
	mso-para-margin:0in;
	mso-para-margin-bottom:.0001pt;
	mso-pagination:widow-orphan;
	font-size:10.0pt;
	font-family:""Times New Roman"";
	mso-ansi-language:#0400;
	mso-fareast-language:#0400;
	mso-bidi-language:#0400;}
</style>
<![endif]-->

</p><p class=""MsoNormal"" dir=""rtl"" style=""text-align: justify;""><span style=""font-family: &quot;Jameel Noori Nastaleeq&quot;;"" lang=""AR-SA"">فتوی:
1176=1118/ب</span></p><p class=""MsoNormal"" dir=""rtl"" style=""text-align: justify;""><span style=""font-family: &quot;Jameel Noori Nastaleeq&quot;;"" lang=""AR-SA""><o:p>&nbsp;</o:p></span></p><p class=""MsoNormal"" dir=""rtl"" style=""text-align: justify;""><span style=""font-family: &quot;Jameel Noori Nastaleeq&quot;;"" lang=""AR-SA"">مرد
کے لیے ناف کے نیچے ہاتھ باندھنا سنت ہے اگر کسی نے سینہ پر ہاتھ باندھ کر نماز
پڑھی، تو بھی نماز ہوجائے گی، لیکن اس کا یہ عمل عند الاحناف خلاف سنت ہوا، سنن
ابی داوٴد وغیرہ میں مختلف روایات ہیں، جس سے ناف کے نیچے ہاتھ باندھنے کا ثبوت
ہے۔ مثلاً: </span><span style=""font-size: 10pt; font-family: Tahoma;"" lang=""AR-SA"">أن
علیًا رضي اللہ عنہ قال: السنة وضع الکف علی الکف في الصلاة تحت السرة، رواہ
أبوداوٴد وفي نسخة ابن الأعرابي، والحدیث حسن (إعلاء السنن:</span><span style=""font-size: 10pt; font-family: Tahoma;"" lang=""FA"">۲</span><span style=""font-size: 10pt; font-family: Tahoma;"" lang=""AR-SA"">، ص:</span><span style=""font-size: 10pt; font-family: Tahoma;"" lang=""FA"">۱۶۶) </span><span style=""font-size: 10pt; font-family: Tahoma;"" lang=""AR-SA"">وعن أبي ہریرة قال: أخذ
الکف علی الکف في الصلاة تحت السرة (إعلاء السنن: </span><span style=""font-size: 10pt; font-family: Tahoma;"" lang=""FA"">۲/۱۶۷)</span><span style=""font-size: 10pt; font-family: &quot;Jameel Noori Nastaleeq&quot;;"" lang=""FA""> </span><span style=""font-family: &quot;Jameel Noori Nastaleeq&quot;;"" lang=""AR-SA"">مزید
تفصیل کے لیے اعلاء السنن ، ج:</span><span style=""font-family: &quot;Jameel Noori Nastaleeq&quot;;"" lang=""FA"">۲</span><span style=""font-family: &quot;Jameel Noori Nastaleeq&quot;;"" lang=""AR-SA"">،
ص:</span><span style=""font-family: &quot;Jameel Noori Nastaleeq&quot;;"" lang=""FA"">۱۶۷</span><span style=""font-family: &quot;Jameel Noori Nastaleeq&quot;;"" lang=""AR-SA"">،
ملاحظہ فرمائیں۔ </span></p><p class=""MsoNormal"" dir=""rtl"" style=""text-align: justify;""><span style=""font-family: &quot;Jameel Noori Nastaleeq&quot;;"" lang=""AR-SA"">نوٹ:
اور اگر کوئی اسے غلط کہے تو اس سے پوچھئے کہ کس صحیح حدیث میں اس کو غلط کہا ہے؟ </span></p><p class=""MsoNormal"" dir=""rtl"" style=""text-align: justify;""><span style=""font-family: &quot;Jameel Noori Nastaleeq&quot;;"" lang=""AR-SA"">(</span><span style=""font-family: &quot;Jameel Noori Nastaleeq&quot;;"" lang=""FA"">۲) </span><span style=""font-family: &quot;Jameel Noori Nastaleeq&quot;;"" lang=""AR-SA"">رفع یدین صرف تکبیر
افتتاح میں ہے، اس کے علاوہ رفع یدین نہیں ہے: </span><span style=""font-size: 10pt; font-family: Tahoma;"" lang=""AR-SA"">عن علقمة قال: قال عبد اللہ بن
مسعود: ألا أصلي بکم صلاة رسول اللہ صلی اللہ علیہ وسلم، فصلّی فلم یرفع یدیہ إلا
في اول مرة</span><span style=""font-size: 10pt; font-family: &quot;Jameel Noori Nastaleeq&quot;;"" lang=""AR-SA"">․</span><span style=""font-size: 10pt; font-family: Tahoma;"" lang=""AR-SA""> رواہ الثلاثة وھو حدیث
صحیح (آثار السنن: </span><span style=""font-size: 10pt; font-family: Tahoma;"" lang=""FA"">۱/۹۶)</span><span style=""font-family: &quot;Jameel Noori Nastaleeq&quot;;"" lang=""AR-SA""></span></p><p></p><br><span style=""font-size:1.2em"">
								<p><strong>واللہ تعالیٰ اعلم</strong></p>
								<br class=""clear"">
								<p><strong>دارالافتاء،</strong><br>دارالعلوم دیوبند</p>
							</span>",14383,deoband,عقائد و  ایمانیات,حدیث و سنت
01-Sep-2020,https://darulifta-deoband.com/home/ur/hadith-sunnah/14215,مفتی صاحب میں یہ پوچھنا چاہتاہوں کہ جو چالیس ابدال اس دنیا میں رہتے ہیں یہ کن لوگوں میں سے ہوتے ہیں انسان، جن، فرشتے وغیرہ؟,مفتی صاحب میں یہ پوچھنا چاہتاہوں کہ جو چالیس ابدال اس دنیا میں رہتے ہیں یہ کن لوگوں میں سے ہوتے ہیں انسان، جن، فرشتے وغیرہ؟,"<p>بسم الله الرحمن الرحيم</p><p> <meta http-equiv=""Content-Type"" content=""text/html; charset=utf-8""><meta name=""ProgId"" content=""Word.Document""><meta name=""Generator"" content=""Microsoft Word 11""><meta name=""Originator"" content=""Microsoft Word 11""><link rel=""File-List"" href=""file:///G:\DOCUME~1\MY-PC\LOCALS~1\Temp\msohtml1\01\clip_filelist.xml""><!--[if gte mso 9]><xml>
 <w:WordDocument>
  <w:View>Normal</w:View>
  <w:Zoom>0</w:Zoom>
  <w:PunctuationKerning/>
  <w:ValidateAgainstSchemas/>
  <w:SaveIfXMLInvalid>false</w:SaveIfXMLInvalid>
  <w:IgnoreMixedContent>false</w:IgnoreMixedContent>
  <w:AlwaysShowPlaceholderText>false</w:AlwaysShowPlaceholderText>
  <w:Compatibility>
   <w:BreakWrappedTables/>
   <w:SnapToGridInCell/>
   <w:WrapTextWithPunct/>
   <w:UseAsianBreakRules/>
   <w:DontGrowAutofit/>
  </w:Compatibility>
  <w:BrowserLevel>MicrosoftInternetExplorer4</w:BrowserLevel>
 </w:WordDocument>
</xml><![endif]--><!--[if gte mso 9]><xml>
 <w:LatentStyles DefLockedState=""false"" LatentStyleCount=""156"">
 </w:LatentStyles>
</xml><![endif]--><style>
<!--
 /* Font Definitions */
 @font-face
	{font-family:SimSun;
	panose-1:2 1 6 0 3 1 1 1 1 1;
	mso-font-alt:&#23435;&#20307;;
	mso-font-charset:134;
	mso-generic-font-family:auto;
	mso-font-format:other;
	mso-font-pitch:variable;
	mso-font-signature:1 135135232 16 0 262144 0;}
@font-face
	{font-family:Tahoma;
	panose-1:2 11 6 4 3 5 4 4 2 4;
	mso-font-charset:0;
	mso-generic-font-family:swiss;
	mso-font-pitch:variable;
	mso-font-signature:1627421319 -2147483648 8 0 66047 0;}
@font-face
	{font-family:""Jameel Noori Nastaleeq"";
	panose-1:2 0 5 3 0 0 0 0 0 4;
	mso-font-charset:0;
	mso-generic-font-family:auto;
	mso-font-pitch:variable;
	mso-font-signature:-2147475449 0 0 0 65 0;}
@font-face
	{font-family:""\@SimSun"";
	panose-1:0 0 0 0 0 0 0 0 0 0;
	mso-font-charset:134;
	mso-generic-font-family:auto;
	mso-font-format:other;
	mso-font-pitch:variable;
	mso-font-signature:1 135135232 16 0 262144 0;}
 /* Style Definitions */
 p.MsoNormal, li.MsoNormal, div.MsoNormal
	{mso-style-parent:"""";
	margin:0cm;
	margin-bottom:.0001pt;
	text-align:justify;
	text-justify:kashida;
	text-kashida:0%;
	mso-pagination:widow-orphan;
	direction:rtl;
	unicode-bidi:embed;
	font-size:12.0pt;
	mso-bidi-font-size:10.0pt;
	font-family:Tahoma;
	mso-fareast-font-family:SimSun;}
p.MsoPlainText, li.MsoPlainText, div.MsoPlainText
	{margin:0cm;
	margin-bottom:.0001pt;
	text-align:right;
	mso-pagination:widow-orphan;
	direction:rtl;
	unicode-bidi:embed;
	font-size:10.0pt;
	font-family:""Courier New"";
	mso-fareast-font-family:""Times New Roman"";}
@page Section1
	{size:612.0pt 792.0pt;
	margin:72.0pt 90.0pt 72.0pt 90.0pt;
	mso-header-margin:36.0pt;
	mso-footer-margin:36.0pt;
	mso-paper-source:0;}
div.Section1
	{page:Section1;}
-->
</style><!--[if gte mso 10]>
<style>
 /* Style Definitions */
 table.MsoNormalTable
	{mso-style-name:""Table Normal"";
	mso-tstyle-rowband-size:0;
	mso-tstyle-colband-size:0;
	mso-style-noshow:yes;
	mso-style-parent:"""";
	mso-padding-alt:0cm 5.4pt 0cm 5.4pt;
	mso-para-margin:0cm;
	mso-para-margin-bottom:.0001pt;
	mso-pagination:widow-orphan;
	font-size:10.0pt;
	font-family:""Times New Roman"";
	mso-ansi-language:#0400;
	mso-fareast-language:#0400;
	mso-bidi-language:#0400;}
</style>
<![endif]-->

</p><p class=""MsoPlainText"" dir=""rtl"" style=""text-align: justify;""><span style=""font-size: 12pt; font-family: &quot;Jameel Noori Nastaleeq&quot;;"" lang=""AR-SA"">فتوی: 1066=1066/م</span></p><p class=""MsoPlainText"" dir=""rtl"" style=""text-align: justify;""><span style=""font-size: 12pt; font-family: &quot;Jameel Noori Nastaleeq&quot;;"" lang=""AR-SA""><o:p>&nbsp;</o:p></span></p><p class=""MsoPlainText"" dir=""rtl"" style=""text-align: justify;""><span style=""font-size: 12pt; font-family: &quot;Jameel Noori Nastaleeq&quot;;"" lang=""AR-SA"">ابدال انسانوں میں
سے ہوتے ہیں، حدیث میں ہے: </span><span style=""font-family: Tahoma;"" lang=""AR-SA"">الأبدال
یکونون بالشام وھم أربعون رجلاً کلما مات رجل أبدل اللہ مکانہ رجلاً یُسقی بہم الغیث
وینتصر بھم علی الأعداء ویصرف عن أھل الشام العذاب (مشکاة شریف: </span><span style=""font-family: Tahoma;"" lang=""FA"">۵۸۲)</span><span style=""font-family: Tahoma;"" lang=""AR-SA""></span></p><p></p><br><span style=""font-size:1.2em"">
								<p><strong>واللہ تعالیٰ اعلم</strong></p>
								<br class=""clear"">
								<p><strong>دارالافتاء،</strong><br>دارالعلوم دیوبند</p>
							</span>",14215,deoband,عقائد و  ایمانیات,حدیث و سنت
01-Sep-2020,https://darulifta-deoband.com/home/ur/hadith-sunnah/14051,میرا سوال یہ ہے کہ اس بات کی کیا حقیقت ہے کہ ہر پیر اور جمعرات کے دن ہمارے اعمال نبی کریم صلی اللہ علیہ وسلم کی بارگاہ میں پیش کئے جاتے ہیں او رہمارے اچھے برے اعمال سے آ پ صلی اللہ علیہ وسلم کو خوشی یا دکھ ہوتا ہے؟,میرا سوال یہ ہے کہ اس بات کی کیا حقیقت ہے کہ ہر پیر اور جمعرات کے دن ہمارے اعمال نبی کریم صلی اللہ علیہ وسلم کی بارگاہ میں پیش کئے جاتے ہیں او رہمارے اچھے برے اعمال سے آ پ صلی اللہ علیہ وسلم کو خوشی یا دکھ ہوتا ہے؟,"<p>بسم الله الرحمن الرحيم</p><p> <meta http-equiv=""Content-Type"" content=""text/html; charset=utf-8""><meta name=""ProgId"" content=""Word.Document""><meta name=""Generator"" content=""Microsoft Word 11""><meta name=""Originator"" content=""Microsoft Word 11""><link rel=""File-List"" href=""file:///G:\DOCUME~1\ADMINI~1\LOCALS~1\Temp\msohtml1\01\clip_filelist.xml""><!--[if gte mso 9]><xml>
 <w:WordDocument>
  <w:View>Normal</w:View>
  <w:Zoom>0</w:Zoom>
  <w:PunctuationKerning/>
  <w:ValidateAgainstSchemas/>
  <w:SaveIfXMLInvalid>false</w:SaveIfXMLInvalid>
  <w:IgnoreMixedContent>false</w:IgnoreMixedContent>
  <w:AlwaysShowPlaceholderText>false</w:AlwaysShowPlaceholderText>
  <w:Compatibility>
   <w:BreakWrappedTables/>
   <w:SnapToGridInCell/>
   <w:WrapTextWithPunct/>
   <w:UseAsianBreakRules/>
   <w:DontGrowAutofit/>
  </w:Compatibility>
  <w:BrowserLevel>MicrosoftInternetExplorer4</w:BrowserLevel>
 </w:WordDocument>
</xml><![endif]--><!--[if gte mso 9]><xml>
 <w:LatentStyles DefLockedState=""false"" LatentStyleCount=""156"">
 </w:LatentStyles>
</xml><![endif]--><style>
<!--
 /* Font Definitions */
 @font-face
	{font-family:SimSun;
	panose-1:2 1 6 0 3 1 1 1 1 1;
	mso-font-alt:&#23435;&#20307;;
	mso-font-charset:134;
	mso-generic-font-family:auto;
	mso-font-pitch:variable;
	mso-font-signature:3 135135232 16 0 262145 0;}
@font-face
	{font-family:Tahoma;
	panose-1:2 11 6 4 3 5 4 4 2 4;
	mso-font-charset:0;
	mso-generic-font-family:swiss;
	mso-font-pitch:variable;
	mso-font-signature:1627421319 -2147483648 8 0 66047 0;}
@font-face
	{font-family:""\@SimSun"";
	panose-1:2 1 6 0 3 1 1 1 1 1;
	mso-font-charset:134;
	mso-generic-font-family:auto;
	mso-font-pitch:variable;
	mso-font-signature:3 135135232 16 0 262145 0;}
@font-face
	{font-family:""Jameel Noori Nastaleeq"";
	panose-1:2 0 5 3 0 0 0 0 0 4;
	mso-font-charset:0;
	mso-generic-font-family:auto;
	mso-font-pitch:variable;
	mso-font-signature:-2147475449 0 0 0 65 0;}
 /* Style Definitions */
 p.MsoNormal, li.MsoNormal, div.MsoNormal
	{mso-style-parent:"""";
	margin:0in;
	margin-bottom:.0001pt;
	text-align:justify;
	text-justify:kashida;
	text-kashida:0%;
	mso-pagination:widow-orphan;
	direction:rtl;
	unicode-bidi:embed;
	font-size:12.0pt;
	mso-bidi-font-size:10.0pt;
	font-family:Tahoma;
	mso-fareast-font-family:SimSun;}
@page Section1
	{size:8.5in 11.0in;
	margin:1.0in 1.25in 1.0in 1.25in;
	mso-header-margin:.5in;
	mso-footer-margin:.5in;
	mso-paper-source:0;}
div.Section1
	{page:Section1;}
-->
</style><!--[if gte mso 10]>
<style>
 /* Style Definitions */
 table.MsoNormalTable
	{mso-style-name:""Table Normal"";
	mso-tstyle-rowband-size:0;
	mso-tstyle-colband-size:0;
	mso-style-noshow:yes;
	mso-style-parent:"""";
	mso-padding-alt:0in 5.4pt 0in 5.4pt;
	mso-para-margin:0in;
	mso-para-margin-bottom:.0001pt;
	mso-pagination:widow-orphan;
	font-size:10.0pt;
	font-family:""Times New Roman"";
	mso-ansi-language:#0400;
	mso-fareast-language:#0400;
	mso-bidi-language:#0400;}
</style>
<![endif]-->

</p><p class=""MsoNormal"" dir=""rtl""><span style=""font-family: &quot;Jameel Noori Nastaleeq&quot;;"" lang=""AR-SA"">فتوی: 1008=1008/م</span></p><p class=""MsoNormal"" dir=""rtl""><span style=""font-family: &quot;Jameel Noori Nastaleeq&quot;;"" lang=""AR-SA""><o:p>&nbsp;</o:p></span></p><p class=""MsoNormal"" dir=""rtl""><span style=""font-family: &quot;Jameel Noori Nastaleeq&quot;;"" lang=""AR-SA"">ہرپیر اور جمعرات کو امت کے اعمال، اللہ
تبارک وتعالی کے دربار میں پیش کیے جاتے ہیں اور جمعہ کو انبیاء علیہم الصلاة
والسلام اور آباء وامہات پر پیش کیے جاتے ہیں، حکیم ترمذی نے نوادر میں اس کو
روایت کیا ہے، اس میں یہ بھی ہے کہ اچھے اعمال سے ان کو خوشی ہوتی ہے اور ان کے
چہرے مزید روشن ہوجاتے ہیں، پس اللہ سے ڈرو اور اپنے مردوں کو تکلیف نہ پہنچاؤ: </span><span style=""font-size: 10pt;"" lang=""AR-SA"">أخرج الحکیم الترمذي في نوادرہ من حدیث
عبدالغفور بن عبد العزیز عن أبیہ عن جدہ قال قال رسول اللہ صلی اللہ علیہ وسلم:
تعرض الأعمال یوم الإثنین والخمیس علی اللہ وتعرض علی الأنبیاء علیہم الصلاة
والسلام وعلی الآباء والأمہات یوم الجمعة فیفرحون بحسناتہم وتزداد وجوہہم بیاضًا
وإشرافًا، فاتقو اللہ ولا توٴذوا أمواتکم (شرح الصدر للسیوطي)</span><span style=""font-family: &quot;Jameel Noori Nastaleeq&quot;;"" lang=""AR-SA""></span></p><p></p><br><span style=""font-size:1.2em"">
								<p><strong>واللہ تعالیٰ اعلم</strong></p>
								<br class=""clear"">
								<p><strong>دارالافتاء،</strong><br>دارالعلوم دیوبند</p>
							</span>",14051,deoband,عقائد و  ایمانیات,حدیث و سنت
01-Sep-2020,https://darulifta-deoband.com/home/ur/hadith-sunnah/13909,نبی اکرم صلی اللہ علیہ وسلم نے فرمایا کہ میری امت میں سب کے لیے معافی ہے، سوائے مجاہروں کے (الحدیث) اس حدیث میں مجاہروں سے کون لوگ مراد ہیں کیا بے نمازی موسیقی کھلے عام سننے والا، داڑھی منڈوانے والا وغیرہ بھی اس میں شامل ہیں۔ (۲) کیا مجاہرون کو سلام کیا جاسکتا ہے؟,نبی اکرم صلی اللہ علیہ وسلم نے فرمایا کہ میری امت میں سب کے لیے معافی ہے، سوائے مجاہروں کے (الحدیث) اس حدیث میں مجاہروں سے کون لوگ مراد ہیں کیا بے نمازی موسیقی کھلے عام سننے والا، داڑھی منڈوانے والا وغیرہ بھی اس میں شامل ہیں۔ (۲) کیا مجاہرون کو سلام کیا جاسکتا ہے؟,"<p>بسم الله الرحمن الرحيم</p><p> <meta http-equiv=""Content-Type"" content=""text/html; charset=utf-8""><meta name=""ProgId"" content=""Word.Document""><meta name=""Generator"" content=""Microsoft Word 11""><meta name=""Originator"" content=""Microsoft Word 11""><link rel=""File-List"" href=""file:///G:\DOCUME~1\ADMINI~1\LOCALS~1\Temp\msohtml1\01\clip_filelist.xml""><!--[if gte mso 9]><xml>
 <w:WordDocument>
  <w:View>Normal</w:View>
  <w:Zoom>0</w:Zoom>
  <w:PunctuationKerning/>
  <w:ValidateAgainstSchemas/>
  <w:SaveIfXMLInvalid>false</w:SaveIfXMLInvalid>
  <w:IgnoreMixedContent>false</w:IgnoreMixedContent>
  <w:AlwaysShowPlaceholderText>false</w:AlwaysShowPlaceholderText>
  <w:Compatibility>
   <w:BreakWrappedTables/>
   <w:SnapToGridInCell/>
   <w:WrapTextWithPunct/>
   <w:UseAsianBreakRules/>
   <w:DontGrowAutofit/>
  </w:Compatibility>
  <w:BrowserLevel>MicrosoftInternetExplorer4</w:BrowserLevel>
 </w:WordDocument>
</xml><![endif]--><!--[if gte mso 9]><xml>
 <w:LatentStyles DefLockedState=""false"" LatentStyleCount=""156"">
 </w:LatentStyles>
</xml><![endif]--><style>
<!--
 /* Font Definitions */
 @font-face
	{font-family:SimSun;
	panose-1:2 1 6 0 3 1 1 1 1 1;
	mso-font-alt:&#23435;&#20307;;
	mso-font-charset:134;
	mso-generic-font-family:auto;
	mso-font-pitch:variable;
	mso-font-signature:3 135135232 16 0 262145 0;}
@font-face
	{font-family:Tahoma;
	panose-1:2 11 6 4 3 5 4 4 2 4;
	mso-font-charset:0;
	mso-generic-font-family:swiss;
	mso-font-pitch:variable;
	mso-font-signature:1627421319 -2147483648 8 0 66047 0;}
@font-face
	{font-family:""\@SimSun"";
	panose-1:2 1 6 0 3 1 1 1 1 1;
	mso-font-charset:134;
	mso-generic-font-family:auto;
	mso-font-pitch:variable;
	mso-font-signature:3 135135232 16 0 262145 0;}
@font-face
	{font-family:""Jameel Noori Nastaleeq"";
	panose-1:2 0 5 3 0 0 0 0 0 4;
	mso-font-charset:0;
	mso-generic-font-family:auto;
	mso-font-pitch:variable;
	mso-font-signature:-2147475449 0 0 0 65 0;}
 /* Style Definitions */
 p.MsoNormal, li.MsoNormal, div.MsoNormal
	{mso-style-parent:"""";
	margin:0in;
	margin-bottom:.0001pt;
	text-align:justify;
	text-justify:kashida;
	text-kashida:0%;
	mso-pagination:widow-orphan;
	direction:rtl;
	unicode-bidi:embed;
	font-size:12.0pt;
	mso-bidi-font-size:10.0pt;
	font-family:Tahoma;
	mso-fareast-font-family:SimSun;}
@page Section1
	{size:8.5in 11.0in;
	margin:1.0in 1.25in 1.0in 1.25in;
	mso-header-margin:.5in;
	mso-footer-margin:.5in;
	mso-paper-source:0;}
div.Section1
	{page:Section1;}
-->
</style><!--[if gte mso 10]>
<style>
 /* Style Definitions */
 table.MsoNormalTable
	{mso-style-name:""Table Normal"";
	mso-tstyle-rowband-size:0;
	mso-tstyle-colband-size:0;
	mso-style-noshow:yes;
	mso-style-parent:"""";
	mso-padding-alt:0in 5.4pt 0in 5.4pt;
	mso-para-margin:0in;
	mso-para-margin-bottom:.0001pt;
	mso-pagination:widow-orphan;
	font-size:10.0pt;
	font-family:""Times New Roman"";
	mso-ansi-language:#0400;
	mso-fareast-language:#0400;
	mso-bidi-language:#0400;}
</style>
<![endif]-->

</p><p class=""MsoNormal"" dir=""rtl""><span style=""font-family: &quot;Jameel Noori Nastaleeq&quot;;"" lang=""AR-SA"">فتوی: 1402=1103/ھ</span></p><p class=""MsoNormal"" dir=""rtl""><span style=""font-family: &quot;Jameel Noori Nastaleeq&quot;;"" lang=""AR-SA""><o:p>&nbsp;</o:p></span></p><p class=""MsoNormal"" dir=""rtl""><span style=""font-family: &quot;Jameel Noori Nastaleeq&quot;;"" lang=""AR-SA"">(</span><span style=""font-family: &quot;Jameel Noori Nastaleeq&quot;;"" lang=""FA"">۱) </span><span style=""font-family: &quot;Jameel Noori Nastaleeq&quot;;"" lang=""AR-SA"">مراد
فاسق معلن ہے اور نماز علی الاشتہار چھوڑنے والا، داڑھی منڈوانے والا کھلے عام
موسیقی سننے والا بھی اس (فاسق معلن) کا مصداق ہے۔ وغیرہ سے کیا مراد ہے؟ </span></p><p class=""MsoNormal"" dir=""rtl""><span style=""font-family: &quot;Jameel Noori Nastaleeq&quot;;"" lang=""AR-SA"">(</span><span style=""font-family: &quot;Jameel Noori Nastaleeq&quot;;"" lang=""FA"">۲) </span><span style=""font-family: &quot;Jameel Noori Nastaleeq&quot;;"" lang=""AR-SA"">دفعاً
للفتنہ یا اس نیت سے کہ سلام کی وجہ سے یہ شخص مائل ہوکر نصیحت کو قبول کرے گا
یعنی بعد سلام مناسب موقعہ سے نصیحت کی گئی تو اصلاح کی توقع ہے، تو سلام کرنے کی
گنجائش ہے۔ </span></p><p></p><br><span style=""font-size:1.2em"">
								<p><strong>واللہ تعالیٰ اعلم</strong></p>
								<br class=""clear"">
								<p><strong>دارالافتاء،</strong><br>دارالعلوم دیوبند</p>
							</span>",13909,deoband,عقائد و  ایمانیات,حدیث و سنت
01-Sep-2020,https://darulifta-deoband.com/home/ur/hadith-sunnah/13890,مسند احمد میں ایک حدیث مبارک ہے کہ حضرت محمد صلی اللہ علیہ وسلم نے فرمایا کہ جب اللہ تعالی نے زمین کو پیدا کیا وہ ہلنے لگی، پروردگار نے پہاڑوں کو پیدا کرکے زمین پر گاڑ دیا جس سے وہ ٹھہر گئی، فرشتوں کو اس سے سخت تر تعجب ہوا او رپوچھنے لگے کہ خدایا تیری مخلوق میں ان پہاڑوں سے بھی زیادہ سخت چیز کوئی اور ہے؟ اللہ تعالی نے فرمایا ہاں لوہا، پوچھا اس سے بھی زیادہ سخت؟ فرمایا آگ، پوچھا اس سے بھی زیادہ سخت؟ فرمایا ہاں پانی، پوچھا اس سے بھی زیادہ سخت؟ فرمایا ہوا، پوچھا پروردگار کیا تیری مخلوق میں اس سے بھی بھاری کوئی چیز ہے؟ فرمایا ہاں ابن آدم ہے کہ اپنے دائیں ہاتھ سے جو خرچ کرتا ہے اس کی خبر بائیں ہاتھ کو بھی نہیں ہوتی اس آخری بات کی جو ابن آدم سے متعلق اللہ نے فرمائی اس کی وضاحت کردیں۔ کیا اللہ نے ابن آدم کی اچھائی بتائی یا پھر برائی؟ یہ حدیث میں نے تفسیر ابن کثیر پارہ نمبر ۳۰ میں سورہ نازعات کی تفسیر میں پڑھی۔,مسند احمد میں ایک حدیث مبارک ہے کہ حضرت محمد صلی اللہ علیہ وسلم نے فرمایا کہ جب اللہ تعالی نے زمین کو پیدا کیا وہ ہلنے لگی، پروردگار نے پہاڑوں کو پیدا کرکے زمین پر گاڑ دیا جس سے وہ ٹھہر گئی، فرشتوں کو اس سے سخت تر تعجب ہوا او رپوچھنے لگے کہ خدایا تیری مخلوق میں ان پہاڑوں سے بھی زیادہ سخت چیز کوئی اور ہے؟ اللہ تعالی نے فرمایا ہاں لوہا، پوچھا اس سے بھی زیادہ سخت؟ فرمایا آگ، پوچھا اس سے بھی زیادہ سخت؟ فرمایا ہاں پانی، پوچھا اس سے بھی زیادہ سخت؟ فرمایا ہوا، پوچھا پروردگار کیا تیری مخلوق میں اس سے بھی بھاری کوئی چیز ہے؟ فرمایا ہاں ابن آدم ہے کہ اپنے دائیں ہاتھ سے جو خرچ کرتا ہے اس کی خبر بائیں ہاتھ کو بھی نہیں ہوتی اس آخری بات کی جو ابن آدم سے متعلق اللہ نے فرمائی اس کی وضاحت کردیں۔ کیا اللہ نے ابن آدم کی اچھائی بتائی یا پھر برائی؟ یہ حدیث میں نے تفسیر ابن کثیر پارہ نمبر ۳۰ میں سورہ نازعات کی تفسیر میں پڑھی۔,"<p>بسم الله الرحمن الرحيم</p><p> <meta http-equiv=""Content-Type"" content=""text/html; charset=utf-8""><meta name=""ProgId"" content=""Word.Document""><meta name=""Generator"" content=""Microsoft Word 11""><meta name=""Originator"" content=""Microsoft Word 11""><link rel=""File-List"" href=""file:///G:\DOCUME~1\XPPRESP3\LOCALS~1\Temp\msohtml1\01\clip_filelist.xml""><!--[if gte mso 9]><xml>
 <w:WordDocument>
  <w:View>Normal</w:View>
  <w:Zoom>0</w:Zoom>
  <w:PunctuationKerning/>
  <w:ValidateAgainstSchemas/>
  <w:SaveIfXMLInvalid>false</w:SaveIfXMLInvalid>
  <w:IgnoreMixedContent>false</w:IgnoreMixedContent>
  <w:AlwaysShowPlaceholderText>false</w:AlwaysShowPlaceholderText>
  <w:Compatibility>
   <w:BreakWrappedTables/>
   <w:SnapToGridInCell/>
   <w:WrapTextWithPunct/>
   <w:UseAsianBreakRules/>
   <w:DontGrowAutofit/>
  </w:Compatibility>
  <w:BrowserLevel>MicrosoftInternetExplorer4</w:BrowserLevel>
 </w:WordDocument>
</xml><![endif]--><!--[if gte mso 9]><xml>
 <w:LatentStyles DefLockedState=""false"" LatentStyleCount=""156"">
 </w:LatentStyles>
</xml><![endif]--><style>
<!--
 /* Font Definitions */
 @font-face
	{font-family:SimSun;
	panose-1:2 1 6 0 3 1 1 1 1 1;
	mso-font-alt:&#23435;&#20307;;
	mso-font-charset:134;
	mso-generic-font-family:auto;
	mso-font-format:other;
	mso-font-pitch:variable;
	mso-font-signature:1 135135232 16 0 262144 0;}
@font-face
	{font-family:Tahoma;
	panose-1:2 11 6 4 3 5 4 4 2 4;
	mso-font-charset:0;
	mso-generic-font-family:swiss;
	mso-font-pitch:variable;
	mso-font-signature:1627421319 -2147483648 8 0 66047 0;}
@font-face
	{font-family:""Jameel Noori Nastaleeq"";
	panose-1:2 0 5 3 0 0 0 0 0 4;
	mso-font-charset:0;
	mso-generic-font-family:auto;
	mso-font-pitch:variable;
	mso-font-signature:-2147475449 0 0 0 65 0;}
@font-face
	{font-family:""\@SimSun"";
	panose-1:0 0 0 0 0 0 0 0 0 0;
	mso-font-charset:134;
	mso-generic-font-family:auto;
	mso-font-format:other;
	mso-font-pitch:variable;
	mso-font-signature:1 135135232 16 0 262144 0;}
 /* Style Definitions */
 p.MsoNormal, li.MsoNormal, div.MsoNormal
	{mso-style-parent:"""";
	margin:0in;
	margin-bottom:.0001pt;
	text-align:justify;
	text-justify:kashida;
	text-kashida:0%;
	mso-pagination:widow-orphan;
	direction:rtl;
	unicode-bidi:embed;
	font-size:12.0pt;
	mso-bidi-font-size:10.0pt;
	font-family:Tahoma;
	mso-fareast-font-family:SimSun;}
p.MsoPlainText, li.MsoPlainText, div.MsoPlainText
	{margin:0in;
	margin-bottom:.0001pt;
	text-align:right;
	mso-pagination:widow-orphan;
	direction:rtl;
	unicode-bidi:embed;
	font-size:10.0pt;
	font-family:""Courier New"";
	mso-fareast-font-family:""Times New Roman"";}
@page Section1
	{size:8.5in 11.0in;
	margin:1.0in 1.25in 1.0in 1.25in;
	mso-header-margin:.5in;
	mso-footer-margin:.5in;
	mso-paper-source:0;}
div.Section1
	{page:Section1;}
-->
</style><!--[if gte mso 10]>
<style>
 /* Style Definitions */
 table.MsoNormalTable
	{mso-style-name:""Table Normal"";
	mso-tstyle-rowband-size:0;
	mso-tstyle-colband-size:0;
	mso-style-noshow:yes;
	mso-style-parent:"""";
	mso-padding-alt:0in 5.4pt 0in 5.4pt;
	mso-para-margin:0in;
	mso-para-margin-bottom:.0001pt;
	mso-pagination:widow-orphan;
	font-size:10.0pt;
	font-family:""Times New Roman"";
	mso-ansi-language:#0400;
	mso-fareast-language:#0400;
	mso-bidi-language:#0400;}
</style>
<![endif]-->

</p><p class=""MsoPlainText"" dir=""rtl"" style=""text-align: justify;""><span style=""font-size: 12pt; font-family: &quot;Jameel Noori Nastaleeq&quot;;"" lang=""AR-SA"">فتوی: 1156=1100/ب</span></p><p class=""MsoPlainText"" dir=""rtl"" style=""text-align: justify;""><span style=""font-size: 12pt; font-family: &quot;Jameel Noori Nastaleeq&quot;;"" lang=""AR-SA""><o:p>&nbsp;</o:p></span></p><p class=""MsoPlainText"" dir=""rtl"" style=""text-align: justify;""><span style=""font-size: 12pt; font-family: &quot;Jameel Noori Nastaleeq&quot;;"" lang=""AR-SA"">یہ حدیث سورہٴ
نازعات کی تفسیر میں موجود ہے، سند حدیث یہ ہے: </span><span style=""font-family: Tahoma;"" lang=""AR-SA"">قال الإمام أحمد حدثنا یزید بن ھارون قال أخبرنا
العوام بن حوشب عن سلیمان بن أبي سلیمان عن أنس بن مالک عن النبي صلی اللہ علیہ
وسلم قال لما خلق اللہ الأرض الخ</span><span style=""font-family: &quot;Jameel Noori Nastaleeq&quot;;"" lang=""AR-SA"">
</span><span style=""font-size: 12pt; font-family: &quot;Jameel Noori Nastaleeq&quot;;"" lang=""AR-SA"">رویات
کے آخری ٹکڑے کا مطلب یہ ہے کہ صدقہ کا مکمل ریا ونمود سے خالی ہونا بہت ہی اہم
وخاص چیز ہے، عام طور سے صدقہ کرنے کے بعد ریاکاری، اپنے کو اونچا سمجھنا، لینے
والے کو اپنا تابع بنائے رکھنا یہ سب باتیں پیدا ہوجاتی ہیں، ان چیزوں سے سینے کا
خالی ہونا بہت ہی مشکل کام ہے، اس کے بعد بھی کوئی خاص شخص اپنے سینے کو ان سب چیزوں
سے خالی رکھتا ہے، تو یہ بہت خاص چیز ہے۔ </span></p><p></p><br><span style=""font-size:1.2em"">
								<p><strong>واللہ تعالیٰ اعلم</strong></p>
								<br class=""clear"">
								<p><strong>دارالافتاء،</strong><br>دارالعلوم دیوبند</p>
							</span>",13890,deoband,عقائد و  ایمانیات,حدیث و سنت
01-Sep-2020,https://darulifta-deoband.com/home/ur/hadith-sunnah/13770,مفتی صاحب حدیث میں جو خیر القرون قرنی کہا ہے اس میں قرن سے کتنے سال مراد ہیں؟,مفتی صاحب حدیث میں جو خیر القرون قرنی کہا ہے اس میں قرن سے کتنے سال مراد ہیں؟,"<p>بسم الله الرحمن الرحيم</p><p> <meta http-equiv=""Content-Type"" content=""text/html; charset=utf-8""><meta name=""ProgId"" content=""Word.Document""><meta name=""Generator"" content=""Microsoft Word 11""><meta name=""Originator"" content=""Microsoft Word 11""><link rel=""File-List"" href=""file:///G:\DOCUME~1\ADMINI~1\LOCALS~1\Temp\msohtml1\01\clip_filelist.xml""><!--[if gte mso 9]><xml>
 <w:WordDocument>
  <w:View>Normal</w:View>
  <w:Zoom>0</w:Zoom>
  <w:PunctuationKerning/>
  <w:ValidateAgainstSchemas/>
  <w:SaveIfXMLInvalid>false</w:SaveIfXMLInvalid>
  <w:IgnoreMixedContent>false</w:IgnoreMixedContent>
  <w:AlwaysShowPlaceholderText>false</w:AlwaysShowPlaceholderText>
  <w:Compatibility>
   <w:BreakWrappedTables/>
   <w:SnapToGridInCell/>
   <w:WrapTextWithPunct/>
   <w:UseAsianBreakRules/>
   <w:DontGrowAutofit/>
  </w:Compatibility>
  <w:BrowserLevel>MicrosoftInternetExplorer4</w:BrowserLevel>
 </w:WordDocument>
</xml><![endif]--><!--[if gte mso 9]><xml>
 <w:LatentStyles DefLockedState=""false"" LatentStyleCount=""156"">
 </w:LatentStyles>
</xml><![endif]--><style>
<!--
 /* Font Definitions */
 @font-face
	{font-family:SimSun;
	panose-1:2 1 6 0 3 1 1 1 1 1;
	mso-font-alt:&#23435;&#20307;;
	mso-font-charset:134;
	mso-generic-font-family:auto;
	mso-font-pitch:variable;
	mso-font-signature:3 135135232 16 0 262145 0;}
@font-face
	{font-family:Tahoma;
	panose-1:2 11 6 4 3 5 4 4 2 4;
	mso-font-charset:0;
	mso-generic-font-family:swiss;
	mso-font-pitch:variable;
	mso-font-signature:1627421319 -2147483648 8 0 66047 0;}
@font-face
	{font-family:""Jameel Noori Nastaleeq"";
	panose-1:2 0 5 3 0 0 0 0 0 4;
	mso-font-charset:0;
	mso-generic-font-family:auto;
	mso-font-pitch:variable;
	mso-font-signature:-2147475449 0 0 0 65 0;}
@font-face
	{font-family:""\@SimSun"";
	panose-1:2 1 6 0 3 1 1 1 1 1;
	mso-font-charset:134;
	mso-generic-font-family:auto;
	mso-font-pitch:variable;
	mso-font-signature:3 135135232 16 0 262145 0;}
 /* Style Definitions */
 p.MsoNormal, li.MsoNormal, div.MsoNormal
	{mso-style-parent:"""";
	margin:0cm;
	margin-bottom:.0001pt;
	text-align:justify;
	text-justify:kashida;
	text-kashida:0%;
	mso-pagination:widow-orphan;
	direction:rtl;
	unicode-bidi:embed;
	font-size:12.0pt;
	mso-bidi-font-size:10.0pt;
	font-family:Tahoma;
	mso-fareast-font-family:SimSun;}
@page Section1
	{size:612.0pt 792.0pt;
	margin:72.0pt 90.0pt 72.0pt 90.0pt;
	mso-header-margin:36.0pt;
	mso-footer-margin:36.0pt;
	mso-paper-source:0;}
div.Section1
	{page:Section1;}
-->
</style><!--[if gte mso 10]>
<style>
 /* Style Definitions */
 table.MsoNormalTable
	{mso-style-name:""Table Normal"";
	mso-tstyle-rowband-size:0;
	mso-tstyle-colband-size:0;
	mso-style-noshow:yes;
	mso-style-parent:"""";
	mso-padding-alt:0cm 5.4pt 0cm 5.4pt;
	mso-para-margin:0cm;
	mso-para-margin-bottom:.0001pt;
	mso-pagination:widow-orphan;
	font-size:10.0pt;
	font-family:""Times New Roman"";
	mso-ansi-language:#0400;
	mso-fareast-language:#0400;
	mso-bidi-language:#0400;}
</style>
<![endif]-->

</p><p class=""MsoNormal"" dir=""rtl""><span style=""font-family: &quot;Jameel Noori Nastaleeq&quot;;"" lang=""AR-SA"">فتوی: 1351=1062/ھ</span></p><p class=""MsoNormal"" dir=""rtl""><span style=""font-family: &quot;Jameel Noori Nastaleeq&quot;;"" lang=""AR-SA""><o:p>&nbsp;</o:p></span></p><p class=""MsoNormal"" dir=""rtl""><span style=""font-family: &quot;Jameel Noori Nastaleeq&quot;;"" lang=""AR-SA"">حضرت سید الاولین والآخرین احمد مجتبیٰ
محمد مصطفی صلی اللہ علیہ وسلم کی ولادت باسعادت سے لے کر دنیا سے پردہ فرمانے تک
کا کل زمانہ مراد ہے۔ </span></p><p></p><br><span style=""font-size:1.2em"">
								<p><strong>واللہ تعالیٰ اعلم</strong></p>
								<br class=""clear"">
								<p><strong>دارالافتاء،</strong><br>دارالعلوم دیوبند</p>
							</span>",13770,deoband,عقائد و  ایمانیات,حدیث و سنت
