issued_at,link,title,question_html,answer_html,fatwa_number,dar_ul_ifta,category_lvl_1,category_lvl_2,html_container
2018-02-19,https://almuftionline.com/2018/02/19/1871/,نماز میں رونے یا مسکرانے کا حکم,,"<h4 class=""has-text-align-center"">اَلجَوَابْ بِاسْمِ مُلْہِمِ الصَّوَابْ

</h4><h6 class=""has-text-align-right"">حوالہ جات</h6><div style=""direction: rtl;font-family: Amiri;
    
     font-size: 13px; font-weight: 400;"">قال العلامۃ ابن عابدین رحمہ اللہ تعالی: "" قوله: (والبكا): بالقصر: خروج الدمع، وبالمد: صوت معه كما في الصحاح؛ فقوله بصوت للتقييد على الأول، وللتوضيح على الثاني، إسماعيل. قوله: (يحصل به حروف): كذا في الفتح والنهاية والسراج. قال في النهر: أما خروج الدمع بلا صوت أو صوت لا حرف معه فغير مفسد. قوله: (إلا لمريض إلخ): قال في المعراج: ثم إن كان الأنين مع وجع مما يمكن الامتناع عنه، فعن أبي يوسف يقطع الصلاة، وإن كان مما لا يمكن لا يقطع. وعن محمد: إن كان المرض خفيفا يقطع وإلا فلا؛ لأنه لايمكنه القعود إلا بالأنين، كذا ذكره المحبوبي. اهـ. قوله: (وإن حصل حروف): أي لهذه المذكورات كلها كما في المعراج، لكن ينبغي تقييده بما إذا لم يتكلف إخراج حروف زائدة على ما تقتضيه طبيعة العاطس ونحوه، كما لو قال في تثاؤبه هاه هاه مكررا لها؛ فإنه منهي عنه بالحديث، تأمل. وأفاد أنه لو لم يحصل حروف لا تفسد مطلقا، كما لو سعل وظهر منه صوت من نفس يخرج من الأنف بلا حروف. قوله: (لا لذكر جنة أو نار): لأن الأنين ونحوه إذا كان يذكرهما صار كأنه قال: اللهم إني أسألك الجنة، وأعوذ بك من النار. ولو صرح به لاتفسد صلاته، وإن كان من وجع أو مصيبة صار كأنه يقول أنا مصاب فعزوني، ولو صرح به تفسد، كذا في الكافي"".  (رد المحتار: ج 1، ص 619-620،سعيد)

قال العلامة الشرنبلالی رحمه اللہ تعالی: وعن التبسم، وهو ما لم يكن مسموعا له، فانه لا حكم له, ولو بدت منه اسنانه ... الضحك، وهو ما يكون 
</div><h6 class=""has-text-align-center"">
واللہ سبحانہ وتعالی اعلم
</h6><figure class=""wp-block-table""><table><tbody><tr><td><h3>مجیب</h3></td><td>متخصص</td><td><h3>مفتیان</h3></td><td> فیصل احمد صاحب / شہبازعلی صاحب</td></tr></tbody></table></figure>",62384,jameya-tur-rasheed,نماز کا بیان,نماز کےمفسدات و مکروھات کا بیان,"<div class=""pagelayer-col-holder""><div class=""p-kgd1425 pagelayer-post_excerpt"" pagelayer-id=""kgd1425"">
<style pagelayer-style-id=""kgd1425"">.p-kgd1425 .pagelayer-post-excerpt{color:#adb5bd;font-family: ; font-size: 15px !important; font-style: Italic !important; font-weight: 500 !important; font-variant:  !important; text-decoration-line:  !important; text-decoration-style:  !important; line-height: 1.5em !important; text-transform:  !important; letter-spacing: px !important; word-spacing: px !important;margin-top:0px; margin-right:0px; margin-bottom:0px; margin-left:0px}
.p-kgd1425{text-align: left;margin-top: 0px; margin-right: 0px; margin-bottom: 0px; margin-left: 0px;padding-top: 0px; padding-right: 0px; padding-bottom: 0px; padding-left: 0px}
</style></div><div class=""p-4wb1030 pagelayer-featured_img"" pagelayer-id=""4wb1030"">
<style pagelayer-style-id=""4wb1030"">.p-4wb1030{text-align: center}
.p-4wb1030 img{filter: blur(0px) brightness(100%) contrast(100%) grayscale(0%) hue-rotate(0deg) opacity(100%) saturate(100%);box-shadow: 0px 24px 36px 0px rgba(0,0,0,0.10)  !important;-webkit-transition: all 400ms; transition: all 400ms}
.p-4wb1030 .pagelayer-featured-caption{color: #0986c0}
</style>
<div class=""pagelayer-featured-img""></div>
</div><div class=""p-f8n3612 pagelayer-inner_row pagelayer-row-stretch-auto pagelayer-height-default"" pagelayer-id=""f8n3612"">
<style pagelayer-style-id=""f8n3612"">.p-f8n3612 .pagelayer-col-holder{padding: 10px}
.p-f8n3612 > .pagelayer-background-overlay{-webkit-transition: all 400ms !important; transition: all 400ms !important}
.p-f8n3612 .pagelayer-svg-top .pagelayer-shape-fill{fill:#227bc3}
.p-f8n3612 .pagelayer-row-svg .pagelayer-svg-top{width:100%;height:100px}
.p-f8n3612 .pagelayer-svg-bottom .pagelayer-shape-fill{fill:#e44993}
.p-f8n3612 .pagelayer-row-svg .pagelayer-svg-bottom{width:100%;height:100px}
</style>
<div class=""pagelayer-row-holder pagelayer-row pagelayer-auto pagelayer-width-auto""><div class=""p-i795860 pagelayer-col pagelayer-col-4"" pagelayer-id=""i795860"">
<style pagelayer-style-id=""i795860"">.p-i795860{align-content: center !important}
.p-i795860 .pagelayer-col-holder > div:not(:last-child){margin-bottom: 15px}
.p-i795860 > .pagelayer-background-overlay{-webkit-transition: all 400ms !important; transition: all 400ms !important}
</style>
<div class=""pagelayer-col-holder""><div class=""p-qip3968 pagelayer-post_info"" pagelayer-id=""qip3968"">
<style pagelayer-style-id=""qip3968"">.p-qip3968 .pagelayer-post-info-vertical .pagelayer-post-info-list-container{margin-right:25px}
.p-qip3968 .pagelayer-post-info-horizontal .pagelayer-post-info-list-container{margin-bottom:25px}
.p-qip3968 .pagelayer-post-info-container{text-align:right}
.p-qip3968 .pagelayer-post-info-icon span{font-size:120%;color:#495057}
.p-qip3968 .pagelayer-post-info-list-container a{font-family: Roboto !important; font-size: 14px !important; font-style:  !important; font-weight: 500 !important; font-variant:  !important; text-decoration-line:  !important; text-decoration-style:  !important; line-height: 1.6em !important; text-transform:  !important; letter-spacing: px !important; word-spacing: px !important}
.p-qip3968 .pagelayer-post-info-label{color:#495057}
.p-qip3968 .pagelayer-post-info-label a{color:#495057}
.p-qip3968 .pagelayer-post-info-label:hover{color:#000000}
.p-qip3968 .pagelayer-post-info-label:hover a{color:#000000}
</style><div class=""pagelayer-post-info-container pagelayer-post-info-vertical""><div class=""p-xj43574 pagelayer-post_info_list"" pagelayer-id=""xj43574"">
<div class=""pagelayer-post-info-list-container"">
<a class=""pagelayer-post-info-list-link"" href=""https://almuftionline.com/2018/02/19/"">
<span class=""pagelayer-post-info-icon"">
<span class=""far fa-clock""></span>
</span>
<span class=""pagelayer-post-info-label pagelayer-date"">فروری 19, 2018</span>
</a>
</div></div></div></div></div></div><div class=""p-t2j1983 pagelayer-col pagelayer-col-7"" pagelayer-id=""t2j1983"">
<style pagelayer-style-id=""t2j1983"">.p-t2j1983{align-content: center !important}
.p-t2j1983 .pagelayer-col-holder > div:not(:last-child){margin-bottom: 15px}
.p-t2j1983 > .pagelayer-background-overlay{-webkit-transition: all 400ms !important; transition: all 400ms !important}
</style>
<div class=""pagelayer-col-holder""><div class=""p-dbq3916 pagelayer-post_info"" pagelayer-id=""dbq3916"">
<style pagelayer-style-id=""dbq3916"">.p-dbq3916 .pagelayer-post-info-container{text-align:right}
.p-dbq3916 .pagelayer-post-info-icon span{font-size:120%;color:#495057}
.p-dbq3916 .pagelayer-post-info-list-container a{font-family: Roboto !important; font-size: 14px !important; font-style:  !important; font-weight: 500 !important; font-variant:  !important; text-decoration-line:  !important; text-decoration-style:  !important; line-height: 1.6em !important; text-transform:  !important; letter-spacing: px !important; word-spacing: px !important}
.p-dbq3916 .pagelayer-post-info-label{color:#0072ff}
.p-dbq3916 .pagelayer-post-info-label a{color:#0072ff}
.p-dbq3916 .pagelayer-terms *{color:#f8952c !important;padding-top:5px; padding-right:10px; padding-bottom:5px; padding-left:10px;margin-top:0px; margin-right:5px; margin-bottom:0px; margin-left:5px;border-radius: 4px 4px 4px 4px; -webkit-border-radius:  4px 4px 4px 4px;-moz-border-radius: 4px 4px 4px 4px}
.p-dbq3916{padding-top: 0px; padding-right: 0px; padding-bottom: 0px; padding-left: 0px}
@media (max-width: 768px) and (min-width: 501px){.p-dbq3916 .pagelayer-post-info-container{text-align:left}
}
@media (max-width: 500px){.p-dbq3916 .pagelayer-post-info-container{text-align:left}
}
</style><div class=""pagelayer-post-info-container pagelayer-post-info-vertical""><div class=""p-wpv7212 pagelayer-post_info_list"" pagelayer-id=""wpv7212"">
<div class=""pagelayer-post-info-list-container"">
<span class=""pagelayer-post-info-icon"">
</span>
<span class=""pagelayer-post-info-label pagelayer-terms""> <a href=""https://almuftionline.com/category/fatwa/13/""> نماز کا بیان </a></span>
</div></div></div></div></div></div></div></div><div class=""p-trw3096 pagelayer-inner_row pagelayer-row-stretch-auto pagelayer-height-default"" pagelayer-id=""trw3096"">
<style pagelayer-style-id=""trw3096"">.p-trw3096 .pagelayer-col-holder{padding: 10px}
.p-trw3096 > .pagelayer-background-overlay{-webkit-transition: all 400ms !important; transition: all 400ms !important}
.p-trw3096 .pagelayer-svg-top .pagelayer-shape-fill{fill:#227bc3}
.p-trw3096 .pagelayer-row-svg .pagelayer-svg-top{width:100%;height:100px}
.p-trw3096 .pagelayer-svg-bottom .pagelayer-shape-fill{fill:#e44993}
.p-trw3096 .pagelayer-row-svg .pagelayer-svg-bottom{width:100%;height:100px}
</style>
<div class=""pagelayer-row-holder pagelayer-row pagelayer-auto pagelayer-width-auto""><div class=""p-wwu6541 pagelayer-col pagelayer-col-2"" pagelayer-id=""wwu6541"">
<style pagelayer-style-id=""wwu6541"">.p-wwu6541{align-content: center !important}
.p-wwu6541 .pagelayer-col-holder > div:not(:last-child){margin-bottom: 15px}
.p-wwu6541 > .pagelayer-background-overlay{-webkit-transition: all 400ms !important; transition: all 400ms !important}
</style>
<div class=""pagelayer-col-holder""><div class=""p-ccj4284 pagelayer-post_content"" pagelayer-id=""ccj4284"">
<style pagelayer-style-id=""ccj4284"">.p-ccj4284{text-align: right}
</style><div class=""entry-content pagelayer-post-excerpt""><figure class=""wp-block-table""><table><tbody><tr><td>  62384</td><td>نماز کا بیان</td><td>نماز کےمفسدات و مکروھات کا بیان</td></tr></tbody></table></figure><div style=""direction:rtl;line-height: 2.5;""><h3 class=""has-text-align-center"">سوال</h3>محترم جناب مفتی صاحب،
کبھی کبھی نماز میں سورہ فاتحہ پڑھتے  وقت میرا دل بڑا غمگین ہو جاتا ہے اوراچانک سے آنسوں ٹپکنا شروع ہوجاتے ہیں اور بعض دفعہ بغیر کسی وجہ سے میں مسکرانا شروع کردیتا ہوں۔ یہ اس وقت ہوتا ہے جب میں پوری توجہ اور انکساری کے ساتھ سورہ فاتحہ کی تلاوت کروں۔ کیا یہ اچھی علامت ہے یا بری؟  اور ایسے کرنے سے نماز ادا ہوجاتی ہے؟ براہ کرم رہنمائی فرمائیں۔

<h4 class=""has-text-align-center"">اَلجَوَابْ بِاسْمِ مُلْہِمِ الصَّوَابْ

</h4>نماز میں  قرآنی آیات  پر غور وفکر کرتے وقت رونے اور مسکرانے سے تو نماز نہیں ٹوٹتی۔ البتہ اگر مسکرانے کے ساتھ آواز بھی نکل آئے تو نماز ٹوٹ جائے گی۔</div><h6 class=""has-text-align-right"">حوالہ جات</h6><div style=""direction: rtl;font-family: Amiri;
    
     font-size: 13px; font-weight: 400;"">قال العلامۃ ابن عابدین رحمہ اللہ تعالی: "" قوله: (والبكا): بالقصر: خروج الدمع، وبالمد: صوت معه كما في الصحاح؛ فقوله بصوت للتقييد على الأول، وللتوضيح على الثاني، إسماعيل. قوله: (يحصل به حروف): كذا في الفتح والنهاية والسراج. قال في النهر: أما خروج الدمع بلا صوت أو صوت لا حرف معه فغير مفسد. قوله: (إلا لمريض إلخ): قال في المعراج: ثم إن كان الأنين مع وجع مما يمكن الامتناع عنه، فعن أبي يوسف يقطع الصلاة، وإن كان مما لا يمكن لا يقطع. وعن محمد: إن كان المرض خفيفا يقطع وإلا فلا؛ لأنه لايمكنه القعود إلا بالأنين، كذا ذكره المحبوبي. اهـ. قوله: (وإن حصل حروف): أي لهذه المذكورات كلها كما في المعراج، لكن ينبغي تقييده بما إذا لم يتكلف إخراج حروف زائدة على ما تقتضيه طبيعة العاطس ونحوه، كما لو قال في تثاؤبه هاه هاه مكررا لها؛ فإنه منهي عنه بالحديث، تأمل. وأفاد أنه لو لم يحصل حروف لا تفسد مطلقا، كما لو سعل وظهر منه صوت من نفس يخرج من الأنف بلا حروف. قوله: (لا لذكر جنة أو نار): لأن الأنين ونحوه إذا كان يذكرهما صار كأنه قال: اللهم إني أسألك الجنة، وأعوذ بك من النار. ولو صرح به لاتفسد صلاته، وإن كان من وجع أو مصيبة صار كأنه يقول أنا مصاب فعزوني، ولو صرح به تفسد، كذا في الكافي"".  (رد المحتار: ج 1، ص 619-620،سعيد)

قال العلامة الشرنبلالی رحمه اللہ تعالی: وعن التبسم، وهو ما لم يكن مسموعا له، فانه لا حكم له, ولو بدت منه اسنانه ... الضحك، وهو ما يكون 
</div>..<h6 class=""has-text-align-center"">
واللہ سبحانہ وتعالی اعلم
</h6><figure class=""wp-block-table""><table><tbody><tr><td><h3>مجیب</h3></td><td>متخصص</td><td><h3>مفتیان</h3></td><td> فیصل احمد صاحب / شہبازعلی صاحب</td></tr></tbody></table></figure></div></div></div></div></div></div><div class=""p-wl6689 pagelayer-inner_row pagelayer-row-stretch-auto pagelayer-height-default"" pagelayer-id=""wl6689"">
<style pagelayer-style-id=""wl6689"">.p-wl6689 .pagelayer-col-holder{padding: 10px}
.p-wl6689 > .pagelayer-background-overlay{-webkit-transition: all 400ms !important; transition: all 400ms !important}
.p-wl6689 .pagelayer-svg-top .pagelayer-shape-fill{fill:#227bc3}
.p-wl6689 .pagelayer-row-svg .pagelayer-svg-top{width:100%;height:100px}
.p-wl6689 .pagelayer-svg-bottom .pagelayer-shape-fill{fill:#e44993}
.p-wl6689 .pagelayer-row-svg .pagelayer-svg-bottom{width:100%;height:100px}
</style>
<div class=""pagelayer-row-holder pagelayer-row pagelayer-auto pagelayer-width-auto""><div class=""p-jzl6522 pagelayer-col pagelayer-col-6"" pagelayer-id=""jzl6522"">
<style pagelayer-style-id=""jzl6522"">.p-jzl6522{align-content: center !important}
.p-jzl6522 .pagelayer-col-holder > div:not(:last-child){margin-bottom: 15px}
.p-jzl6522 > .pagelayer-background-overlay{-webkit-transition: all 400ms !important; transition: all 400ms !important}
</style>
<div class=""pagelayer-col-holder""><div class=""p-xsb5673 pagelayer-share_grp pagelayer-share-type-icon-label pagelayer-social-bg-none pagelayer-scheme-official"" pagelayer-id=""xsb5673"">
<style pagelayer-style-id=""xsb5673"">.p-xsb5673{text-align: right}
.p-xsb5673 .pagelayer-share-content{min-height: 35px;-webkit-transition: all 400ms; transition: all 400ms}
.p-xsb5673 i{font-size: 27px}
.p-xsb5673 .pagelayer-icon-holder{font-size: 27px}
.p-xsb5673 .pagelayer-share-content i{-webkit-transition: all 400ms; transition: all 400ms}
.p-xsb5673 .pagelayer-icon-name{font-family: Roboto; font-size: 15px !important; font-style:  !important; font-weight: 500 !important; font-variant:  !important; text-decoration-line:  !important; text-decoration-style:  !important; line-height: em !important; text-transform:  !important; letter-spacing: px !important; word-spacing: px !important}
@media (max-width: 768px) and (min-width: 501px){.p-xsb5673{text-align: left}
.p-xsb5673 .pagelayer-share{padding-top: 10px; padding-bottom: 10px;padding-left: 10px; padding-right: 10px}
.p-xsb5673 i{font-size: 20px}
.p-xsb5673 .pagelayer-icon-holder{font-size: 20px}
.p-xsb5673 .pagelayer-icon-name{font-family: ; font-size: 13px !important; font-style:  !important; font-weight:  !important; font-variant:  !important; text-decoration-line:  !important; text-decoration-style:  !important; line-height: em !important; text-transform:  !important; letter-spacing: px !important; word-spacing: px !important}
}
@media (max-width: 500px){.p-xsb5673{text-align: left}
.p-xsb5673 .pagelayer-share{padding-top: 10px; padding-bottom: 10px;padding-left: 10px; padding-right: 10px}
.p-xsb5673 .pagelayer-share-content{min-height: NaNpx}
.p-xsb5673 i{font-size: 20px}
.p-xsb5673 .pagelayer-icon-holder{font-size: 20px}
.p-xsb5673 .pagelayer-icon-name{font-family: ; font-size: 13px !important; font-style:  !important; font-weight:  !important; font-variant:  !important; text-decoration-line:  !important; text-decoration-style:  !important; line-height: em !important; text-transform:  !important; letter-spacing: px !important; word-spacing: px !important}
}
</style><div class=""p-9mh2934 pagelayer-share"" pagelayer-id=""9mh2934"">
<a class=""pagelayer-ele-link"" href=""https://www.facebook.com/sharer/sharer.php?u=almuftionline.com/2018/02/19/1871/"" target=""_blank"" title=""fab fa-facebook-square"">
<div class=""pagelayer-share-content pagelayer-facebook-square"" data-icon=""fab fa-facebook-square"">
<div class=""pagelayer-icon-holder pagelayer-share-buttons"">
<i class=""pagelayer-social-fa fab fa-facebook-square""></i>
</div>
<div class=""pagelayer-icon-name"">
<span class=""pagelayer-icon-name-span"">Facebook</span>
</div>
</div>
</a></div><div class=""p-rai4926 pagelayer-share"" pagelayer-id=""rai4926"">
<a class=""pagelayer-ele-link"" href=""https://twitter.com/share?url=almuftionline.com/2018/02/19/1871/"" target=""_blank"" title=""fab fa-twitter-square"">
<div class=""pagelayer-share-content pagelayer-twitter-square"" data-icon=""fab fa-twitter-square"">
<div class=""pagelayer-icon-holder pagelayer-share-buttons"">
<i class=""pagelayer-social-fa fab fa-twitter-square""></i>
</div>
<div class=""pagelayer-icon-name"">
<span class=""pagelayer-icon-name-span"">Twitter</span>
</div>
</div>
</a></div><div class=""p-ndy3728 pagelayer-share"" pagelayer-id=""ndy3728"">
<a class=""pagelayer-ele-link"" href=""whatsapp://send?text=almuftionline.com/2018/02/19/1871/"" target=""_blank"" title=""fab fa-whatsapp"">
<div class=""pagelayer-share-content pagelayer-whatsapp"" data-icon=""fab fa-whatsapp"">
<div class=""pagelayer-icon-holder pagelayer-share-buttons"">
<i class=""pagelayer-social-fa fab fa-whatsapp""></i>
</div>
<div class=""pagelayer-icon-name"">
<span class=""pagelayer-icon-name-span"">WhatsApp</span>
</div>
</div>
</a></div></div></div></div></div></div><div class=""p-zqp4850 pagelayer-inner_row pagelayer-row-stretch-auto pagelayer-height-default"" pagelayer-id=""zqp4850"">
<style pagelayer-style-id=""zqp4850"">.p-zqp4850 .pagelayer-col-holder{padding: 10px}
.p-zqp4850 > .pagelayer-background-overlay{-webkit-transition: all 400ms !important; transition: all 400ms !important}
.p-zqp4850 .pagelayer-svg-top .pagelayer-shape-fill{fill:#227bc3}
.p-zqp4850 .pagelayer-row-svg .pagelayer-svg-top{width:100%;height:100px}
.p-zqp4850 .pagelayer-svg-bottom .pagelayer-shape-fill{fill:#e44993}
.p-zqp4850 .pagelayer-row-svg .pagelayer-svg-bottom{width:100%;height:100px}
</style>
<div class=""pagelayer-row-holder pagelayer-row pagelayer-auto pagelayer-width-auto""><div class=""p-q725202 pagelayer-col pagelayer-col-2"" pagelayer-id=""q725202"">
<style pagelayer-style-id=""q725202"">.p-q725202{align-content: center !important}
.p-q725202 .pagelayer-col-holder > div:not(:last-child){margin-bottom: 15px}
.p-q725202 > .pagelayer-background-overlay{-webkit-transition: all 400ms !important; transition: all 400ms !important}
</style>
<div class=""pagelayer-col-holder""><div class=""p-55r4448 pagelayer-post_nav"" pagelayer-id=""55r4448"">
<style pagelayer-style-id=""55r4448"">.p-55r4448 .pagelayer-post-nav-link{color:#adb5bd;font-family:  !important; font-size: 15px !important; font-style:  !important; font-weight:  !important; font-variant:  !important; text-decoration-line:  !important; text-decoration-style:  !important; line-height: em !important; text-transform:  !important; letter-spacing: px !important; word-spacing: px !important}
.p-55r4448 .pagelayer-post-nav-title{color:#000000;font-family:  !important; font-size: 18px !important; font-style:  !important; font-weight: bold !important; font-variant:  !important; text-decoration-line:  !important; text-decoration-style: Solid !important; line-height: em !important; text-transform:  !important; letter-spacing: px !important; word-spacing: px !important}
.p-55r4448 .pagelayer-post-nav-icon{color:#adb5bd;font-size:30px}
.p-55r4448 .pagelayer-post-nav-separator{display:none}
@media (max-width: 768px) and (min-width: 501px){.p-55r4448 .pagelayer-post-nav-link{font-family:  !important; font-size: 12px !important; font-style:  !important; font-weight:  !important; font-variant:  !important; text-decoration-line:  !important; text-decoration-style: Solid !important; line-height: em !important; text-transform:  !important; letter-spacing: px !important; word-spacing: px !important}
.p-55r4448 .pagelayer-post-nav-title{font-family:  !important; font-size: 15px !important; font-style:  !important; font-weight:  !important; font-variant:  !important; text-decoration-line:  !important; text-decoration-style: Solid !important; line-height: em !important; text-transform:  !important; letter-spacing: px !important; word-spacing: px !important}
}
@media (max-width: 500px){.p-55r4448 .pagelayer-post-nav-link{font-family:  !important; font-size: 12px !important; font-style:  !important; font-weight:  !important; font-variant:  !important; text-decoration-line:  !important; text-decoration-style: Solid !important; line-height: em !important; text-transform:  !important; letter-spacing: px !important; word-spacing: px !important}
.p-55r4448 .pagelayer-post-nav-title{font-family:  !important; font-size: 12px !important; font-style:  !important; font-weight:  !important; font-variant:  !important; text-decoration-line:  !important; text-decoration-style: Solid !important; line-height: em !important; text-transform:  !important; letter-spacing: px !important; word-spacing: px !important}
}
</style><div class=""pagelayer-post-nav-container"">
<div class=""pagelayer-prev-post"">
<a href=""https://almuftionline.com/2018/02/19/1762/"" rel=""prev""><span class=""pagelayer-post-nav-icon fa fa-chevron-left""></span>
<span class=""pagelayer-next-holder"">
<span class=""pagelayer-post-nav-link""> Previous</span><span class=""pagelayer-post-nav-title"">ڈیجیٹل تصویر کا حکم</span>
</span></a>
</div>
<div class=""pagelayer-post-nav-separator""></div>
<div class=""pagelayer-next-post"">
<a href=""https://almuftionline.com/2018/02/19/1872/"" rel=""next""><span class=""pagelayer-next-holder"">
<span class=""pagelayer-post-nav-link""> Next</span><span class=""pagelayer-post-nav-title"">تحیۃ الوضوء پڑھنے کا وقت</span>
</span>
<span class=""pagelayer-post-nav-icon fa fa-chevron-right""></span></a>
</div>
</div></div></div></div></div></div></div>"
2018-02-19,https://almuftionline.com/2018/02/19/1762/,ڈیجیٹل تصویر کا حکم,,"<h4 class=""has-text-align-center"">اَلجَوَابْ بِاسْمِ مُلْہِمِ الصَّوَابْ

</h4><h6 class=""has-text-align-right"">حوالہ جات</h6><div style=""direction: rtl;font-family: Amiri;
    
     font-size: 13px; font-weight: 400;"">واللہ سبحانہ و تعالی أعلم
</div><h6 class=""has-text-align-center"">
واللہ سبحانہ وتعالی اعلم
</h6><figure class=""wp-block-table""><table><tbody><tr><td><h3>مجیب</h3></td><td>متخصص</td><td><h3>مفتیان</h3></td><td> فیصل احمد صاحب / شہبازعلی صاحب</td></tr></tbody></table></figure>",62208.1,jameya-tur-rasheed,جائز و ناجائزامور کا بیان,کھیل،گانے اور تصویر کےاحکام,"<div class=""pagelayer-col-holder""><div class=""p-kgd1425 pagelayer-post_excerpt"" pagelayer-id=""kgd1425"">
<style pagelayer-style-id=""kgd1425"">.p-kgd1425 .pagelayer-post-excerpt{color:#adb5bd;font-family: ; font-size: 15px !important; font-style: Italic !important; font-weight: 500 !important; font-variant:  !important; text-decoration-line:  !important; text-decoration-style:  !important; line-height: 1.5em !important; text-transform:  !important; letter-spacing: px !important; word-spacing: px !important;margin-top:0px; margin-right:0px; margin-bottom:0px; margin-left:0px}
.p-kgd1425{text-align: left;margin-top: 0px; margin-right: 0px; margin-bottom: 0px; margin-left: 0px;padding-top: 0px; padding-right: 0px; padding-bottom: 0px; padding-left: 0px}
</style></div><div class=""p-4wb1030 pagelayer-featured_img"" pagelayer-id=""4wb1030"">
<style pagelayer-style-id=""4wb1030"">.p-4wb1030{text-align: center}
.p-4wb1030 img{filter: blur(0px) brightness(100%) contrast(100%) grayscale(0%) hue-rotate(0deg) opacity(100%) saturate(100%);box-shadow: 0px 24px 36px 0px rgba(0,0,0,0.10)  !important;-webkit-transition: all 400ms; transition: all 400ms}
.p-4wb1030 .pagelayer-featured-caption{color: #0986c0}
</style>
<div class=""pagelayer-featured-img""></div>
</div><div class=""p-f8n3612 pagelayer-inner_row pagelayer-row-stretch-auto pagelayer-height-default"" pagelayer-id=""f8n3612"">
<style pagelayer-style-id=""f8n3612"">.p-f8n3612 .pagelayer-col-holder{padding: 10px}
.p-f8n3612 > .pagelayer-background-overlay{-webkit-transition: all 400ms !important; transition: all 400ms !important}
.p-f8n3612 .pagelayer-svg-top .pagelayer-shape-fill{fill:#227bc3}
.p-f8n3612 .pagelayer-row-svg .pagelayer-svg-top{width:100%;height:100px}
.p-f8n3612 .pagelayer-svg-bottom .pagelayer-shape-fill{fill:#e44993}
.p-f8n3612 .pagelayer-row-svg .pagelayer-svg-bottom{width:100%;height:100px}
</style>
<div class=""pagelayer-row-holder pagelayer-row pagelayer-auto pagelayer-width-auto""><div class=""p-i795860 pagelayer-col pagelayer-col-4"" pagelayer-id=""i795860"">
<style pagelayer-style-id=""i795860"">.p-i795860{align-content: center !important}
.p-i795860 .pagelayer-col-holder > div:not(:last-child){margin-bottom: 15px}
.p-i795860 > .pagelayer-background-overlay{-webkit-transition: all 400ms !important; transition: all 400ms !important}
</style>
<div class=""pagelayer-col-holder""><div class=""p-qip3968 pagelayer-post_info"" pagelayer-id=""qip3968"">
<style pagelayer-style-id=""qip3968"">.p-qip3968 .pagelayer-post-info-vertical .pagelayer-post-info-list-container{margin-right:25px}
.p-qip3968 .pagelayer-post-info-horizontal .pagelayer-post-info-list-container{margin-bottom:25px}
.p-qip3968 .pagelayer-post-info-container{text-align:right}
.p-qip3968 .pagelayer-post-info-icon span{font-size:120%;color:#495057}
.p-qip3968 .pagelayer-post-info-list-container a{font-family: Roboto !important; font-size: 14px !important; font-style:  !important; font-weight: 500 !important; font-variant:  !important; text-decoration-line:  !important; text-decoration-style:  !important; line-height: 1.6em !important; text-transform:  !important; letter-spacing: px !important; word-spacing: px !important}
.p-qip3968 .pagelayer-post-info-label{color:#495057}
.p-qip3968 .pagelayer-post-info-label a{color:#495057}
.p-qip3968 .pagelayer-post-info-label:hover{color:#000000}
.p-qip3968 .pagelayer-post-info-label:hover a{color:#000000}
</style><div class=""pagelayer-post-info-container pagelayer-post-info-vertical""><div class=""p-xj43574 pagelayer-post_info_list"" pagelayer-id=""xj43574"">
<div class=""pagelayer-post-info-list-container"">
<a class=""pagelayer-post-info-list-link"" href=""https://almuftionline.com/2018/02/19/"">
<span class=""pagelayer-post-info-icon"">
<span class=""far fa-clock""></span>
</span>
<span class=""pagelayer-post-info-label pagelayer-date"">فروری 19, 2018</span>
</a>
</div></div></div></div></div></div><div class=""p-t2j1983 pagelayer-col pagelayer-col-7"" pagelayer-id=""t2j1983"">
<style pagelayer-style-id=""t2j1983"">.p-t2j1983{align-content: center !important}
.p-t2j1983 .pagelayer-col-holder > div:not(:last-child){margin-bottom: 15px}
.p-t2j1983 > .pagelayer-background-overlay{-webkit-transition: all 400ms !important; transition: all 400ms !important}
</style>
<div class=""pagelayer-col-holder""><div class=""p-dbq3916 pagelayer-post_info"" pagelayer-id=""dbq3916"">
<style pagelayer-style-id=""dbq3916"">.p-dbq3916 .pagelayer-post-info-container{text-align:right}
.p-dbq3916 .pagelayer-post-info-icon span{font-size:120%;color:#495057}
.p-dbq3916 .pagelayer-post-info-list-container a{font-family: Roboto !important; font-size: 14px !important; font-style:  !important; font-weight: 500 !important; font-variant:  !important; text-decoration-line:  !important; text-decoration-style:  !important; line-height: 1.6em !important; text-transform:  !important; letter-spacing: px !important; word-spacing: px !important}
.p-dbq3916 .pagelayer-post-info-label{color:#0072ff}
.p-dbq3916 .pagelayer-post-info-label a{color:#0072ff}
.p-dbq3916 .pagelayer-terms *{color:#f8952c !important;padding-top:5px; padding-right:10px; padding-bottom:5px; padding-left:10px;margin-top:0px; margin-right:5px; margin-bottom:0px; margin-left:5px;border-radius: 4px 4px 4px 4px; -webkit-border-radius:  4px 4px 4px 4px;-moz-border-radius: 4px 4px 4px 4px}
.p-dbq3916{padding-top: 0px; padding-right: 0px; padding-bottom: 0px; padding-left: 0px}
@media (max-width: 768px) and (min-width: 501px){.p-dbq3916 .pagelayer-post-info-container{text-align:left}
}
@media (max-width: 500px){.p-dbq3916 .pagelayer-post-info-container{text-align:left}
}
</style><div class=""pagelayer-post-info-container pagelayer-post-info-vertical""><div class=""p-wpv7212 pagelayer-post_info_list"" pagelayer-id=""wpv7212"">
<div class=""pagelayer-post-info-list-container"">
<span class=""pagelayer-post-info-icon"">
</span>
<span class=""pagelayer-post-info-label pagelayer-terms""> <a href=""https://almuftionline.com/category/fatwa/54/""> جائز و ناجائزامور کا بیان </a></span>
</div></div></div></div></div></div></div></div><div class=""p-trw3096 pagelayer-inner_row pagelayer-row-stretch-auto pagelayer-height-default"" pagelayer-id=""trw3096"">
<style pagelayer-style-id=""trw3096"">.p-trw3096 .pagelayer-col-holder{padding: 10px}
.p-trw3096 > .pagelayer-background-overlay{-webkit-transition: all 400ms !important; transition: all 400ms !important}
.p-trw3096 .pagelayer-svg-top .pagelayer-shape-fill{fill:#227bc3}
.p-trw3096 .pagelayer-row-svg .pagelayer-svg-top{width:100%;height:100px}
.p-trw3096 .pagelayer-svg-bottom .pagelayer-shape-fill{fill:#e44993}
.p-trw3096 .pagelayer-row-svg .pagelayer-svg-bottom{width:100%;height:100px}
</style>
<div class=""pagelayer-row-holder pagelayer-row pagelayer-auto pagelayer-width-auto""><div class=""p-wwu6541 pagelayer-col pagelayer-col-2"" pagelayer-id=""wwu6541"">
<style pagelayer-style-id=""wwu6541"">.p-wwu6541{align-content: center !important}
.p-wwu6541 .pagelayer-col-holder > div:not(:last-child){margin-bottom: 15px}
.p-wwu6541 > .pagelayer-background-overlay{-webkit-transition: all 400ms !important; transition: all 400ms !important}
</style>
<div class=""pagelayer-col-holder""><div class=""p-ccj4284 pagelayer-post_content"" pagelayer-id=""ccj4284"">
<style pagelayer-style-id=""ccj4284"">.p-ccj4284{text-align: right}
</style><div class=""entry-content pagelayer-post-excerpt""><figure class=""wp-block-table""><table><tbody><tr><td>62208.1</td><td>جائز و ناجائزامور کا بیان</td><td>کھیل،گانے اور تصویر کےاحکام</td></tr></tbody></table></figure><div style=""direction:rtl;line-height: 2.5;""><h3 class=""has-text-align-center"">سوال</h3>
کیا فرماتے ہیں علماء کرام اس مسئلہ کے بارے میں کہ موبائل سےتصویر کھینچنا صحیح ہے؟ 


<h4 class=""has-text-align-center"">اَلجَوَابْ بِاسْمِ مُلْہِمِ الصَّوَابْ

</h4>ڈیجیٹل تصویر کے بارے میں علماء کرام کی تین آراء ہیں:						 
 پہلی رائےیہ ہے کہ یہ حرام تصویر کے حکم میں نہیں بلکہ سایہ یا پانی اورشیشےمیں دکھائی دینے والے  عکس کی مانندہے،لہذا جس چیز  کا عکس اور سایہ دیکھنا جائز ہے اس کی ڈیجیٹل تصویر کھینچنا بھی جائز ہے۔		               دوسری رائے یہ ہے کہ یہ  عام پرنٹ والی تصویر کی طرح ہے اورصرف ضرورت کے موقع پر جائز ہے۔ 
تیسری رائے یہ ہے کہ اگر چہ یہ اپنی حقیقت کے لحاظ سے تصویر ہی ہے،لیکن اس کے تصویر ہونے یا نہ ہونے میں علماء کرام کی آراء مختلف ہیں،اس لیے صرف شرعی ضرورت جیساکہ جہاد کی ضروریات،دین کے خلاف پروپیگنڈوں سے دفاع اور صحیح دینی معلومات کی فراہمی کی خاطر یا اس کے علاوہ کسی واقعی اور معتبر دینی یا دنیوی مصلحت کی خاطر ایسی چیزوں اور مناظر کی ڈیجیٹل تصویر اور ویڈیو  بنانے کی گنجائش ہے جن میں تصویر ہونے کے علاوہ کوئی اور حرام پہلو مثلا عریانیت،موسیقی یا غیر محرم کی تصاویر وغیرہ نہ ہوں۔
ہم اس تیسرے موقف کو راجح سمجھتےہیں،لہذا کسی معتبر اور واقعی دینی یا دنیوی ضرورت یا مصلحت کی خاطر موبائل سے تصویر یا ویڈیوبنانے کی گنجائش ہے،لیکن بلا ضرورت محض شوقیہ طور پر موبائل سے تصویر یا ویڈیو بنانا صحیح نہیں ہے۔

</div><h6 class=""has-text-align-right"">حوالہ جات</h6><div style=""direction: rtl;font-family: Amiri;
    
     font-size: 13px; font-weight: 400;"">واللہ سبحانہ و تعالی أعلم
</div>..<h6 class=""has-text-align-center"">
واللہ سبحانہ وتعالی اعلم
</h6><figure class=""wp-block-table""><table><tbody><tr><td><h3>مجیب</h3></td><td>متخصص</td><td><h3>مفتیان</h3></td><td> فیصل احمد صاحب / شہبازعلی صاحب</td></tr></tbody></table></figure></div></div></div></div></div></div><div class=""p-wl6689 pagelayer-inner_row pagelayer-row-stretch-auto pagelayer-height-default"" pagelayer-id=""wl6689"">
<style pagelayer-style-id=""wl6689"">.p-wl6689 .pagelayer-col-holder{padding: 10px}
.p-wl6689 > .pagelayer-background-overlay{-webkit-transition: all 400ms !important; transition: all 400ms !important}
.p-wl6689 .pagelayer-svg-top .pagelayer-shape-fill{fill:#227bc3}
.p-wl6689 .pagelayer-row-svg .pagelayer-svg-top{width:100%;height:100px}
.p-wl6689 .pagelayer-svg-bottom .pagelayer-shape-fill{fill:#e44993}
.p-wl6689 .pagelayer-row-svg .pagelayer-svg-bottom{width:100%;height:100px}
</style>
<div class=""pagelayer-row-holder pagelayer-row pagelayer-auto pagelayer-width-auto""><div class=""p-jzl6522 pagelayer-col pagelayer-col-6"" pagelayer-id=""jzl6522"">
<style pagelayer-style-id=""jzl6522"">.p-jzl6522{align-content: center !important}
.p-jzl6522 .pagelayer-col-holder > div:not(:last-child){margin-bottom: 15px}
.p-jzl6522 > .pagelayer-background-overlay{-webkit-transition: all 400ms !important; transition: all 400ms !important}
</style>
<div class=""pagelayer-col-holder""><div class=""p-xsb5673 pagelayer-share_grp pagelayer-share-type-icon-label pagelayer-social-bg-none pagelayer-scheme-official"" pagelayer-id=""xsb5673"">
<style pagelayer-style-id=""xsb5673"">.p-xsb5673{text-align: right}
.p-xsb5673 .pagelayer-share-content{min-height: 35px;-webkit-transition: all 400ms; transition: all 400ms}
.p-xsb5673 i{font-size: 27px}
.p-xsb5673 .pagelayer-icon-holder{font-size: 27px}
.p-xsb5673 .pagelayer-share-content i{-webkit-transition: all 400ms; transition: all 400ms}
.p-xsb5673 .pagelayer-icon-name{font-family: Roboto; font-size: 15px !important; font-style:  !important; font-weight: 500 !important; font-variant:  !important; text-decoration-line:  !important; text-decoration-style:  !important; line-height: em !important; text-transform:  !important; letter-spacing: px !important; word-spacing: px !important}
@media (max-width: 768px) and (min-width: 501px){.p-xsb5673{text-align: left}
.p-xsb5673 .pagelayer-share{padding-top: 10px; padding-bottom: 10px;padding-left: 10px; padding-right: 10px}
.p-xsb5673 i{font-size: 20px}
.p-xsb5673 .pagelayer-icon-holder{font-size: 20px}
.p-xsb5673 .pagelayer-icon-name{font-family: ; font-size: 13px !important; font-style:  !important; font-weight:  !important; font-variant:  !important; text-decoration-line:  !important; text-decoration-style:  !important; line-height: em !important; text-transform:  !important; letter-spacing: px !important; word-spacing: px !important}
}
@media (max-width: 500px){.p-xsb5673{text-align: left}
.p-xsb5673 .pagelayer-share{padding-top: 10px; padding-bottom: 10px;padding-left: 10px; padding-right: 10px}
.p-xsb5673 .pagelayer-share-content{min-height: NaNpx}
.p-xsb5673 i{font-size: 20px}
.p-xsb5673 .pagelayer-icon-holder{font-size: 20px}
.p-xsb5673 .pagelayer-icon-name{font-family: ; font-size: 13px !important; font-style:  !important; font-weight:  !important; font-variant:  !important; text-decoration-line:  !important; text-decoration-style:  !important; line-height: em !important; text-transform:  !important; letter-spacing: px !important; word-spacing: px !important}
}
</style><div class=""p-9mh2934 pagelayer-share"" pagelayer-id=""9mh2934"">
<a class=""pagelayer-ele-link"" href=""https://www.facebook.com/sharer/sharer.php?u=almuftionline.com/2018/02/19/1762/"" target=""_blank"" title=""fab fa-facebook-square"">
<div class=""pagelayer-share-content pagelayer-facebook-square"" data-icon=""fab fa-facebook-square"">
<div class=""pagelayer-icon-holder pagelayer-share-buttons"">
<i class=""pagelayer-social-fa fab fa-facebook-square""></i>
</div>
<div class=""pagelayer-icon-name"">
<span class=""pagelayer-icon-name-span"">Facebook</span>
</div>
</div>
</a></div><div class=""p-rai4926 pagelayer-share"" pagelayer-id=""rai4926"">
<a class=""pagelayer-ele-link"" href=""https://twitter.com/share?url=almuftionline.com/2018/02/19/1762/"" target=""_blank"" title=""fab fa-twitter-square"">
<div class=""pagelayer-share-content pagelayer-twitter-square"" data-icon=""fab fa-twitter-square"">
<div class=""pagelayer-icon-holder pagelayer-share-buttons"">
<i class=""pagelayer-social-fa fab fa-twitter-square""></i>
</div>
<div class=""pagelayer-icon-name"">
<span class=""pagelayer-icon-name-span"">Twitter</span>
</div>
</div>
</a></div><div class=""p-ndy3728 pagelayer-share"" pagelayer-id=""ndy3728"">
<a class=""pagelayer-ele-link"" href=""whatsapp://send?text=almuftionline.com/2018/02/19/1762/"" target=""_blank"" title=""fab fa-whatsapp"">
<div class=""pagelayer-share-content pagelayer-whatsapp"" data-icon=""fab fa-whatsapp"">
<div class=""pagelayer-icon-holder pagelayer-share-buttons"">
<i class=""pagelayer-social-fa fab fa-whatsapp""></i>
</div>
<div class=""pagelayer-icon-name"">
<span class=""pagelayer-icon-name-span"">WhatsApp</span>
</div>
</div>
</a></div></div></div></div></div></div><div class=""p-zqp4850 pagelayer-inner_row pagelayer-row-stretch-auto pagelayer-height-default"" pagelayer-id=""zqp4850"">
<style pagelayer-style-id=""zqp4850"">.p-zqp4850 .pagelayer-col-holder{padding: 10px}
.p-zqp4850 > .pagelayer-background-overlay{-webkit-transition: all 400ms !important; transition: all 400ms !important}
.p-zqp4850 .pagelayer-svg-top .pagelayer-shape-fill{fill:#227bc3}
.p-zqp4850 .pagelayer-row-svg .pagelayer-svg-top{width:100%;height:100px}
.p-zqp4850 .pagelayer-svg-bottom .pagelayer-shape-fill{fill:#e44993}
.p-zqp4850 .pagelayer-row-svg .pagelayer-svg-bottom{width:100%;height:100px}
</style>
<div class=""pagelayer-row-holder pagelayer-row pagelayer-auto pagelayer-width-auto""><div class=""p-q725202 pagelayer-col pagelayer-col-2"" pagelayer-id=""q725202"">
<style pagelayer-style-id=""q725202"">.p-q725202{align-content: center !important}
.p-q725202 .pagelayer-col-holder > div:not(:last-child){margin-bottom: 15px}
.p-q725202 > .pagelayer-background-overlay{-webkit-transition: all 400ms !important; transition: all 400ms !important}
</style>
<div class=""pagelayer-col-holder""><div class=""p-55r4448 pagelayer-post_nav"" pagelayer-id=""55r4448"">
<style pagelayer-style-id=""55r4448"">.p-55r4448 .pagelayer-post-nav-link{color:#adb5bd;font-family:  !important; font-size: 15px !important; font-style:  !important; font-weight:  !important; font-variant:  !important; text-decoration-line:  !important; text-decoration-style:  !important; line-height: em !important; text-transform:  !important; letter-spacing: px !important; word-spacing: px !important}
.p-55r4448 .pagelayer-post-nav-title{color:#000000;font-family:  !important; font-size: 18px !important; font-style:  !important; font-weight: bold !important; font-variant:  !important; text-decoration-line:  !important; text-decoration-style: Solid !important; line-height: em !important; text-transform:  !important; letter-spacing: px !important; word-spacing: px !important}
.p-55r4448 .pagelayer-post-nav-icon{color:#adb5bd;font-size:30px}
.p-55r4448 .pagelayer-post-nav-separator{display:none}
@media (max-width: 768px) and (min-width: 501px){.p-55r4448 .pagelayer-post-nav-link{font-family:  !important; font-size: 12px !important; font-style:  !important; font-weight:  !important; font-variant:  !important; text-decoration-line:  !important; text-decoration-style: Solid !important; line-height: em !important; text-transform:  !important; letter-spacing: px !important; word-spacing: px !important}
.p-55r4448 .pagelayer-post-nav-title{font-family:  !important; font-size: 15px !important; font-style:  !important; font-weight:  !important; font-variant:  !important; text-decoration-line:  !important; text-decoration-style: Solid !important; line-height: em !important; text-transform:  !important; letter-spacing: px !important; word-spacing: px !important}
}
@media (max-width: 500px){.p-55r4448 .pagelayer-post-nav-link{font-family:  !important; font-size: 12px !important; font-style:  !important; font-weight:  !important; font-variant:  !important; text-decoration-line:  !important; text-decoration-style: Solid !important; line-height: em !important; text-transform:  !important; letter-spacing: px !important; word-spacing: px !important}
.p-55r4448 .pagelayer-post-nav-title{font-family:  !important; font-size: 12px !important; font-style:  !important; font-weight:  !important; font-variant:  !important; text-decoration-line:  !important; text-decoration-style: Solid !important; line-height: em !important; text-transform:  !important; letter-spacing: px !important; word-spacing: px !important}
}
</style><div class=""pagelayer-post-nav-container"">
<div class=""pagelayer-prev-post"">
<a href=""https://almuftionline.com/2018/02/19/1761/"" rel=""prev""><span class=""pagelayer-post-nav-icon fa fa-chevron-left""></span>
<span class=""pagelayer-next-holder"">
<span class=""pagelayer-post-nav-link""> Previous</span><span class=""pagelayer-post-nav-title"">چھوٹے سائز کا قرآن مجید جیب میں رکھنا</span>
</span></a>
</div>
<div class=""pagelayer-post-nav-separator""></div>
<div class=""pagelayer-next-post"">
<a href=""https://almuftionline.com/2018/02/19/1871/"" rel=""next""><span class=""pagelayer-next-holder"">
<span class=""pagelayer-post-nav-link""> Next</span><span class=""pagelayer-post-nav-title"">نماز میں رونے یا مسکرانے کا حکم</span>
</span>
<span class=""pagelayer-post-nav-icon fa fa-chevron-right""></span></a>
</div>
</div></div></div></div></div></div></div>"
2018-02-19,https://almuftionline.com/2018/02/19/1761/,چھوٹے سائز کا قرآن مجید جیب میں رکھنا,,"<h4 class=""has-text-align-center"">اَلجَوَابْ بِاسْمِ مُلْہِمِ الصَّوَابْ

</h4><h6 class=""has-text-align-right"">حوالہ جات</h6><div style=""direction: rtl;font-family: Amiri;
    
     font-size: 13px; font-weight: 400;"">فی الفتاوی الہندیہ:"" سئل الفقيه أبو جعفر  رحمه الله تعالى عمن كان في كمه كتاب ،فجلس للبول: أيكره ذلك؟  قال: إن كان أدخله مع نفسه المخرج ،يكره...وعلى هذا إذا كان في جيبه دراهم مكتوب فيها اسم الله تعالى، أو شيء من القرآن، فأدخلها مع نفسه المخرج ،يكره.""
                                   (الفتاوی الہندیۃ:5/323،دار الفکر)
</div><h6 class=""has-text-align-center"">
واللہ سبحانہ وتعالی اعلم
</h6><figure class=""wp-block-table""><table><tbody><tr><td><h3>مجیب</h3></td><td>متخصص</td><td><h3>مفتیان</h3></td><td> فیصل احمد صاحب / شہبازعلی صاحب</td></tr></tbody></table></figure>",60207,jameya-tur-rasheed,قرآن کریم کی تفسیر اور قرآن سے متعلق مسائل کا بیان,متفرّق مسائل,"<div class=""pagelayer-col-holder""><div class=""p-kgd1425 pagelayer-post_excerpt"" pagelayer-id=""kgd1425"">
<style pagelayer-style-id=""kgd1425"">.p-kgd1425 .pagelayer-post-excerpt{color:#adb5bd;font-family: ; font-size: 15px !important; font-style: Italic !important; font-weight: 500 !important; font-variant:  !important; text-decoration-line:  !important; text-decoration-style:  !important; line-height: 1.5em !important; text-transform:  !important; letter-spacing: px !important; word-spacing: px !important;margin-top:0px; margin-right:0px; margin-bottom:0px; margin-left:0px}
.p-kgd1425{text-align: left;margin-top: 0px; margin-right: 0px; margin-bottom: 0px; margin-left: 0px;padding-top: 0px; padding-right: 0px; padding-bottom: 0px; padding-left: 0px}
</style></div><div class=""p-4wb1030 pagelayer-featured_img"" pagelayer-id=""4wb1030"">
<style pagelayer-style-id=""4wb1030"">.p-4wb1030{text-align: center}
.p-4wb1030 img{filter: blur(0px) brightness(100%) contrast(100%) grayscale(0%) hue-rotate(0deg) opacity(100%) saturate(100%);box-shadow: 0px 24px 36px 0px rgba(0,0,0,0.10)  !important;-webkit-transition: all 400ms; transition: all 400ms}
.p-4wb1030 .pagelayer-featured-caption{color: #0986c0}
</style>
<div class=""pagelayer-featured-img""></div>
</div><div class=""p-f8n3612 pagelayer-inner_row pagelayer-row-stretch-auto pagelayer-height-default"" pagelayer-id=""f8n3612"">
<style pagelayer-style-id=""f8n3612"">.p-f8n3612 .pagelayer-col-holder{padding: 10px}
.p-f8n3612 > .pagelayer-background-overlay{-webkit-transition: all 400ms !important; transition: all 400ms !important}
.p-f8n3612 .pagelayer-svg-top .pagelayer-shape-fill{fill:#227bc3}
.p-f8n3612 .pagelayer-row-svg .pagelayer-svg-top{width:100%;height:100px}
.p-f8n3612 .pagelayer-svg-bottom .pagelayer-shape-fill{fill:#e44993}
.p-f8n3612 .pagelayer-row-svg .pagelayer-svg-bottom{width:100%;height:100px}
</style>
<div class=""pagelayer-row-holder pagelayer-row pagelayer-auto pagelayer-width-auto""><div class=""p-i795860 pagelayer-col pagelayer-col-4"" pagelayer-id=""i795860"">
<style pagelayer-style-id=""i795860"">.p-i795860{align-content: center !important}
.p-i795860 .pagelayer-col-holder > div:not(:last-child){margin-bottom: 15px}
.p-i795860 > .pagelayer-background-overlay{-webkit-transition: all 400ms !important; transition: all 400ms !important}
</style>
<div class=""pagelayer-col-holder""><div class=""p-qip3968 pagelayer-post_info"" pagelayer-id=""qip3968"">
<style pagelayer-style-id=""qip3968"">.p-qip3968 .pagelayer-post-info-vertical .pagelayer-post-info-list-container{margin-right:25px}
.p-qip3968 .pagelayer-post-info-horizontal .pagelayer-post-info-list-container{margin-bottom:25px}
.p-qip3968 .pagelayer-post-info-container{text-align:right}
.p-qip3968 .pagelayer-post-info-icon span{font-size:120%;color:#495057}
.p-qip3968 .pagelayer-post-info-list-container a{font-family: Roboto !important; font-size: 14px !important; font-style:  !important; font-weight: 500 !important; font-variant:  !important; text-decoration-line:  !important; text-decoration-style:  !important; line-height: 1.6em !important; text-transform:  !important; letter-spacing: px !important; word-spacing: px !important}
.p-qip3968 .pagelayer-post-info-label{color:#495057}
.p-qip3968 .pagelayer-post-info-label a{color:#495057}
.p-qip3968 .pagelayer-post-info-label:hover{color:#000000}
.p-qip3968 .pagelayer-post-info-label:hover a{color:#000000}
</style><div class=""pagelayer-post-info-container pagelayer-post-info-vertical""><div class=""p-xj43574 pagelayer-post_info_list"" pagelayer-id=""xj43574"">
<div class=""pagelayer-post-info-list-container"">
<a class=""pagelayer-post-info-list-link"" href=""https://almuftionline.com/2018/02/19/"">
<span class=""pagelayer-post-info-icon"">
<span class=""far fa-clock""></span>
</span>
<span class=""pagelayer-post-info-label pagelayer-date"">فروری 19, 2018</span>
</a>
</div></div></div></div></div></div><div class=""p-t2j1983 pagelayer-col pagelayer-col-7"" pagelayer-id=""t2j1983"">
<style pagelayer-style-id=""t2j1983"">.p-t2j1983{align-content: center !important}
.p-t2j1983 .pagelayer-col-holder > div:not(:last-child){margin-bottom: 15px}
.p-t2j1983 > .pagelayer-background-overlay{-webkit-transition: all 400ms !important; transition: all 400ms !important}
</style>
<div class=""pagelayer-col-holder""><div class=""p-dbq3916 pagelayer-post_info"" pagelayer-id=""dbq3916"">
<style pagelayer-style-id=""dbq3916"">.p-dbq3916 .pagelayer-post-info-container{text-align:right}
.p-dbq3916 .pagelayer-post-info-icon span{font-size:120%;color:#495057}
.p-dbq3916 .pagelayer-post-info-list-container a{font-family: Roboto !important; font-size: 14px !important; font-style:  !important; font-weight: 500 !important; font-variant:  !important; text-decoration-line:  !important; text-decoration-style:  !important; line-height: 1.6em !important; text-transform:  !important; letter-spacing: px !important; word-spacing: px !important}
.p-dbq3916 .pagelayer-post-info-label{color:#0072ff}
.p-dbq3916 .pagelayer-post-info-label a{color:#0072ff}
.p-dbq3916 .pagelayer-terms *{color:#f8952c !important;padding-top:5px; padding-right:10px; padding-bottom:5px; padding-left:10px;margin-top:0px; margin-right:5px; margin-bottom:0px; margin-left:5px;border-radius: 4px 4px 4px 4px; -webkit-border-radius:  4px 4px 4px 4px;-moz-border-radius: 4px 4px 4px 4px}
.p-dbq3916{padding-top: 0px; padding-right: 0px; padding-bottom: 0px; padding-left: 0px}
@media (max-width: 768px) and (min-width: 501px){.p-dbq3916 .pagelayer-post-info-container{text-align:left}
}
@media (max-width: 500px){.p-dbq3916 .pagelayer-post-info-container{text-align:left}
}
</style><div class=""pagelayer-post-info-container pagelayer-post-info-vertical""><div class=""p-wpv7212 pagelayer-post_info_list"" pagelayer-id=""wpv7212"">
<div class=""pagelayer-post-info-list-container"">
<span class=""pagelayer-post-info-icon"">
</span>
<span class=""pagelayer-post-info-label pagelayer-terms""> <a href=""https://almuftionline.com/category/fatwa/5/""> قرآن کریم کی تفسیر اور قرآن سے متعلق مسائل کا بیان </a></span>
</div></div></div></div></div></div></div></div><div class=""p-trw3096 pagelayer-inner_row pagelayer-row-stretch-auto pagelayer-height-default"" pagelayer-id=""trw3096"">
<style pagelayer-style-id=""trw3096"">.p-trw3096 .pagelayer-col-holder{padding: 10px}
.p-trw3096 > .pagelayer-background-overlay{-webkit-transition: all 400ms !important; transition: all 400ms !important}
.p-trw3096 .pagelayer-svg-top .pagelayer-shape-fill{fill:#227bc3}
.p-trw3096 .pagelayer-row-svg .pagelayer-svg-top{width:100%;height:100px}
.p-trw3096 .pagelayer-svg-bottom .pagelayer-shape-fill{fill:#e44993}
.p-trw3096 .pagelayer-row-svg .pagelayer-svg-bottom{width:100%;height:100px}
</style>
<div class=""pagelayer-row-holder pagelayer-row pagelayer-auto pagelayer-width-auto""><div class=""p-wwu6541 pagelayer-col pagelayer-col-2"" pagelayer-id=""wwu6541"">
<style pagelayer-style-id=""wwu6541"">.p-wwu6541{align-content: center !important}
.p-wwu6541 .pagelayer-col-holder > div:not(:last-child){margin-bottom: 15px}
.p-wwu6541 > .pagelayer-background-overlay{-webkit-transition: all 400ms !important; transition: all 400ms !important}
</style>
<div class=""pagelayer-col-holder""><div class=""p-ccj4284 pagelayer-post_content"" pagelayer-id=""ccj4284"">
<style pagelayer-style-id=""ccj4284"">.p-ccj4284{text-align: right}
</style><div class=""entry-content pagelayer-post-excerpt""><figure class=""wp-block-table""><table><tbody><tr><td>60207</td><td>قرآن کریم کی تفسیر اور قرآن سے متعلق مسائل کا بیان</td><td>متفرّق مسائل</td></tr></tbody></table></figure><div style=""direction:rtl;line-height: 2.5;""><h3 class=""has-text-align-center"">سوال</h3>
کیا فرماتے ہیں علماءکرام اس مسئلہ کے بارے میں کہ چھوٹے سائز کا قرآن مجید جیب میں رکھنا صحیح ہے؟

<h4 class=""has-text-align-center"">اَلجَوَابْ بِاسْمِ مُلْہِمِ الصَّوَابْ

</h4>چھوٹے سائز کا قرآن مجید جیب میں رکھنا جائز ہے،البتہ جیب میں رکھ کر بیت الخلاء جانا بےادبی اور مکروہ ہے،لہذاایسی ضرورت کے وقت اسے کسی مناسب جگہ پر رکھ کر ضرورت پوری کرنی چاہیے۔نیز اگرقرآن پرغلاف سلائی کرکے چڑھایاگیا ہے تو اسی وضوء کی حالت میں ہی جیب میں رکھنا لازمی ہوگا اور اگر سلائی نہیں کیا بلکہ محض کپڑے میں لپیٹاگیا ہے تو پھر وضوء لازمی نہیں ہوگا۔
</div><h6 class=""has-text-align-right"">حوالہ جات</h6><div style=""direction: rtl;font-family: Amiri;
    
     font-size: 13px; font-weight: 400;"">فی الفتاوی الہندیہ:"" سئل الفقيه أبو جعفر  رحمه الله تعالى عمن كان في كمه كتاب ،فجلس للبول: أيكره ذلك؟  قال: إن كان أدخله مع نفسه المخرج ،يكره...وعلى هذا إذا كان في جيبه دراهم مكتوب فيها اسم الله تعالى، أو شيء من القرآن، فأدخلها مع نفسه المخرج ،يكره.""
                                   (الفتاوی الہندیۃ:5/323،دار الفکر)
</div>..<h6 class=""has-text-align-center"">
واللہ سبحانہ وتعالی اعلم
</h6><figure class=""wp-block-table""><table><tbody><tr><td><h3>مجیب</h3></td><td>متخصص</td><td><h3>مفتیان</h3></td><td> فیصل احمد صاحب / شہبازعلی صاحب</td></tr></tbody></table></figure></div></div></div></div></div></div><div class=""p-wl6689 pagelayer-inner_row pagelayer-row-stretch-auto pagelayer-height-default"" pagelayer-id=""wl6689"">
<style pagelayer-style-id=""wl6689"">.p-wl6689 .pagelayer-col-holder{padding: 10px}
.p-wl6689 > .pagelayer-background-overlay{-webkit-transition: all 400ms !important; transition: all 400ms !important}
.p-wl6689 .pagelayer-svg-top .pagelayer-shape-fill{fill:#227bc3}
.p-wl6689 .pagelayer-row-svg .pagelayer-svg-top{width:100%;height:100px}
.p-wl6689 .pagelayer-svg-bottom .pagelayer-shape-fill{fill:#e44993}
.p-wl6689 .pagelayer-row-svg .pagelayer-svg-bottom{width:100%;height:100px}
</style>
<div class=""pagelayer-row-holder pagelayer-row pagelayer-auto pagelayer-width-auto""><div class=""p-jzl6522 pagelayer-col pagelayer-col-6"" pagelayer-id=""jzl6522"">
<style pagelayer-style-id=""jzl6522"">.p-jzl6522{align-content: center !important}
.p-jzl6522 .pagelayer-col-holder > div:not(:last-child){margin-bottom: 15px}
.p-jzl6522 > .pagelayer-background-overlay{-webkit-transition: all 400ms !important; transition: all 400ms !important}
</style>
<div class=""pagelayer-col-holder""><div class=""p-xsb5673 pagelayer-share_grp pagelayer-share-type-icon-label pagelayer-social-bg-none pagelayer-scheme-official"" pagelayer-id=""xsb5673"">
<style pagelayer-style-id=""xsb5673"">.p-xsb5673{text-align: right}
.p-xsb5673 .pagelayer-share-content{min-height: 35px;-webkit-transition: all 400ms; transition: all 400ms}
.p-xsb5673 i{font-size: 27px}
.p-xsb5673 .pagelayer-icon-holder{font-size: 27px}
.p-xsb5673 .pagelayer-share-content i{-webkit-transition: all 400ms; transition: all 400ms}
.p-xsb5673 .pagelayer-icon-name{font-family: Roboto; font-size: 15px !important; font-style:  !important; font-weight: 500 !important; font-variant:  !important; text-decoration-line:  !important; text-decoration-style:  !important; line-height: em !important; text-transform:  !important; letter-spacing: px !important; word-spacing: px !important}
@media (max-width: 768px) and (min-width: 501px){.p-xsb5673{text-align: left}
.p-xsb5673 .pagelayer-share{padding-top: 10px; padding-bottom: 10px;padding-left: 10px; padding-right: 10px}
.p-xsb5673 i{font-size: 20px}
.p-xsb5673 .pagelayer-icon-holder{font-size: 20px}
.p-xsb5673 .pagelayer-icon-name{font-family: ; font-size: 13px !important; font-style:  !important; font-weight:  !important; font-variant:  !important; text-decoration-line:  !important; text-decoration-style:  !important; line-height: em !important; text-transform:  !important; letter-spacing: px !important; word-spacing: px !important}
}
@media (max-width: 500px){.p-xsb5673{text-align: left}
.p-xsb5673 .pagelayer-share{padding-top: 10px; padding-bottom: 10px;padding-left: 10px; padding-right: 10px}
.p-xsb5673 .pagelayer-share-content{min-height: NaNpx}
.p-xsb5673 i{font-size: 20px}
.p-xsb5673 .pagelayer-icon-holder{font-size: 20px}
.p-xsb5673 .pagelayer-icon-name{font-family: ; font-size: 13px !important; font-style:  !important; font-weight:  !important; font-variant:  !important; text-decoration-line:  !important; text-decoration-style:  !important; line-height: em !important; text-transform:  !important; letter-spacing: px !important; word-spacing: px !important}
}
</style><div class=""p-9mh2934 pagelayer-share"" pagelayer-id=""9mh2934"">
<a class=""pagelayer-ele-link"" href=""https://www.facebook.com/sharer/sharer.php?u=almuftionline.com/2018/02/19/1761/"" target=""_blank"" title=""fab fa-facebook-square"">
<div class=""pagelayer-share-content pagelayer-facebook-square"" data-icon=""fab fa-facebook-square"">
<div class=""pagelayer-icon-holder pagelayer-share-buttons"">
<i class=""pagelayer-social-fa fab fa-facebook-square""></i>
</div>
<div class=""pagelayer-icon-name"">
<span class=""pagelayer-icon-name-span"">Facebook</span>
</div>
</div>
</a></div><div class=""p-rai4926 pagelayer-share"" pagelayer-id=""rai4926"">
<a class=""pagelayer-ele-link"" href=""https://twitter.com/share?url=almuftionline.com/2018/02/19/1761/"" target=""_blank"" title=""fab fa-twitter-square"">
<div class=""pagelayer-share-content pagelayer-twitter-square"" data-icon=""fab fa-twitter-square"">
<div class=""pagelayer-icon-holder pagelayer-share-buttons"">
<i class=""pagelayer-social-fa fab fa-twitter-square""></i>
</div>
<div class=""pagelayer-icon-name"">
<span class=""pagelayer-icon-name-span"">Twitter</span>
</div>
</div>
</a></div><div class=""p-ndy3728 pagelayer-share"" pagelayer-id=""ndy3728"">
<a class=""pagelayer-ele-link"" href=""whatsapp://send?text=almuftionline.com/2018/02/19/1761/"" target=""_blank"" title=""fab fa-whatsapp"">
<div class=""pagelayer-share-content pagelayer-whatsapp"" data-icon=""fab fa-whatsapp"">
<div class=""pagelayer-icon-holder pagelayer-share-buttons"">
<i class=""pagelayer-social-fa fab fa-whatsapp""></i>
</div>
<div class=""pagelayer-icon-name"">
<span class=""pagelayer-icon-name-span"">WhatsApp</span>
</div>
</div>
</a></div></div></div></div></div></div><div class=""p-zqp4850 pagelayer-inner_row pagelayer-row-stretch-auto pagelayer-height-default"" pagelayer-id=""zqp4850"">
<style pagelayer-style-id=""zqp4850"">.p-zqp4850 .pagelayer-col-holder{padding: 10px}
.p-zqp4850 > .pagelayer-background-overlay{-webkit-transition: all 400ms !important; transition: all 400ms !important}
.p-zqp4850 .pagelayer-svg-top .pagelayer-shape-fill{fill:#227bc3}
.p-zqp4850 .pagelayer-row-svg .pagelayer-svg-top{width:100%;height:100px}
.p-zqp4850 .pagelayer-svg-bottom .pagelayer-shape-fill{fill:#e44993}
.p-zqp4850 .pagelayer-row-svg .pagelayer-svg-bottom{width:100%;height:100px}
</style>
<div class=""pagelayer-row-holder pagelayer-row pagelayer-auto pagelayer-width-auto""><div class=""p-q725202 pagelayer-col pagelayer-col-2"" pagelayer-id=""q725202"">
<style pagelayer-style-id=""q725202"">.p-q725202{align-content: center !important}
.p-q725202 .pagelayer-col-holder > div:not(:last-child){margin-bottom: 15px}
.p-q725202 > .pagelayer-background-overlay{-webkit-transition: all 400ms !important; transition: all 400ms !important}
</style>
<div class=""pagelayer-col-holder""><div class=""p-55r4448 pagelayer-post_nav"" pagelayer-id=""55r4448"">
<style pagelayer-style-id=""55r4448"">.p-55r4448 .pagelayer-post-nav-link{color:#adb5bd;font-family:  !important; font-size: 15px !important; font-style:  !important; font-weight:  !important; font-variant:  !important; text-decoration-line:  !important; text-decoration-style:  !important; line-height: em !important; text-transform:  !important; letter-spacing: px !important; word-spacing: px !important}
.p-55r4448 .pagelayer-post-nav-title{color:#000000;font-family:  !important; font-size: 18px !important; font-style:  !important; font-weight: bold !important; font-variant:  !important; text-decoration-line:  !important; text-decoration-style: Solid !important; line-height: em !important; text-transform:  !important; letter-spacing: px !important; word-spacing: px !important}
.p-55r4448 .pagelayer-post-nav-icon{color:#adb5bd;font-size:30px}
.p-55r4448 .pagelayer-post-nav-separator{display:none}
@media (max-width: 768px) and (min-width: 501px){.p-55r4448 .pagelayer-post-nav-link{font-family:  !important; font-size: 12px !important; font-style:  !important; font-weight:  !important; font-variant:  !important; text-decoration-line:  !important; text-decoration-style: Solid !important; line-height: em !important; text-transform:  !important; letter-spacing: px !important; word-spacing: px !important}
.p-55r4448 .pagelayer-post-nav-title{font-family:  !important; font-size: 15px !important; font-style:  !important; font-weight:  !important; font-variant:  !important; text-decoration-line:  !important; text-decoration-style: Solid !important; line-height: em !important; text-transform:  !important; letter-spacing: px !important; word-spacing: px !important}
}
@media (max-width: 500px){.p-55r4448 .pagelayer-post-nav-link{font-family:  !important; font-size: 12px !important; font-style:  !important; font-weight:  !important; font-variant:  !important; text-decoration-line:  !important; text-decoration-style: Solid !important; line-height: em !important; text-transform:  !important; letter-spacing: px !important; word-spacing: px !important}
.p-55r4448 .pagelayer-post-nav-title{font-family:  !important; font-size: 12px !important; font-style:  !important; font-weight:  !important; font-variant:  !important; text-decoration-line:  !important; text-decoration-style: Solid !important; line-height: em !important; text-transform:  !important; letter-spacing: px !important; word-spacing: px !important}
}
</style><div class=""pagelayer-post-nav-container"">
<div class=""pagelayer-prev-post"">
<a href=""https://almuftionline.com/2018/02/19/1760/"" rel=""prev""><span class=""pagelayer-post-nav-icon fa fa-chevron-left""></span>
<span class=""pagelayer-next-holder"">
<span class=""pagelayer-post-nav-link""> Previous</span><span class=""pagelayer-post-nav-title"">قرآنی آیت اور قدوری کی ایک عبارت کی وضاحت</span>
</span></a>
</div>
<div class=""pagelayer-post-nav-separator""></div>
<div class=""pagelayer-next-post"">
<a href=""https://almuftionline.com/2018/02/19/1762/"" rel=""next""><span class=""pagelayer-next-holder"">
<span class=""pagelayer-post-nav-link""> Next</span><span class=""pagelayer-post-nav-title"">ڈیجیٹل تصویر کا حکم</span>
</span>
<span class=""pagelayer-post-nav-icon fa fa-chevron-right""></span></a>
</div>
</div></div></div></div></div></div></div>"
2018-02-19,https://almuftionline.com/2018/02/19/1760/,قرآنی آیت اور قدوری کی ایک عبارت کی وضاحت,,"<h4 class=""has-text-align-center"">اَلجَوَابْ بِاسْمِ مُلْہِمِ الصَّوَابْ

</h4><h6 class=""has-text-align-right"">حوالہ جات</h6><div style=""direction: rtl;font-family: Amiri;
    
     font-size: 13px; font-weight: 400;"">قال الإمام فخر الدین الرازی رحمہ اللہ تعالی:"" أما قوله : "" وَلاَ تَشْتَرُواْ بآياتي ثَمَنًا قَلِيلاً ""أن الاشتراء يوضع موضع الاستبدال ،فكذا الثمن يوضع موضع البدل عن الشيء ، والعوض عنه ، فإذا اختير على ثواب الله شيء من الدنيا، فقد جعل ذلك الشيء ثمناً عند فاعله . قال ابن عباس رضي الله عنهما : إن رؤساء اليهود مثل كعب بن الأشرف وحيي بن أخطب وأمثالهما كانوا يأخذون من فقراء اليهود الهدايا،وعلموا أنهم لو اتبعوا محمداً،لانقطعت عنهم تلك الهدايا ، فأصروا على الكف؛ لئلا ينقطع عنهم ذلك القدر المحقر"" 								                                (تفسير الرازي:2،66)
وقال الإمام النیسابوری رحمہ اللہ تعالی:"" الاشتراء استعارة للاستبدال كما قلنا في""اشتروا الضلالة بالهدى""أي لا تستبدلوا بآياتي ثمناً قليلاً ، وإلا فالثمن هو المشترى به ، والثمن القليل هو الرياسة التي كانت لهم في قومهم . خافوا عليها لفوات لو تبعوا دين الإسلام . وقيل : الثمن هو الرشا التي يأخذها علماؤهم على تحريف الكلم عن مواضعه،وتسهيلهم لهم ما صعب عليهم من الشرائع"" 										                                         (تفسیر النیسابوری:1/207)
وفی تفسیر البیضاوی:""ولا تشتروا بآياتي ثمنا قليلا "" ولا تستبدلوا بالإيمان بها، والاتباع لها حظوظ الدنيا؛ فإنها وإن جلت قليلة مسترذلة بالإضافة إلى ما يفوت عنكم من حظوظ الآخرة بترك الإيمان قيل:كان لهم رياسة في قومهم ورسوم وهدايا منهم،فخافوا عليها لو اتبعوا رسول الله صلى الله عليه وسلم، فاختاروها عليه وقيل:كانوا يأخذون الرشى، فيحرفون الحق،ويكتمونه . 											     (1/312،دار الفکر،بیروت)
وفی تفسیر روح المعانی:"" ولا تشتروا بآياتي ثمنا قليلا"" الإشتراء مجاز عن الإستبدال؛لإختصاصه بالأعيان  ...والكلام على الحذف أي لا تستبدلوا بالإيمان بآياتي، والإتباع لها حظوظ الدنيا الفانية القليلة...ومن الناس من جعل الآيات كناية عن الأوامر والنواهي التي وقفوا عليها في أمر النبي صلى الله عليه وسلم من التوراة والكتب الألهية، أو ما علموه من نعته الجليل،وخلقه العظيم عليه الصلاة والسلام،وقد كانوا يأخذون كل عام شيئا معلوما من زروع أتباعهم وضروعهم ونقودهم ،فخافوا إن بينوا ذلك لهم،وتابعوه صلى الله عليه وسلم أن يفوتهم ذلك ،فضلوا ،وأضلوا .وقيل : كان ملوكهم يدرون عليهم الأموال ؛ليكتمو، ويحرفوا. وقيل : غير ذلك.""  (1/487)
وفی تفسیر النسفی:"" . { وَلاَ تَشْتَرُواْ } ولا تستبدلوا . { بآياتي } بتغييرها وتحريفها . { ثَمَناً قَلِيلاً } قال الحسن : هو الدنيا بحذافيرها . وقيل : هو الرياسة التي كانت لهم في قومهم،خافوا عليها الفوات لو اتبعوا رسول الله .           (1/43)
قال الإمام برھان الدین المرغینانی رحمہ اللہ تعالی:"" قال:""ولا الاستئجار على الأذان والحج، وكذا الإمامة وتعليم القرآن والفقه"" والأصل أن كل طاعة يختص بها المسلم، لا يجوز الاستئجار عليه عندنا. وعند الشافعي رحمه الله يصح... وبعض مشايخنا استحسنوا الاستئجار على تعليم القرآن اليوم؛ لأنه ظهر التواني في الأمور الدينية، ففي الامتناع تضييع حفظ القرآن ،وعليه الفتوى.										   	      (3/238،دار احياء التراث العربي ،بيروت)
   قال العلامۃ الحصکفی رحمہ اللہ تعالی:"" (لا تصح الإجارة لعسب التيس) ...(و)  لا لأجل الطاعات مثل (الأذان والحج والإمامة وتعليم القرآن والفقه) ويفتى اليوم بصحتها لتعليم القرآن والفقه والإمامة والأذان.""
وقال العلامۃ ابن عابدین رحمہ اللہ تعالی:"" قوله:( ويفتى اليوم بصحتها لتعليم القرآن إلخ):... وقد اقتصر على استثناء تعليم القرآن أيضا في متن الكنز ،ومتن مواهب الرحمن ،وكثير من الكتب، وزاد في مختصر الوقاية ومتن الإصلاح تعليم الفقه، وزاد في متن المجمع الإمامة، ومثله في متن الملتقى ودرر البحار.وزاد بعضهم الأذان والإقامة والوعظ، وذكر المصنف معظمها.""

وقال أیضا:"" فالحاصل أن ما شاع في زماننا من قراءة الأجزاء بالأجرة،لا يجوز؛ لأن فيه الأمر بالقراءة، وإعطاء الثواب للآمر،والقراءة لأجل المال؛ فإذا لم يكن للقارئ ثواب لعدم النية الصحيحة، فأين يصل الثواب إلى المستأجر... ونقل العلامة الخلوتي في حاشية المنتهى الحنبلي عن شيخ الإسلام تقي الدين ما نصه: ولا يصح الاستئجار على القراءة وإهدائها إلى الميت؛ لأنه لم ينقل عن أحد من الأئمة الإذن في ذلك. وقد قال العلماء: إن القارئ إذا قرأ لأجل المال،فلا ثواب له، فأي شيء يهديه إلى الميت؟ وإنما يصل إلى الميت
 العمل الصالح، والاستئجار على مجرد التلاوة لم يقل به أحد من الأئمة.""
                          				(الدر المختار مع رد المحتار: 6/55-58دار الفكر،بيروت)
</div><h6 class=""has-text-align-center"">
واللہ سبحانہ وتعالی اعلم
</h6><figure class=""wp-block-table""><table><tbody><tr><td><h3>مجیب</h3></td><td>متخصص</td><td><h3>مفتیان</h3></td><td>ابولبابہ شاہ منصور صاحب /  فیصل احمد صاحب</td></tr></tbody></table></figure>",62206,jameya-tur-rasheed,قرآن کریم کی تفسیر اور قرآن سے متعلق مسائل کا بیان,متفرّق مسائل,"<div class=""pagelayer-col-holder""><div class=""p-kgd1425 pagelayer-post_excerpt"" pagelayer-id=""kgd1425"">
<style pagelayer-style-id=""kgd1425"">.p-kgd1425 .pagelayer-post-excerpt{color:#adb5bd;font-family: ; font-size: 15px !important; font-style: Italic !important; font-weight: 500 !important; font-variant:  !important; text-decoration-line:  !important; text-decoration-style:  !important; line-height: 1.5em !important; text-transform:  !important; letter-spacing: px !important; word-spacing: px !important;margin-top:0px; margin-right:0px; margin-bottom:0px; margin-left:0px}
.p-kgd1425{text-align: left;margin-top: 0px; margin-right: 0px; margin-bottom: 0px; margin-left: 0px;padding-top: 0px; padding-right: 0px; padding-bottom: 0px; padding-left: 0px}
</style></div><div class=""p-4wb1030 pagelayer-featured_img"" pagelayer-id=""4wb1030"">
<style pagelayer-style-id=""4wb1030"">.p-4wb1030{text-align: center}
.p-4wb1030 img{filter: blur(0px) brightness(100%) contrast(100%) grayscale(0%) hue-rotate(0deg) opacity(100%) saturate(100%);box-shadow: 0px 24px 36px 0px rgba(0,0,0,0.10)  !important;-webkit-transition: all 400ms; transition: all 400ms}
.p-4wb1030 .pagelayer-featured-caption{color: #0986c0}
</style>
<div class=""pagelayer-featured-img""></div>
</div><div class=""p-f8n3612 pagelayer-inner_row pagelayer-row-stretch-auto pagelayer-height-default"" pagelayer-id=""f8n3612"">
<style pagelayer-style-id=""f8n3612"">.p-f8n3612 .pagelayer-col-holder{padding: 10px}
.p-f8n3612 > .pagelayer-background-overlay{-webkit-transition: all 400ms !important; transition: all 400ms !important}
.p-f8n3612 .pagelayer-svg-top .pagelayer-shape-fill{fill:#227bc3}
.p-f8n3612 .pagelayer-row-svg .pagelayer-svg-top{width:100%;height:100px}
.p-f8n3612 .pagelayer-svg-bottom .pagelayer-shape-fill{fill:#e44993}
.p-f8n3612 .pagelayer-row-svg .pagelayer-svg-bottom{width:100%;height:100px}
</style>
<div class=""pagelayer-row-holder pagelayer-row pagelayer-auto pagelayer-width-auto""><div class=""p-i795860 pagelayer-col pagelayer-col-4"" pagelayer-id=""i795860"">
<style pagelayer-style-id=""i795860"">.p-i795860{align-content: center !important}
.p-i795860 .pagelayer-col-holder > div:not(:last-child){margin-bottom: 15px}
.p-i795860 > .pagelayer-background-overlay{-webkit-transition: all 400ms !important; transition: all 400ms !important}
</style>
<div class=""pagelayer-col-holder""><div class=""p-qip3968 pagelayer-post_info"" pagelayer-id=""qip3968"">
<style pagelayer-style-id=""qip3968"">.p-qip3968 .pagelayer-post-info-vertical .pagelayer-post-info-list-container{margin-right:25px}
.p-qip3968 .pagelayer-post-info-horizontal .pagelayer-post-info-list-container{margin-bottom:25px}
.p-qip3968 .pagelayer-post-info-container{text-align:right}
.p-qip3968 .pagelayer-post-info-icon span{font-size:120%;color:#495057}
.p-qip3968 .pagelayer-post-info-list-container a{font-family: Roboto !important; font-size: 14px !important; font-style:  !important; font-weight: 500 !important; font-variant:  !important; text-decoration-line:  !important; text-decoration-style:  !important; line-height: 1.6em !important; text-transform:  !important; letter-spacing: px !important; word-spacing: px !important}
.p-qip3968 .pagelayer-post-info-label{color:#495057}
.p-qip3968 .pagelayer-post-info-label a{color:#495057}
.p-qip3968 .pagelayer-post-info-label:hover{color:#000000}
.p-qip3968 .pagelayer-post-info-label:hover a{color:#000000}
</style><div class=""pagelayer-post-info-container pagelayer-post-info-vertical""><div class=""p-xj43574 pagelayer-post_info_list"" pagelayer-id=""xj43574"">
<div class=""pagelayer-post-info-list-container"">
<a class=""pagelayer-post-info-list-link"" href=""https://almuftionline.com/2018/02/19/"">
<span class=""pagelayer-post-info-icon"">
<span class=""far fa-clock""></span>
</span>
<span class=""pagelayer-post-info-label pagelayer-date"">فروری 19, 2018</span>
</a>
</div></div></div></div></div></div><div class=""p-t2j1983 pagelayer-col pagelayer-col-7"" pagelayer-id=""t2j1983"">
<style pagelayer-style-id=""t2j1983"">.p-t2j1983{align-content: center !important}
.p-t2j1983 .pagelayer-col-holder > div:not(:last-child){margin-bottom: 15px}
.p-t2j1983 > .pagelayer-background-overlay{-webkit-transition: all 400ms !important; transition: all 400ms !important}
</style>
<div class=""pagelayer-col-holder""><div class=""p-dbq3916 pagelayer-post_info"" pagelayer-id=""dbq3916"">
<style pagelayer-style-id=""dbq3916"">.p-dbq3916 .pagelayer-post-info-container{text-align:right}
.p-dbq3916 .pagelayer-post-info-icon span{font-size:120%;color:#495057}
.p-dbq3916 .pagelayer-post-info-list-container a{font-family: Roboto !important; font-size: 14px !important; font-style:  !important; font-weight: 500 !important; font-variant:  !important; text-decoration-line:  !important; text-decoration-style:  !important; line-height: 1.6em !important; text-transform:  !important; letter-spacing: px !important; word-spacing: px !important}
.p-dbq3916 .pagelayer-post-info-label{color:#0072ff}
.p-dbq3916 .pagelayer-post-info-label a{color:#0072ff}
.p-dbq3916 .pagelayer-terms *{color:#f8952c !important;padding-top:5px; padding-right:10px; padding-bottom:5px; padding-left:10px;margin-top:0px; margin-right:5px; margin-bottom:0px; margin-left:5px;border-radius: 4px 4px 4px 4px; -webkit-border-radius:  4px 4px 4px 4px;-moz-border-radius: 4px 4px 4px 4px}
.p-dbq3916{padding-top: 0px; padding-right: 0px; padding-bottom: 0px; padding-left: 0px}
@media (max-width: 768px) and (min-width: 501px){.p-dbq3916 .pagelayer-post-info-container{text-align:left}
}
@media (max-width: 500px){.p-dbq3916 .pagelayer-post-info-container{text-align:left}
}
</style><div class=""pagelayer-post-info-container pagelayer-post-info-vertical""><div class=""p-wpv7212 pagelayer-post_info_list"" pagelayer-id=""wpv7212"">
<div class=""pagelayer-post-info-list-container"">
<span class=""pagelayer-post-info-icon"">
</span>
<span class=""pagelayer-post-info-label pagelayer-terms""> <a href=""https://almuftionline.com/category/fatwa/5/""> قرآن کریم کی تفسیر اور قرآن سے متعلق مسائل کا بیان </a></span>
</div></div></div></div></div></div></div></div><div class=""p-trw3096 pagelayer-inner_row pagelayer-row-stretch-auto pagelayer-height-default"" pagelayer-id=""trw3096"">
<style pagelayer-style-id=""trw3096"">.p-trw3096 .pagelayer-col-holder{padding: 10px}
.p-trw3096 > .pagelayer-background-overlay{-webkit-transition: all 400ms !important; transition: all 400ms !important}
.p-trw3096 .pagelayer-svg-top .pagelayer-shape-fill{fill:#227bc3}
.p-trw3096 .pagelayer-row-svg .pagelayer-svg-top{width:100%;height:100px}
.p-trw3096 .pagelayer-svg-bottom .pagelayer-shape-fill{fill:#e44993}
.p-trw3096 .pagelayer-row-svg .pagelayer-svg-bottom{width:100%;height:100px}
</style>
<div class=""pagelayer-row-holder pagelayer-row pagelayer-auto pagelayer-width-auto""><div class=""p-wwu6541 pagelayer-col pagelayer-col-2"" pagelayer-id=""wwu6541"">
<style pagelayer-style-id=""wwu6541"">.p-wwu6541{align-content: center !important}
.p-wwu6541 .pagelayer-col-holder > div:not(:last-child){margin-bottom: 15px}
.p-wwu6541 > .pagelayer-background-overlay{-webkit-transition: all 400ms !important; transition: all 400ms !important}
</style>
<div class=""pagelayer-col-holder""><div class=""p-ccj4284 pagelayer-post_content"" pagelayer-id=""ccj4284"">
<style pagelayer-style-id=""ccj4284"">.p-ccj4284{text-align: right}
</style><div class=""entry-content pagelayer-post-excerpt""><figure class=""wp-block-table""><table><tbody><tr><td>62206</td><td>قرآن کریم کی تفسیر اور قرآن سے متعلق مسائل کا بیان</td><td>متفرّق مسائل</td></tr></tbody></table></figure><div style=""direction:rtl;line-height: 2.5;""><h3 class=""has-text-align-center"">سوال</h3>
1۔قرآن کریم میں سورۃ البقرۃکی آیت ہے""وَلَا تَشْتَرُوا بِآيَاتِي ثَمَنًا قَلِيلًا"" جبکہ قدوری میں کتاب الإجارۃ کی عبارت ہے:""ولا یجوز الاستئجار علی الأذان والإقامۃ وتعلیم القرآن والحج""کیا قدوری کی یہ عبارت مذکورہ بالا آیت کی روشنی میں فقہاء کرام نے لکھی ہے؟
2۔کیا تعلیم قرآن،اذان اور اقامت وغیرہ پر اجرت  لینا جائز ہے؟
3۔کیاایصال ثواب اور تراویح میں ختم قرآن کے بدلے اجرت لینا جائز ہے؟ 

<h4 class=""has-text-align-center"">اَلجَوَابْ بِاسْمِ مُلْہِمِ الصَّوَابْ

</h4>1۔اس آیت اور قدوری کی عبارت میں اگر چہ کتاب اللہ کے بدلے اجرت لینے کو ناجائز قرار دیا ہے،لیکن دونوں کا مطلب مختلف ہے۔ قرآن کریم کی مذکورہ آیت سے مراد مالی مفاد کے لیے آیات کی غلط تشریح کرنا ہے،یہ عمل کسی بھی صورت میں جائز نہیں،جبکہ قدوری کی عبارت سے مراد یہ ہے کہ اللہ تعالی کی آیات کا صحیح مطلب لوگوں کو بتاکر اس کے عوض اجرت لینا جائز نہیں۔
2۔ تعلیم قرآن،اذان اور اقامت وغیرہ پر اجرت  لینے کو متقدمین فقہاء حنفیہ نے ناجائز قرار دیا تھا،کیونکہ اس زمانہ میں ان معلمین کو اسلامی بیت المال سے وظیفہ ملتاتھا جس سے ان کاگذارہ چلتا تھا،اب چونکہ اسلامی نظام میں فتور آیا ہےاور ان معلمین کو عموما کچھ نہیں ملتا،یہ اگر اپنے معاش کے لیے کسی محنت مزدوری یا تجارت وغیرہ میں لگ جائیں تو بچوں کو تعلیم قرآن کا سلسلہ یکسر بند ہو جائےگا،کیونکہ وہ دن بھر کا مشغلہ چاہتاہے،اس لیے تعلیم قرآن پر تنخواہ لینے کو متأخرین فقہاء حنفیہ نے امت مسلمہ کے مفاد میں جائز قرار دیا،جیسا کہ صاحب ہدایہ نے فرمایا ہے کہ آجکل اس پر فتوی دینا چاہیےکہ تعلیم قرآن پر اجرت و تنخواہ لینا جائز ہے۔صاحب ہدایہ کے بعد آنے والے دوسرے فقہاء نے بعض ایسے ہی دوسرے وظائف جن پر تعلیم قرآن کی طرح دین کی بقاء موقوف ہے،مثلا امامت و اذان اور تعلیم حدیث و فقہ وغیرہ کو تعلیم قرآن کے ساتھ ملحق کرکے ان کی بھی اجازت دی ہے،تاکہ اس طرح کی اہم دینی خدمات کا سلسلہ موقوف نہ ہو اور دین اسلام پھلتا پھولتا رہے۔
3۔علامہ شامی رحمہ اللہ تعالی نے درمختار کی شرح اور اپنے رسالہ شفاء العلیل میں بڑی تفصیل اور قوی دلائل کے ساتھ یہ بات واضح کردی ہے کہ تعلیم قرآن وغیرہ پر اجرت لینے کو جن متأخرین فقہاء نے جائز قرار دیا ہے اس کی علت ایک ایسی دینی ضرورت ہے جس میں خلل آنے سے دین کا پورا نظام مختل ہوجاتا ہے،اس لیے اس کو ایسی ہی ضرورت کی مواقع میں محدود رکھنا ضروری ہے،اس لیےتراویح یا مُردوں کو ایصال ثواب کے لیے ختم قرآن کرانا یا کوئی دوسرا وظیفہ  اجرت مقرر کرکےپڑھوانا  ناجائز ہے،کیونکہ اُس پر کسی عام دینی ضرورت کا مدار نہیں،یہ اجرت چاہے باقاعدہ طور پر مقرر کی جائے یا اس کا ایسا التزام اور عرف بن جائے کہ پیسے وغیرہ دیناضروری سمجھا جاتا ہو بہر صورت ممنوع ہے۔
</div><h6 class=""has-text-align-right"">حوالہ جات</h6><div style=""direction: rtl;font-family: Amiri;
    
     font-size: 13px; font-weight: 400;"">قال الإمام فخر الدین الرازی رحمہ اللہ تعالی:"" أما قوله : "" وَلاَ تَشْتَرُواْ بآياتي ثَمَنًا قَلِيلاً ""أن الاشتراء يوضع موضع الاستبدال ،فكذا الثمن يوضع موضع البدل عن الشيء ، والعوض عنه ، فإذا اختير على ثواب الله شيء من الدنيا، فقد جعل ذلك الشيء ثمناً عند فاعله . قال ابن عباس رضي الله عنهما : إن رؤساء اليهود مثل كعب بن الأشرف وحيي بن أخطب وأمثالهما كانوا يأخذون من فقراء اليهود الهدايا،وعلموا أنهم لو اتبعوا محمداً،لانقطعت عنهم تلك الهدايا ، فأصروا على الكف؛ لئلا ينقطع عنهم ذلك القدر المحقر"" 								                                (تفسير الرازي:2،66)
وقال الإمام النیسابوری رحمہ اللہ تعالی:"" الاشتراء استعارة للاستبدال كما قلنا في""اشتروا الضلالة بالهدى""أي لا تستبدلوا بآياتي ثمناً قليلاً ، وإلا فالثمن هو المشترى به ، والثمن القليل هو الرياسة التي كانت لهم في قومهم . خافوا عليها لفوات لو تبعوا دين الإسلام . وقيل : الثمن هو الرشا التي يأخذها علماؤهم على تحريف الكلم عن مواضعه،وتسهيلهم لهم ما صعب عليهم من الشرائع"" 										                                         (تفسیر النیسابوری:1/207)
وفی تفسیر البیضاوی:""ولا تشتروا بآياتي ثمنا قليلا "" ولا تستبدلوا بالإيمان بها، والاتباع لها حظوظ الدنيا؛ فإنها وإن جلت قليلة مسترذلة بالإضافة إلى ما يفوت عنكم من حظوظ الآخرة بترك الإيمان قيل:كان لهم رياسة في قومهم ورسوم وهدايا منهم،فخافوا عليها لو اتبعوا رسول الله صلى الله عليه وسلم، فاختاروها عليه وقيل:كانوا يأخذون الرشى، فيحرفون الحق،ويكتمونه . 											     (1/312،دار الفکر،بیروت)
وفی تفسیر روح المعانی:"" ولا تشتروا بآياتي ثمنا قليلا"" الإشتراء مجاز عن الإستبدال؛لإختصاصه بالأعيان  ...والكلام على الحذف أي لا تستبدلوا بالإيمان بآياتي، والإتباع لها حظوظ الدنيا الفانية القليلة...ومن الناس من جعل الآيات كناية عن الأوامر والنواهي التي وقفوا عليها في أمر النبي صلى الله عليه وسلم من التوراة والكتب الألهية، أو ما علموه من نعته الجليل،وخلقه العظيم عليه الصلاة والسلام،وقد كانوا يأخذون كل عام شيئا معلوما من زروع أتباعهم وضروعهم ونقودهم ،فخافوا إن بينوا ذلك لهم،وتابعوه صلى الله عليه وسلم أن يفوتهم ذلك ،فضلوا ،وأضلوا .وقيل : كان ملوكهم يدرون عليهم الأموال ؛ليكتمو، ويحرفوا. وقيل : غير ذلك.""  (1/487)
وفی تفسیر النسفی:"" . { وَلاَ تَشْتَرُواْ } ولا تستبدلوا . { بآياتي } بتغييرها وتحريفها . { ثَمَناً قَلِيلاً } قال الحسن : هو الدنيا بحذافيرها . وقيل : هو الرياسة التي كانت لهم في قومهم،خافوا عليها الفوات لو اتبعوا رسول الله .           (1/43)
قال الإمام برھان الدین المرغینانی رحمہ اللہ تعالی:"" قال:""ولا الاستئجار على الأذان والحج، وكذا الإمامة وتعليم القرآن والفقه"" والأصل أن كل طاعة يختص بها المسلم، لا يجوز الاستئجار عليه عندنا. وعند الشافعي رحمه الله يصح... وبعض مشايخنا استحسنوا الاستئجار على تعليم القرآن اليوم؛ لأنه ظهر التواني في الأمور الدينية، ففي الامتناع تضييع حفظ القرآن ،وعليه الفتوى.										   	      (3/238،دار احياء التراث العربي ،بيروت)
   قال العلامۃ الحصکفی رحمہ اللہ تعالی:"" (لا تصح الإجارة لعسب التيس) ...(و)  لا لأجل الطاعات مثل (الأذان والحج والإمامة وتعليم القرآن والفقه) ويفتى اليوم بصحتها لتعليم القرآن والفقه والإمامة والأذان.""
وقال العلامۃ ابن عابدین رحمہ اللہ تعالی:"" قوله:( ويفتى اليوم بصحتها لتعليم القرآن إلخ):... وقد اقتصر على استثناء تعليم القرآن أيضا في متن الكنز ،ومتن مواهب الرحمن ،وكثير من الكتب، وزاد في مختصر الوقاية ومتن الإصلاح تعليم الفقه، وزاد في متن المجمع الإمامة، ومثله في متن الملتقى ودرر البحار.وزاد بعضهم الأذان والإقامة والوعظ، وذكر المصنف معظمها.""

وقال أیضا:"" فالحاصل أن ما شاع في زماننا من قراءة الأجزاء بالأجرة،لا يجوز؛ لأن فيه الأمر بالقراءة، وإعطاء الثواب للآمر،والقراءة لأجل المال؛ فإذا لم يكن للقارئ ثواب لعدم النية الصحيحة، فأين يصل الثواب إلى المستأجر... ونقل العلامة الخلوتي في حاشية المنتهى الحنبلي عن شيخ الإسلام تقي الدين ما نصه: ولا يصح الاستئجار على القراءة وإهدائها إلى الميت؛ لأنه لم ينقل عن أحد من الأئمة الإذن في ذلك. وقد قال العلماء: إن القارئ إذا قرأ لأجل المال،فلا ثواب له، فأي شيء يهديه إلى الميت؟ وإنما يصل إلى الميت
 العمل الصالح، والاستئجار على مجرد التلاوة لم يقل به أحد من الأئمة.""
                          				(الدر المختار مع رد المحتار: 6/55-58دار الفكر،بيروت)
</div>..<h6 class=""has-text-align-center"">
واللہ سبحانہ وتعالی اعلم
</h6><figure class=""wp-block-table""><table><tbody><tr><td><h3>مجیب</h3></td><td>متخصص</td><td><h3>مفتیان</h3></td><td>ابولبابہ شاہ منصور صاحب /  فیصل احمد صاحب</td></tr></tbody></table></figure></div></div></div></div></div></div><div class=""p-wl6689 pagelayer-inner_row pagelayer-row-stretch-auto pagelayer-height-default"" pagelayer-id=""wl6689"">
<style pagelayer-style-id=""wl6689"">.p-wl6689 .pagelayer-col-holder{padding: 10px}
.p-wl6689 > .pagelayer-background-overlay{-webkit-transition: all 400ms !important; transition: all 400ms !important}
.p-wl6689 .pagelayer-svg-top .pagelayer-shape-fill{fill:#227bc3}
.p-wl6689 .pagelayer-row-svg .pagelayer-svg-top{width:100%;height:100px}
.p-wl6689 .pagelayer-svg-bottom .pagelayer-shape-fill{fill:#e44993}
.p-wl6689 .pagelayer-row-svg .pagelayer-svg-bottom{width:100%;height:100px}
</style>
<div class=""pagelayer-row-holder pagelayer-row pagelayer-auto pagelayer-width-auto""><div class=""p-jzl6522 pagelayer-col pagelayer-col-6"" pagelayer-id=""jzl6522"">
<style pagelayer-style-id=""jzl6522"">.p-jzl6522{align-content: center !important}
.p-jzl6522 .pagelayer-col-holder > div:not(:last-child){margin-bottom: 15px}
.p-jzl6522 > .pagelayer-background-overlay{-webkit-transition: all 400ms !important; transition: all 400ms !important}
</style>
<div class=""pagelayer-col-holder""><div class=""p-xsb5673 pagelayer-share_grp pagelayer-share-type-icon-label pagelayer-social-bg-none pagelayer-scheme-official"" pagelayer-id=""xsb5673"">
<style pagelayer-style-id=""xsb5673"">.p-xsb5673{text-align: right}
.p-xsb5673 .pagelayer-share-content{min-height: 35px;-webkit-transition: all 400ms; transition: all 400ms}
.p-xsb5673 i{font-size: 27px}
.p-xsb5673 .pagelayer-icon-holder{font-size: 27px}
.p-xsb5673 .pagelayer-share-content i{-webkit-transition: all 400ms; transition: all 400ms}
.p-xsb5673 .pagelayer-icon-name{font-family: Roboto; font-size: 15px !important; font-style:  !important; font-weight: 500 !important; font-variant:  !important; text-decoration-line:  !important; text-decoration-style:  !important; line-height: em !important; text-transform:  !important; letter-spacing: px !important; word-spacing: px !important}
@media (max-width: 768px) and (min-width: 501px){.p-xsb5673{text-align: left}
.p-xsb5673 .pagelayer-share{padding-top: 10px; padding-bottom: 10px;padding-left: 10px; padding-right: 10px}
.p-xsb5673 i{font-size: 20px}
.p-xsb5673 .pagelayer-icon-holder{font-size: 20px}
.p-xsb5673 .pagelayer-icon-name{font-family: ; font-size: 13px !important; font-style:  !important; font-weight:  !important; font-variant:  !important; text-decoration-line:  !important; text-decoration-style:  !important; line-height: em !important; text-transform:  !important; letter-spacing: px !important; word-spacing: px !important}
}
@media (max-width: 500px){.p-xsb5673{text-align: left}
.p-xsb5673 .pagelayer-share{padding-top: 10px; padding-bottom: 10px;padding-left: 10px; padding-right: 10px}
.p-xsb5673 .pagelayer-share-content{min-height: NaNpx}
.p-xsb5673 i{font-size: 20px}
.p-xsb5673 .pagelayer-icon-holder{font-size: 20px}
.p-xsb5673 .pagelayer-icon-name{font-family: ; font-size: 13px !important; font-style:  !important; font-weight:  !important; font-variant:  !important; text-decoration-line:  !important; text-decoration-style:  !important; line-height: em !important; text-transform:  !important; letter-spacing: px !important; word-spacing: px !important}
}
</style><div class=""p-9mh2934 pagelayer-share"" pagelayer-id=""9mh2934"">
<a class=""pagelayer-ele-link"" href=""https://www.facebook.com/sharer/sharer.php?u=almuftionline.com/2018/02/19/1760/"" target=""_blank"" title=""fab fa-facebook-square"">
<div class=""pagelayer-share-content pagelayer-facebook-square"" data-icon=""fab fa-facebook-square"">
<div class=""pagelayer-icon-holder pagelayer-share-buttons"">
<i class=""pagelayer-social-fa fab fa-facebook-square""></i>
</div>
<div class=""pagelayer-icon-name"">
<span class=""pagelayer-icon-name-span"">Facebook</span>
</div>
</div>
</a></div><div class=""p-rai4926 pagelayer-share"" pagelayer-id=""rai4926"">
<a class=""pagelayer-ele-link"" href=""https://twitter.com/share?url=almuftionline.com/2018/02/19/1760/"" target=""_blank"" title=""fab fa-twitter-square"">
<div class=""pagelayer-share-content pagelayer-twitter-square"" data-icon=""fab fa-twitter-square"">
<div class=""pagelayer-icon-holder pagelayer-share-buttons"">
<i class=""pagelayer-social-fa fab fa-twitter-square""></i>
</div>
<div class=""pagelayer-icon-name"">
<span class=""pagelayer-icon-name-span"">Twitter</span>
</div>
</div>
</a></div><div class=""p-ndy3728 pagelayer-share"" pagelayer-id=""ndy3728"">
<a class=""pagelayer-ele-link"" href=""whatsapp://send?text=almuftionline.com/2018/02/19/1760/"" target=""_blank"" title=""fab fa-whatsapp"">
<div class=""pagelayer-share-content pagelayer-whatsapp"" data-icon=""fab fa-whatsapp"">
<div class=""pagelayer-icon-holder pagelayer-share-buttons"">
<i class=""pagelayer-social-fa fab fa-whatsapp""></i>
</div>
<div class=""pagelayer-icon-name"">
<span class=""pagelayer-icon-name-span"">WhatsApp</span>
</div>
</div>
</a></div></div></div></div></div></div><div class=""p-zqp4850 pagelayer-inner_row pagelayer-row-stretch-auto pagelayer-height-default"" pagelayer-id=""zqp4850"">
<style pagelayer-style-id=""zqp4850"">.p-zqp4850 .pagelayer-col-holder{padding: 10px}
.p-zqp4850 > .pagelayer-background-overlay{-webkit-transition: all 400ms !important; transition: all 400ms !important}
.p-zqp4850 .pagelayer-svg-top .pagelayer-shape-fill{fill:#227bc3}
.p-zqp4850 .pagelayer-row-svg .pagelayer-svg-top{width:100%;height:100px}
.p-zqp4850 .pagelayer-svg-bottom .pagelayer-shape-fill{fill:#e44993}
.p-zqp4850 .pagelayer-row-svg .pagelayer-svg-bottom{width:100%;height:100px}
</style>
<div class=""pagelayer-row-holder pagelayer-row pagelayer-auto pagelayer-width-auto""><div class=""p-q725202 pagelayer-col pagelayer-col-2"" pagelayer-id=""q725202"">
<style pagelayer-style-id=""q725202"">.p-q725202{align-content: center !important}
.p-q725202 .pagelayer-col-holder > div:not(:last-child){margin-bottom: 15px}
.p-q725202 > .pagelayer-background-overlay{-webkit-transition: all 400ms !important; transition: all 400ms !important}
</style>
<div class=""pagelayer-col-holder""><div class=""p-55r4448 pagelayer-post_nav"" pagelayer-id=""55r4448"">
<style pagelayer-style-id=""55r4448"">.p-55r4448 .pagelayer-post-nav-link{color:#adb5bd;font-family:  !important; font-size: 15px !important; font-style:  !important; font-weight:  !important; font-variant:  !important; text-decoration-line:  !important; text-decoration-style:  !important; line-height: em !important; text-transform:  !important; letter-spacing: px !important; word-spacing: px !important}
.p-55r4448 .pagelayer-post-nav-title{color:#000000;font-family:  !important; font-size: 18px !important; font-style:  !important; font-weight: bold !important; font-variant:  !important; text-decoration-line:  !important; text-decoration-style: Solid !important; line-height: em !important; text-transform:  !important; letter-spacing: px !important; word-spacing: px !important}
.p-55r4448 .pagelayer-post-nav-icon{color:#adb5bd;font-size:30px}
.p-55r4448 .pagelayer-post-nav-separator{display:none}
@media (max-width: 768px) and (min-width: 501px){.p-55r4448 .pagelayer-post-nav-link{font-family:  !important; font-size: 12px !important; font-style:  !important; font-weight:  !important; font-variant:  !important; text-decoration-line:  !important; text-decoration-style: Solid !important; line-height: em !important; text-transform:  !important; letter-spacing: px !important; word-spacing: px !important}
.p-55r4448 .pagelayer-post-nav-title{font-family:  !important; font-size: 15px !important; font-style:  !important; font-weight:  !important; font-variant:  !important; text-decoration-line:  !important; text-decoration-style: Solid !important; line-height: em !important; text-transform:  !important; letter-spacing: px !important; word-spacing: px !important}
}
@media (max-width: 500px){.p-55r4448 .pagelayer-post-nav-link{font-family:  !important; font-size: 12px !important; font-style:  !important; font-weight:  !important; font-variant:  !important; text-decoration-line:  !important; text-decoration-style: Solid !important; line-height: em !important; text-transform:  !important; letter-spacing: px !important; word-spacing: px !important}
.p-55r4448 .pagelayer-post-nav-title{font-family:  !important; font-size: 12px !important; font-style:  !important; font-weight:  !important; font-variant:  !important; text-decoration-line:  !important; text-decoration-style: Solid !important; line-height: em !important; text-transform:  !important; letter-spacing: px !important; word-spacing: px !important}
}
</style><div class=""pagelayer-post-nav-container"">
<div class=""pagelayer-prev-post"">
<a href=""https://almuftionline.com/2018/02/19/803/"" rel=""prev""><span class=""pagelayer-post-nav-icon fa fa-chevron-left""></span>
<span class=""pagelayer-next-holder"">
<span class=""pagelayer-post-nav-link""> Previous</span><span class=""pagelayer-post-nav-title"">جب ایک بہن دوسری  بہن کو دودھ پلادے تو ان کی اولاد کا آپس میں رشتہ درست نہیں</span>
</span></a>
</div>
<div class=""pagelayer-post-nav-separator""></div>
<div class=""pagelayer-next-post"">
<a href=""https://almuftionline.com/2018/02/19/1761/"" rel=""next""><span class=""pagelayer-next-holder"">
<span class=""pagelayer-post-nav-link""> Next</span><span class=""pagelayer-post-nav-title"">چھوٹے سائز کا قرآن مجید جیب میں رکھنا</span>
</span>
<span class=""pagelayer-post-nav-icon fa fa-chevron-right""></span></a>
</div>
</div></div></div></div></div></div></div>"
2018-02-19,https://almuftionline.com/2018/02/19/803/,جب ایک بہن دوسری  بہن کو دودھ پلادے تو ان کی اولاد کا آپس میں رشتہ درست نہیں,,"<h4 class=""has-text-align-center"">اَلجَوَابْ بِاسْمِ مُلْہِمِ الصَّوَابْ

</h4><h6 class=""has-text-align-right"">حوالہ جات</h6><div style=""direction: rtl;font-family: Amiri;
    
     font-size: 13px; font-weight: 400;"">عن ابن عباس رضي الله عنهما، قال: قال النبي صلى الله عليه وسلم في بنت حمزة: «لا تحل لي، يحرم من الرضاع ما يحرم من النسب، هي بنت أخي من الرضاعة» )صحيح البخاري   3/ 170)
وفی بدائع الصنائع (5/64،65)
وَأُمَّهَاتُكُمُ اللَّاتِي أَرْضَعْنَكُمْ.......المرضعۃ ام المرضع وحرمھاعلیہ ،وکذا بناتھایحرمن علیہ .......والاصل فی ھذہ الجملۃ قول النبی صلی اللہ علیہ وسلم يحرم من الرضاع ما يحرم من النسب.
</div><h6 class=""has-text-align-center"">
واللہ سبحانہ وتعالی اعلم
</h6><figure class=""wp-block-table""><table><tbody><tr><td><h3>مجیب</h3></td><td>سید حکیم شاہ </td><td><h3>مفتیان</h3></td><td> آفتاب احمد صاحب    / محمد حسین خلیل خیل صاحب</td></tr></tbody></table></figure>",62171,jameya-tur-rasheed,رضاعت کے مسائل,متفرّق مسائل,"<div class=""pagelayer-col-holder""><div class=""p-kgd1425 pagelayer-post_excerpt"" pagelayer-id=""kgd1425"">
<style pagelayer-style-id=""kgd1425"">.p-kgd1425 .pagelayer-post-excerpt{color:#adb5bd;font-family: ; font-size: 15px !important; font-style: Italic !important; font-weight: 500 !important; font-variant:  !important; text-decoration-line:  !important; text-decoration-style:  !important; line-height: 1.5em !important; text-transform:  !important; letter-spacing: px !important; word-spacing: px !important;margin-top:0px; margin-right:0px; margin-bottom:0px; margin-left:0px}
.p-kgd1425{text-align: left;margin-top: 0px; margin-right: 0px; margin-bottom: 0px; margin-left: 0px;padding-top: 0px; padding-right: 0px; padding-bottom: 0px; padding-left: 0px}
</style></div><div class=""p-4wb1030 pagelayer-featured_img"" pagelayer-id=""4wb1030"">
<style pagelayer-style-id=""4wb1030"">.p-4wb1030{text-align: center}
.p-4wb1030 img{filter: blur(0px) brightness(100%) contrast(100%) grayscale(0%) hue-rotate(0deg) opacity(100%) saturate(100%);box-shadow: 0px 24px 36px 0px rgba(0,0,0,0.10)  !important;-webkit-transition: all 400ms; transition: all 400ms}
.p-4wb1030 .pagelayer-featured-caption{color: #0986c0}
</style>
<div class=""pagelayer-featured-img""></div>
</div><div class=""p-f8n3612 pagelayer-inner_row pagelayer-row-stretch-auto pagelayer-height-default"" pagelayer-id=""f8n3612"">
<style pagelayer-style-id=""f8n3612"">.p-f8n3612 .pagelayer-col-holder{padding: 10px}
.p-f8n3612 > .pagelayer-background-overlay{-webkit-transition: all 400ms !important; transition: all 400ms !important}
.p-f8n3612 .pagelayer-svg-top .pagelayer-shape-fill{fill:#227bc3}
.p-f8n3612 .pagelayer-row-svg .pagelayer-svg-top{width:100%;height:100px}
.p-f8n3612 .pagelayer-svg-bottom .pagelayer-shape-fill{fill:#e44993}
.p-f8n3612 .pagelayer-row-svg .pagelayer-svg-bottom{width:100%;height:100px}
</style>
<div class=""pagelayer-row-holder pagelayer-row pagelayer-auto pagelayer-width-auto""><div class=""p-i795860 pagelayer-col pagelayer-col-4"" pagelayer-id=""i795860"">
<style pagelayer-style-id=""i795860"">.p-i795860{align-content: center !important}
.p-i795860 .pagelayer-col-holder > div:not(:last-child){margin-bottom: 15px}
.p-i795860 > .pagelayer-background-overlay{-webkit-transition: all 400ms !important; transition: all 400ms !important}
</style>
<div class=""pagelayer-col-holder""><div class=""p-qip3968 pagelayer-post_info"" pagelayer-id=""qip3968"">
<style pagelayer-style-id=""qip3968"">.p-qip3968 .pagelayer-post-info-vertical .pagelayer-post-info-list-container{margin-right:25px}
.p-qip3968 .pagelayer-post-info-horizontal .pagelayer-post-info-list-container{margin-bottom:25px}
.p-qip3968 .pagelayer-post-info-container{text-align:right}
.p-qip3968 .pagelayer-post-info-icon span{font-size:120%;color:#495057}
.p-qip3968 .pagelayer-post-info-list-container a{font-family: Roboto !important; font-size: 14px !important; font-style:  !important; font-weight: 500 !important; font-variant:  !important; text-decoration-line:  !important; text-decoration-style:  !important; line-height: 1.6em !important; text-transform:  !important; letter-spacing: px !important; word-spacing: px !important}
.p-qip3968 .pagelayer-post-info-label{color:#495057}
.p-qip3968 .pagelayer-post-info-label a{color:#495057}
.p-qip3968 .pagelayer-post-info-label:hover{color:#000000}
.p-qip3968 .pagelayer-post-info-label:hover a{color:#000000}
</style><div class=""pagelayer-post-info-container pagelayer-post-info-vertical""><div class=""p-xj43574 pagelayer-post_info_list"" pagelayer-id=""xj43574"">
<div class=""pagelayer-post-info-list-container"">
<a class=""pagelayer-post-info-list-link"" href=""https://almuftionline.com/2018/02/19/"">
<span class=""pagelayer-post-info-icon"">
<span class=""far fa-clock""></span>
</span>
<span class=""pagelayer-post-info-label pagelayer-date"">فروری 19, 2018</span>
</a>
</div></div></div></div></div></div><div class=""p-t2j1983 pagelayer-col pagelayer-col-7"" pagelayer-id=""t2j1983"">
<style pagelayer-style-id=""t2j1983"">.p-t2j1983{align-content: center !important}
.p-t2j1983 .pagelayer-col-holder > div:not(:last-child){margin-bottom: 15px}
.p-t2j1983 > .pagelayer-background-overlay{-webkit-transition: all 400ms !important; transition: all 400ms !important}
</style>
<div class=""pagelayer-col-holder""><div class=""p-dbq3916 pagelayer-post_info"" pagelayer-id=""dbq3916"">
<style pagelayer-style-id=""dbq3916"">.p-dbq3916 .pagelayer-post-info-container{text-align:right}
.p-dbq3916 .pagelayer-post-info-icon span{font-size:120%;color:#495057}
.p-dbq3916 .pagelayer-post-info-list-container a{font-family: Roboto !important; font-size: 14px !important; font-style:  !important; font-weight: 500 !important; font-variant:  !important; text-decoration-line:  !important; text-decoration-style:  !important; line-height: 1.6em !important; text-transform:  !important; letter-spacing: px !important; word-spacing: px !important}
.p-dbq3916 .pagelayer-post-info-label{color:#0072ff}
.p-dbq3916 .pagelayer-post-info-label a{color:#0072ff}
.p-dbq3916 .pagelayer-terms *{color:#f8952c !important;padding-top:5px; padding-right:10px; padding-bottom:5px; padding-left:10px;margin-top:0px; margin-right:5px; margin-bottom:0px; margin-left:5px;border-radius: 4px 4px 4px 4px; -webkit-border-radius:  4px 4px 4px 4px;-moz-border-radius: 4px 4px 4px 4px}
.p-dbq3916{padding-top: 0px; padding-right: 0px; padding-bottom: 0px; padding-left: 0px}
@media (max-width: 768px) and (min-width: 501px){.p-dbq3916 .pagelayer-post-info-container{text-align:left}
}
@media (max-width: 500px){.p-dbq3916 .pagelayer-post-info-container{text-align:left}
}
</style><div class=""pagelayer-post-info-container pagelayer-post-info-vertical""><div class=""p-wpv7212 pagelayer-post_info_list"" pagelayer-id=""wpv7212"">
<div class=""pagelayer-post-info-list-container"">
<span class=""pagelayer-post-info-icon"">
</span>
<span class=""pagelayer-post-info-label pagelayer-terms""> <a href=""https://almuftionline.com/category/fatwa/20/""> رضاعت کے مسائل </a></span>
</div></div></div></div></div></div></div></div><div class=""p-trw3096 pagelayer-inner_row pagelayer-row-stretch-auto pagelayer-height-default"" pagelayer-id=""trw3096"">
<style pagelayer-style-id=""trw3096"">.p-trw3096 .pagelayer-col-holder{padding: 10px}
.p-trw3096 > .pagelayer-background-overlay{-webkit-transition: all 400ms !important; transition: all 400ms !important}
.p-trw3096 .pagelayer-svg-top .pagelayer-shape-fill{fill:#227bc3}
.p-trw3096 .pagelayer-row-svg .pagelayer-svg-top{width:100%;height:100px}
.p-trw3096 .pagelayer-svg-bottom .pagelayer-shape-fill{fill:#e44993}
.p-trw3096 .pagelayer-row-svg .pagelayer-svg-bottom{width:100%;height:100px}
</style>
<div class=""pagelayer-row-holder pagelayer-row pagelayer-auto pagelayer-width-auto""><div class=""p-wwu6541 pagelayer-col pagelayer-col-2"" pagelayer-id=""wwu6541"">
<style pagelayer-style-id=""wwu6541"">.p-wwu6541{align-content: center !important}
.p-wwu6541 .pagelayer-col-holder > div:not(:last-child){margin-bottom: 15px}
.p-wwu6541 > .pagelayer-background-overlay{-webkit-transition: all 400ms !important; transition: all 400ms !important}
</style>
<div class=""pagelayer-col-holder""><div class=""p-ccj4284 pagelayer-post_content"" pagelayer-id=""ccj4284"">
<style pagelayer-style-id=""ccj4284"">.p-ccj4284{text-align: right}
</style><div class=""entry-content pagelayer-post-excerpt""><figure class=""wp-block-table""><table><tbody><tr><td>62171</td><td>رضاعت کے مسائل</td><td>متفرّق مسائل</td></tr></tbody></table></figure><div style=""direction:rtl;line-height: 2.5;""><h3 class=""has-text-align-center"">سوال</h3>زھرہ اورمریم دو بہنیں ہیں، زھرہ نے مریم کا دودھ پیا،اب مریم کی اولاد اورزھرہ کی اولاد کا  آپس میں نکاح ہوسکتاہے یانہیں ؟<h4 class=""has-text-align-center"">اَلجَوَابْ بِاسْمِ مُلْہِمِ الصَّوَابْ

</h4>زھرہ اورمریم دو بہنیں ہیں، زھرہ نے مریم کا دودھ پیا،اب مریم کی اولاد اورزھرہ کی اولاد کا  آپس میں نکاح ہوسکتاہے یانہیں ؟</div><h6 class=""has-text-align-right"">حوالہ جات</h6><div style=""direction: rtl;font-family: Amiri;
    
     font-size: 13px; font-weight: 400;"">عن ابن عباس رضي الله عنهما، قال: قال النبي صلى الله عليه وسلم في بنت حمزة: «لا تحل لي، يحرم من الرضاع ما يحرم من النسب، هي بنت أخي من الرضاعة» )صحيح البخاري   3/ 170)
وفی بدائع الصنائع (5/64،65)
وَأُمَّهَاتُكُمُ اللَّاتِي أَرْضَعْنَكُمْ.......المرضعۃ ام المرضع وحرمھاعلیہ ،وکذا بناتھایحرمن علیہ .......والاصل فی ھذہ الجملۃ قول النبی صلی اللہ علیہ وسلم يحرم من الرضاع ما يحرم من النسب.
</div>..<h6 class=""has-text-align-center"">
واللہ سبحانہ وتعالی اعلم
</h6><figure class=""wp-block-table""><table><tbody><tr><td><h3>مجیب</h3></td><td>سید حکیم شاہ </td><td><h3>مفتیان</h3></td><td> آفتاب احمد صاحب    / محمد حسین خلیل خیل صاحب</td></tr></tbody></table></figure></div></div></div></div></div></div><div class=""p-wl6689 pagelayer-inner_row pagelayer-row-stretch-auto pagelayer-height-default"" pagelayer-id=""wl6689"">
<style pagelayer-style-id=""wl6689"">.p-wl6689 .pagelayer-col-holder{padding: 10px}
.p-wl6689 > .pagelayer-background-overlay{-webkit-transition: all 400ms !important; transition: all 400ms !important}
.p-wl6689 .pagelayer-svg-top .pagelayer-shape-fill{fill:#227bc3}
.p-wl6689 .pagelayer-row-svg .pagelayer-svg-top{width:100%;height:100px}
.p-wl6689 .pagelayer-svg-bottom .pagelayer-shape-fill{fill:#e44993}
.p-wl6689 .pagelayer-row-svg .pagelayer-svg-bottom{width:100%;height:100px}
</style>
<div class=""pagelayer-row-holder pagelayer-row pagelayer-auto pagelayer-width-auto""><div class=""p-jzl6522 pagelayer-col pagelayer-col-6"" pagelayer-id=""jzl6522"">
<style pagelayer-style-id=""jzl6522"">.p-jzl6522{align-content: center !important}
.p-jzl6522 .pagelayer-col-holder > div:not(:last-child){margin-bottom: 15px}
.p-jzl6522 > .pagelayer-background-overlay{-webkit-transition: all 400ms !important; transition: all 400ms !important}
</style>
<div class=""pagelayer-col-holder""><div class=""p-xsb5673 pagelayer-share_grp pagelayer-share-type-icon-label pagelayer-social-bg-none pagelayer-scheme-official"" pagelayer-id=""xsb5673"">
<style pagelayer-style-id=""xsb5673"">.p-xsb5673{text-align: right}
.p-xsb5673 .pagelayer-share-content{min-height: 35px;-webkit-transition: all 400ms; transition: all 400ms}
.p-xsb5673 i{font-size: 27px}
.p-xsb5673 .pagelayer-icon-holder{font-size: 27px}
.p-xsb5673 .pagelayer-share-content i{-webkit-transition: all 400ms; transition: all 400ms}
.p-xsb5673 .pagelayer-icon-name{font-family: Roboto; font-size: 15px !important; font-style:  !important; font-weight: 500 !important; font-variant:  !important; text-decoration-line:  !important; text-decoration-style:  !important; line-height: em !important; text-transform:  !important; letter-spacing: px !important; word-spacing: px !important}
@media (max-width: 768px) and (min-width: 501px){.p-xsb5673{text-align: left}
.p-xsb5673 .pagelayer-share{padding-top: 10px; padding-bottom: 10px;padding-left: 10px; padding-right: 10px}
.p-xsb5673 i{font-size: 20px}
.p-xsb5673 .pagelayer-icon-holder{font-size: 20px}
.p-xsb5673 .pagelayer-icon-name{font-family: ; font-size: 13px !important; font-style:  !important; font-weight:  !important; font-variant:  !important; text-decoration-line:  !important; text-decoration-style:  !important; line-height: em !important; text-transform:  !important; letter-spacing: px !important; word-spacing: px !important}
}
@media (max-width: 500px){.p-xsb5673{text-align: left}
.p-xsb5673 .pagelayer-share{padding-top: 10px; padding-bottom: 10px;padding-left: 10px; padding-right: 10px}
.p-xsb5673 .pagelayer-share-content{min-height: NaNpx}
.p-xsb5673 i{font-size: 20px}
.p-xsb5673 .pagelayer-icon-holder{font-size: 20px}
.p-xsb5673 .pagelayer-icon-name{font-family: ; font-size: 13px !important; font-style:  !important; font-weight:  !important; font-variant:  !important; text-decoration-line:  !important; text-decoration-style:  !important; line-height: em !important; text-transform:  !important; letter-spacing: px !important; word-spacing: px !important}
}
</style><div class=""p-9mh2934 pagelayer-share"" pagelayer-id=""9mh2934"">
<a class=""pagelayer-ele-link"" href=""https://www.facebook.com/sharer/sharer.php?u=almuftionline.com/2018/02/19/803/"" target=""_blank"" title=""fab fa-facebook-square"">
<div class=""pagelayer-share-content pagelayer-facebook-square"" data-icon=""fab fa-facebook-square"">
<div class=""pagelayer-icon-holder pagelayer-share-buttons"">
<i class=""pagelayer-social-fa fab fa-facebook-square""></i>
</div>
<div class=""pagelayer-icon-name"">
<span class=""pagelayer-icon-name-span"">Facebook</span>
</div>
</div>
</a></div><div class=""p-rai4926 pagelayer-share"" pagelayer-id=""rai4926"">
<a class=""pagelayer-ele-link"" href=""https://twitter.com/share?url=almuftionline.com/2018/02/19/803/"" target=""_blank"" title=""fab fa-twitter-square"">
<div class=""pagelayer-share-content pagelayer-twitter-square"" data-icon=""fab fa-twitter-square"">
<div class=""pagelayer-icon-holder pagelayer-share-buttons"">
<i class=""pagelayer-social-fa fab fa-twitter-square""></i>
</div>
<div class=""pagelayer-icon-name"">
<span class=""pagelayer-icon-name-span"">Twitter</span>
</div>
</div>
</a></div><div class=""p-ndy3728 pagelayer-share"" pagelayer-id=""ndy3728"">
<a class=""pagelayer-ele-link"" href=""whatsapp://send?text=almuftionline.com/2018/02/19/803/"" target=""_blank"" title=""fab fa-whatsapp"">
<div class=""pagelayer-share-content pagelayer-whatsapp"" data-icon=""fab fa-whatsapp"">
<div class=""pagelayer-icon-holder pagelayer-share-buttons"">
<i class=""pagelayer-social-fa fab fa-whatsapp""></i>
</div>
<div class=""pagelayer-icon-name"">
<span class=""pagelayer-icon-name-span"">WhatsApp</span>
</div>
</div>
</a></div></div></div></div></div></div><div class=""p-zqp4850 pagelayer-inner_row pagelayer-row-stretch-auto pagelayer-height-default"" pagelayer-id=""zqp4850"">
<style pagelayer-style-id=""zqp4850"">.p-zqp4850 .pagelayer-col-holder{padding: 10px}
.p-zqp4850 > .pagelayer-background-overlay{-webkit-transition: all 400ms !important; transition: all 400ms !important}
.p-zqp4850 .pagelayer-svg-top .pagelayer-shape-fill{fill:#227bc3}
.p-zqp4850 .pagelayer-row-svg .pagelayer-svg-top{width:100%;height:100px}
.p-zqp4850 .pagelayer-svg-bottom .pagelayer-shape-fill{fill:#e44993}
.p-zqp4850 .pagelayer-row-svg .pagelayer-svg-bottom{width:100%;height:100px}
</style>
<div class=""pagelayer-row-holder pagelayer-row pagelayer-auto pagelayer-width-auto""><div class=""p-q725202 pagelayer-col pagelayer-col-2"" pagelayer-id=""q725202"">
<style pagelayer-style-id=""q725202"">.p-q725202{align-content: center !important}
.p-q725202 .pagelayer-col-holder > div:not(:last-child){margin-bottom: 15px}
.p-q725202 > .pagelayer-background-overlay{-webkit-transition: all 400ms !important; transition: all 400ms !important}
</style>
<div class=""pagelayer-col-holder""><div class=""p-55r4448 pagelayer-post_nav"" pagelayer-id=""55r4448"">
<style pagelayer-style-id=""55r4448"">.p-55r4448 .pagelayer-post-nav-link{color:#adb5bd;font-family:  !important; font-size: 15px !important; font-style:  !important; font-weight:  !important; font-variant:  !important; text-decoration-line:  !important; text-decoration-style:  !important; line-height: em !important; text-transform:  !important; letter-spacing: px !important; word-spacing: px !important}
.p-55r4448 .pagelayer-post-nav-title{color:#000000;font-family:  !important; font-size: 18px !important; font-style:  !important; font-weight: bold !important; font-variant:  !important; text-decoration-line:  !important; text-decoration-style: Solid !important; line-height: em !important; text-transform:  !important; letter-spacing: px !important; word-spacing: px !important}
.p-55r4448 .pagelayer-post-nav-icon{color:#adb5bd;font-size:30px}
.p-55r4448 .pagelayer-post-nav-separator{display:none}
@media (max-width: 768px) and (min-width: 501px){.p-55r4448 .pagelayer-post-nav-link{font-family:  !important; font-size: 12px !important; font-style:  !important; font-weight:  !important; font-variant:  !important; text-decoration-line:  !important; text-decoration-style: Solid !important; line-height: em !important; text-transform:  !important; letter-spacing: px !important; word-spacing: px !important}
.p-55r4448 .pagelayer-post-nav-title{font-family:  !important; font-size: 15px !important; font-style:  !important; font-weight:  !important; font-variant:  !important; text-decoration-line:  !important; text-decoration-style: Solid !important; line-height: em !important; text-transform:  !important; letter-spacing: px !important; word-spacing: px !important}
}
@media (max-width: 500px){.p-55r4448 .pagelayer-post-nav-link{font-family:  !important; font-size: 12px !important; font-style:  !important; font-weight:  !important; font-variant:  !important; text-decoration-line:  !important; text-decoration-style: Solid !important; line-height: em !important; text-transform:  !important; letter-spacing: px !important; word-spacing: px !important}
.p-55r4448 .pagelayer-post-nav-title{font-family:  !important; font-size: 12px !important; font-style:  !important; font-weight:  !important; font-variant:  !important; text-decoration-line:  !important; text-decoration-style: Solid !important; line-height: em !important; text-transform:  !important; letter-spacing: px !important; word-spacing: px !important}
}
</style><div class=""pagelayer-post-nav-container"">
<div class=""pagelayer-prev-post"">
<a href=""https://almuftionline.com/2018/02/18/2637/"" rel=""prev""><span class=""pagelayer-post-nav-icon fa fa-chevron-left""></span>
<span class=""pagelayer-next-holder"">
<span class=""pagelayer-post-nav-link""> Previous</span><span class=""pagelayer-post-nav-title"">مسبوق پر واجب ترک کرنے کی وجہ سے سجدہ سہو ہےیا نہیں؟</span>
</span></a>
</div>
<div class=""pagelayer-post-nav-separator""></div>
<div class=""pagelayer-next-post"">
<a href=""https://almuftionline.com/2018/02/19/1760/"" rel=""next""><span class=""pagelayer-next-holder"">
<span class=""pagelayer-post-nav-link""> Next</span><span class=""pagelayer-post-nav-title"">قرآنی آیت اور قدوری کی ایک عبارت کی وضاحت</span>
</span>
<span class=""pagelayer-post-nav-icon fa fa-chevron-right""></span></a>
</div>
</div></div></div></div></div></div></div>"
2018-02-18,https://almuftionline.com/2018/02/18/2637/,مسبوق پر واجب ترک کرنے کی وجہ سے سجدہ سہو ہےیا نہیں؟,,"<h4 class=""has-text-align-center"">اَلجَوَابْ بِاسْمِ مُلْہِمِ الصَّوَابْ

</h4><h6 class=""has-text-align-right"">حوالہ جات</h6><div style=""direction: rtl;font-family: Amiri;
    
     font-size: 13px; font-weight: 400;"">رد المحتار (ج 4 / ص 352):
""( قوله والمسبوق من سبقه الإمام بها ) أي بكل الركعات ، بأن اقتدى به بعد ركوع الأخيرة ، وقوله أو ببعضها : أي بعض الركعات ( قوله حتى يثني إلخ ) تفريع على قوله منفرد فيما يقضيه بعد فراغ إمامه ، فيأتي بالثناء والتعوذ لأنه للقراءة ويقرأ لأنه يقضي أول صلاته في حق القراءة كما يأتي ؛ حتى لو ترك القراءة فسدت .... ويلزمه السجود إذا سها فيما يقضيه""
رد المحتار (ج 5 / ص 361):
""( والمسبوق يسجد مع إمامه مطلقا ) سواء كان السهو قبل الاقتداء أو بعده ( ثم يقضي ما فاته ) ولو سها فيه سجد ثانيا... ( قوله ولو سها فيه ) أي فيما يقضيه بعد فراغ الإمام يسجد ثانيا لأنه منفرد فيه والمنفرد يسجد لسهوه""
</div><h6 class=""has-text-align-center"">
واللہ سبحانہ وتعالی اعلم
</h6><figure class=""wp-block-table""><table><tbody><tr><td><h3>مجیب</h3></td><td>محمد اویس صاحب</td><td><h3>مفتیان</h3></td><td> آفتاب احمد صاحب    / سیّد عابد شاہ صاحب</td></tr></tbody></table></figure>",62235,jameya-tur-rasheed,نماز کا بیان,مسبوق اور لاحق کے احکام,"<div class=""pagelayer-col-holder""><div class=""p-kgd1425 pagelayer-post_excerpt"" pagelayer-id=""kgd1425"">
<style pagelayer-style-id=""kgd1425"">.p-kgd1425 .pagelayer-post-excerpt{color:#adb5bd;font-family: ; font-size: 15px !important; font-style: Italic !important; font-weight: 500 !important; font-variant:  !important; text-decoration-line:  !important; text-decoration-style:  !important; line-height: 1.5em !important; text-transform:  !important; letter-spacing: px !important; word-spacing: px !important;margin-top:0px; margin-right:0px; margin-bottom:0px; margin-left:0px}
.p-kgd1425{text-align: left;margin-top: 0px; margin-right: 0px; margin-bottom: 0px; margin-left: 0px;padding-top: 0px; padding-right: 0px; padding-bottom: 0px; padding-left: 0px}
</style></div><div class=""p-4wb1030 pagelayer-featured_img"" pagelayer-id=""4wb1030"">
<style pagelayer-style-id=""4wb1030"">.p-4wb1030{text-align: center}
.p-4wb1030 img{filter: blur(0px) brightness(100%) contrast(100%) grayscale(0%) hue-rotate(0deg) opacity(100%) saturate(100%);box-shadow: 0px 24px 36px 0px rgba(0,0,0,0.10)  !important;-webkit-transition: all 400ms; transition: all 400ms}
.p-4wb1030 .pagelayer-featured-caption{color: #0986c0}
</style>
<div class=""pagelayer-featured-img""></div>
</div><div class=""p-f8n3612 pagelayer-inner_row pagelayer-row-stretch-auto pagelayer-height-default"" pagelayer-id=""f8n3612"">
<style pagelayer-style-id=""f8n3612"">.p-f8n3612 .pagelayer-col-holder{padding: 10px}
.p-f8n3612 > .pagelayer-background-overlay{-webkit-transition: all 400ms !important; transition: all 400ms !important}
.p-f8n3612 .pagelayer-svg-top .pagelayer-shape-fill{fill:#227bc3}
.p-f8n3612 .pagelayer-row-svg .pagelayer-svg-top{width:100%;height:100px}
.p-f8n3612 .pagelayer-svg-bottom .pagelayer-shape-fill{fill:#e44993}
.p-f8n3612 .pagelayer-row-svg .pagelayer-svg-bottom{width:100%;height:100px}
</style>
<div class=""pagelayer-row-holder pagelayer-row pagelayer-auto pagelayer-width-auto""><div class=""p-i795860 pagelayer-col pagelayer-col-4"" pagelayer-id=""i795860"">
<style pagelayer-style-id=""i795860"">.p-i795860{align-content: center !important}
.p-i795860 .pagelayer-col-holder > div:not(:last-child){margin-bottom: 15px}
.p-i795860 > .pagelayer-background-overlay{-webkit-transition: all 400ms !important; transition: all 400ms !important}
</style>
<div class=""pagelayer-col-holder""><div class=""p-qip3968 pagelayer-post_info"" pagelayer-id=""qip3968"">
<style pagelayer-style-id=""qip3968"">.p-qip3968 .pagelayer-post-info-vertical .pagelayer-post-info-list-container{margin-right:25px}
.p-qip3968 .pagelayer-post-info-horizontal .pagelayer-post-info-list-container{margin-bottom:25px}
.p-qip3968 .pagelayer-post-info-container{text-align:right}
.p-qip3968 .pagelayer-post-info-icon span{font-size:120%;color:#495057}
.p-qip3968 .pagelayer-post-info-list-container a{font-family: Roboto !important; font-size: 14px !important; font-style:  !important; font-weight: 500 !important; font-variant:  !important; text-decoration-line:  !important; text-decoration-style:  !important; line-height: 1.6em !important; text-transform:  !important; letter-spacing: px !important; word-spacing: px !important}
.p-qip3968 .pagelayer-post-info-label{color:#495057}
.p-qip3968 .pagelayer-post-info-label a{color:#495057}
.p-qip3968 .pagelayer-post-info-label:hover{color:#000000}
.p-qip3968 .pagelayer-post-info-label:hover a{color:#000000}
</style><div class=""pagelayer-post-info-container pagelayer-post-info-vertical""><div class=""p-xj43574 pagelayer-post_info_list"" pagelayer-id=""xj43574"">
<div class=""pagelayer-post-info-list-container"">
<a class=""pagelayer-post-info-list-link"" href=""https://almuftionline.com/2018/02/18/"">
<span class=""pagelayer-post-info-icon"">
<span class=""far fa-clock""></span>
</span>
<span class=""pagelayer-post-info-label pagelayer-date"">فروری 18, 2018</span>
</a>
</div></div></div></div></div></div><div class=""p-t2j1983 pagelayer-col pagelayer-col-7"" pagelayer-id=""t2j1983"">
<style pagelayer-style-id=""t2j1983"">.p-t2j1983{align-content: center !important}
.p-t2j1983 .pagelayer-col-holder > div:not(:last-child){margin-bottom: 15px}
.p-t2j1983 > .pagelayer-background-overlay{-webkit-transition: all 400ms !important; transition: all 400ms !important}
</style>
<div class=""pagelayer-col-holder""><div class=""p-dbq3916 pagelayer-post_info"" pagelayer-id=""dbq3916"">
<style pagelayer-style-id=""dbq3916"">.p-dbq3916 .pagelayer-post-info-container{text-align:right}
.p-dbq3916 .pagelayer-post-info-icon span{font-size:120%;color:#495057}
.p-dbq3916 .pagelayer-post-info-list-container a{font-family: Roboto !important; font-size: 14px !important; font-style:  !important; font-weight: 500 !important; font-variant:  !important; text-decoration-line:  !important; text-decoration-style:  !important; line-height: 1.6em !important; text-transform:  !important; letter-spacing: px !important; word-spacing: px !important}
.p-dbq3916 .pagelayer-post-info-label{color:#0072ff}
.p-dbq3916 .pagelayer-post-info-label a{color:#0072ff}
.p-dbq3916 .pagelayer-terms *{color:#f8952c !important;padding-top:5px; padding-right:10px; padding-bottom:5px; padding-left:10px;margin-top:0px; margin-right:5px; margin-bottom:0px; margin-left:5px;border-radius: 4px 4px 4px 4px; -webkit-border-radius:  4px 4px 4px 4px;-moz-border-radius: 4px 4px 4px 4px}
.p-dbq3916{padding-top: 0px; padding-right: 0px; padding-bottom: 0px; padding-left: 0px}
@media (max-width: 768px) and (min-width: 501px){.p-dbq3916 .pagelayer-post-info-container{text-align:left}
}
@media (max-width: 500px){.p-dbq3916 .pagelayer-post-info-container{text-align:left}
}
</style><div class=""pagelayer-post-info-container pagelayer-post-info-vertical""><div class=""p-wpv7212 pagelayer-post_info_list"" pagelayer-id=""wpv7212"">
<div class=""pagelayer-post-info-list-container"">
<span class=""pagelayer-post-info-icon"">
</span>
<span class=""pagelayer-post-info-label pagelayer-terms""> <a href=""https://almuftionline.com/category/fatwa/13/""> نماز کا بیان </a></span>
</div></div></div></div></div></div></div></div><div class=""p-trw3096 pagelayer-inner_row pagelayer-row-stretch-auto pagelayer-height-default"" pagelayer-id=""trw3096"">
<style pagelayer-style-id=""trw3096"">.p-trw3096 .pagelayer-col-holder{padding: 10px}
.p-trw3096 > .pagelayer-background-overlay{-webkit-transition: all 400ms !important; transition: all 400ms !important}
.p-trw3096 .pagelayer-svg-top .pagelayer-shape-fill{fill:#227bc3}
.p-trw3096 .pagelayer-row-svg .pagelayer-svg-top{width:100%;height:100px}
.p-trw3096 .pagelayer-svg-bottom .pagelayer-shape-fill{fill:#e44993}
.p-trw3096 .pagelayer-row-svg .pagelayer-svg-bottom{width:100%;height:100px}
</style>
<div class=""pagelayer-row-holder pagelayer-row pagelayer-auto pagelayer-width-auto""><div class=""p-wwu6541 pagelayer-col pagelayer-col-2"" pagelayer-id=""wwu6541"">
<style pagelayer-style-id=""wwu6541"">.p-wwu6541{align-content: center !important}
.p-wwu6541 .pagelayer-col-holder > div:not(:last-child){margin-bottom: 15px}
.p-wwu6541 > .pagelayer-background-overlay{-webkit-transition: all 400ms !important; transition: all 400ms !important}
</style>
<div class=""pagelayer-col-holder""><div class=""p-ccj4284 pagelayer-post_content"" pagelayer-id=""ccj4284"">
<style pagelayer-style-id=""ccj4284"">.p-ccj4284{text-align: right}
</style><div class=""entry-content pagelayer-post-excerpt""><figure class=""wp-block-table""><table><tbody><tr><td>62235</td><td>نماز کا بیان</td><td>مسبوق اور لاحق کے احکام</td></tr></tbody></table></figure><div style=""direction:rtl;line-height: 2.5;""><h3 class=""has-text-align-center"">سوال</h3>نمازکے دوران امام صاحب پرسجدہ سہوواجب ہوا،اسی نمازمیں مسبوق پر اپنی بقیہ رکعات اداکرتے ہوئے سجدہ سہوواجب ہوگیا تو مسبوق کے لئےامام صاحب کاسجدہ سہوکافی ہے یادوسراسجدہ سہو اپنی نمازکابھی اداکرے گا؟<h4 class=""has-text-align-center"">اَلجَوَابْ بِاسْمِ مُلْہِمِ الصَّوَابْ

</h4>مسبوق اپنی بقیہ رکعا ت کی ادائیگی میں  منفرد (اکیلے نمازپڑھنے والے(کے حکم میں ہوتاہےجس  طرح منفردپرواجب چھوٹنے کی صورت میں سجدہ سہوواجب ہوتاہے تواسی طرح مسبوق پربھی اپنی بقیہ رکعات کی ادائیگی میں واجب چھوٹنے کی وجہ سے سجدہ واجب ہوگا۔</div><h6 class=""has-text-align-right"">حوالہ جات</h6><div style=""direction: rtl;font-family: Amiri;
    
     font-size: 13px; font-weight: 400;"">رد المحتار (ج 4 / ص 352):
""( قوله والمسبوق من سبقه الإمام بها ) أي بكل الركعات ، بأن اقتدى به بعد ركوع الأخيرة ، وقوله أو ببعضها : أي بعض الركعات ( قوله حتى يثني إلخ ) تفريع على قوله منفرد فيما يقضيه بعد فراغ إمامه ، فيأتي بالثناء والتعوذ لأنه للقراءة ويقرأ لأنه يقضي أول صلاته في حق القراءة كما يأتي ؛ حتى لو ترك القراءة فسدت .... ويلزمه السجود إذا سها فيما يقضيه""
رد المحتار (ج 5 / ص 361):
""( والمسبوق يسجد مع إمامه مطلقا ) سواء كان السهو قبل الاقتداء أو بعده ( ثم يقضي ما فاته ) ولو سها فيه سجد ثانيا... ( قوله ولو سها فيه ) أي فيما يقضيه بعد فراغ الإمام يسجد ثانيا لأنه منفرد فيه والمنفرد يسجد لسهوه""
</div>..<h6 class=""has-text-align-center"">
واللہ سبحانہ وتعالی اعلم
</h6><figure class=""wp-block-table""><table><tbody><tr><td><h3>مجیب</h3></td><td>محمد اویس صاحب</td><td><h3>مفتیان</h3></td><td> آفتاب احمد صاحب    / سیّد عابد شاہ صاحب</td></tr></tbody></table></figure></div></div></div></div></div></div><div class=""p-wl6689 pagelayer-inner_row pagelayer-row-stretch-auto pagelayer-height-default"" pagelayer-id=""wl6689"">
<style pagelayer-style-id=""wl6689"">.p-wl6689 .pagelayer-col-holder{padding: 10px}
.p-wl6689 > .pagelayer-background-overlay{-webkit-transition: all 400ms !important; transition: all 400ms !important}
.p-wl6689 .pagelayer-svg-top .pagelayer-shape-fill{fill:#227bc3}
.p-wl6689 .pagelayer-row-svg .pagelayer-svg-top{width:100%;height:100px}
.p-wl6689 .pagelayer-svg-bottom .pagelayer-shape-fill{fill:#e44993}
.p-wl6689 .pagelayer-row-svg .pagelayer-svg-bottom{width:100%;height:100px}
</style>
<div class=""pagelayer-row-holder pagelayer-row pagelayer-auto pagelayer-width-auto""><div class=""p-jzl6522 pagelayer-col pagelayer-col-6"" pagelayer-id=""jzl6522"">
<style pagelayer-style-id=""jzl6522"">.p-jzl6522{align-content: center !important}
.p-jzl6522 .pagelayer-col-holder > div:not(:last-child){margin-bottom: 15px}
.p-jzl6522 > .pagelayer-background-overlay{-webkit-transition: all 400ms !important; transition: all 400ms !important}
</style>
<div class=""pagelayer-col-holder""><div class=""p-xsb5673 pagelayer-share_grp pagelayer-share-type-icon-label pagelayer-social-bg-none pagelayer-scheme-official"" pagelayer-id=""xsb5673"">
<style pagelayer-style-id=""xsb5673"">.p-xsb5673{text-align: right}
.p-xsb5673 .pagelayer-share-content{min-height: 35px;-webkit-transition: all 400ms; transition: all 400ms}
.p-xsb5673 i{font-size: 27px}
.p-xsb5673 .pagelayer-icon-holder{font-size: 27px}
.p-xsb5673 .pagelayer-share-content i{-webkit-transition: all 400ms; transition: all 400ms}
.p-xsb5673 .pagelayer-icon-name{font-family: Roboto; font-size: 15px !important; font-style:  !important; font-weight: 500 !important; font-variant:  !important; text-decoration-line:  !important; text-decoration-style:  !important; line-height: em !important; text-transform:  !important; letter-spacing: px !important; word-spacing: px !important}
@media (max-width: 768px) and (min-width: 501px){.p-xsb5673{text-align: left}
.p-xsb5673 .pagelayer-share{padding-top: 10px; padding-bottom: 10px;padding-left: 10px; padding-right: 10px}
.p-xsb5673 i{font-size: 20px}
.p-xsb5673 .pagelayer-icon-holder{font-size: 20px}
.p-xsb5673 .pagelayer-icon-name{font-family: ; font-size: 13px !important; font-style:  !important; font-weight:  !important; font-variant:  !important; text-decoration-line:  !important; text-decoration-style:  !important; line-height: em !important; text-transform:  !important; letter-spacing: px !important; word-spacing: px !important}
}
@media (max-width: 500px){.p-xsb5673{text-align: left}
.p-xsb5673 .pagelayer-share{padding-top: 10px; padding-bottom: 10px;padding-left: 10px; padding-right: 10px}
.p-xsb5673 .pagelayer-share-content{min-height: NaNpx}
.p-xsb5673 i{font-size: 20px}
.p-xsb5673 .pagelayer-icon-holder{font-size: 20px}
.p-xsb5673 .pagelayer-icon-name{font-family: ; font-size: 13px !important; font-style:  !important; font-weight:  !important; font-variant:  !important; text-decoration-line:  !important; text-decoration-style:  !important; line-height: em !important; text-transform:  !important; letter-spacing: px !important; word-spacing: px !important}
}
</style><div class=""p-9mh2934 pagelayer-share"" pagelayer-id=""9mh2934"">
<a class=""pagelayer-ele-link"" href=""https://www.facebook.com/sharer/sharer.php?u=almuftionline.com/2018/02/18/2637/"" target=""_blank"" title=""fab fa-facebook-square"">
<div class=""pagelayer-share-content pagelayer-facebook-square"" data-icon=""fab fa-facebook-square"">
<div class=""pagelayer-icon-holder pagelayer-share-buttons"">
<i class=""pagelayer-social-fa fab fa-facebook-square""></i>
</div>
<div class=""pagelayer-icon-name"">
<span class=""pagelayer-icon-name-span"">Facebook</span>
</div>
</div>
</a></div><div class=""p-rai4926 pagelayer-share"" pagelayer-id=""rai4926"">
<a class=""pagelayer-ele-link"" href=""https://twitter.com/share?url=almuftionline.com/2018/02/18/2637/"" target=""_blank"" title=""fab fa-twitter-square"">
<div class=""pagelayer-share-content pagelayer-twitter-square"" data-icon=""fab fa-twitter-square"">
<div class=""pagelayer-icon-holder pagelayer-share-buttons"">
<i class=""pagelayer-social-fa fab fa-twitter-square""></i>
</div>
<div class=""pagelayer-icon-name"">
<span class=""pagelayer-icon-name-span"">Twitter</span>
</div>
</div>
</a></div><div class=""p-ndy3728 pagelayer-share"" pagelayer-id=""ndy3728"">
<a class=""pagelayer-ele-link"" href=""whatsapp://send?text=almuftionline.com/2018/02/18/2637/"" target=""_blank"" title=""fab fa-whatsapp"">
<div class=""pagelayer-share-content pagelayer-whatsapp"" data-icon=""fab fa-whatsapp"">
<div class=""pagelayer-icon-holder pagelayer-share-buttons"">
<i class=""pagelayer-social-fa fab fa-whatsapp""></i>
</div>
<div class=""pagelayer-icon-name"">
<span class=""pagelayer-icon-name-span"">WhatsApp</span>
</div>
</div>
</a></div></div></div></div></div></div><div class=""p-zqp4850 pagelayer-inner_row pagelayer-row-stretch-auto pagelayer-height-default"" pagelayer-id=""zqp4850"">
<style pagelayer-style-id=""zqp4850"">.p-zqp4850 .pagelayer-col-holder{padding: 10px}
.p-zqp4850 > .pagelayer-background-overlay{-webkit-transition: all 400ms !important; transition: all 400ms !important}
.p-zqp4850 .pagelayer-svg-top .pagelayer-shape-fill{fill:#227bc3}
.p-zqp4850 .pagelayer-row-svg .pagelayer-svg-top{width:100%;height:100px}
.p-zqp4850 .pagelayer-svg-bottom .pagelayer-shape-fill{fill:#e44993}
.p-zqp4850 .pagelayer-row-svg .pagelayer-svg-bottom{width:100%;height:100px}
</style>
<div class=""pagelayer-row-holder pagelayer-row pagelayer-auto pagelayer-width-auto""><div class=""p-q725202 pagelayer-col pagelayer-col-2"" pagelayer-id=""q725202"">
<style pagelayer-style-id=""q725202"">.p-q725202{align-content: center !important}
.p-q725202 .pagelayer-col-holder > div:not(:last-child){margin-bottom: 15px}
.p-q725202 > .pagelayer-background-overlay{-webkit-transition: all 400ms !important; transition: all 400ms !important}
</style>
<div class=""pagelayer-col-holder""><div class=""p-55r4448 pagelayer-post_nav"" pagelayer-id=""55r4448"">
<style pagelayer-style-id=""55r4448"">.p-55r4448 .pagelayer-post-nav-link{color:#adb5bd;font-family:  !important; font-size: 15px !important; font-style:  !important; font-weight:  !important; font-variant:  !important; text-decoration-line:  !important; text-decoration-style:  !important; line-height: em !important; text-transform:  !important; letter-spacing: px !important; word-spacing: px !important}
.p-55r4448 .pagelayer-post-nav-title{color:#000000;font-family:  !important; font-size: 18px !important; font-style:  !important; font-weight: bold !important; font-variant:  !important; text-decoration-line:  !important; text-decoration-style: Solid !important; line-height: em !important; text-transform:  !important; letter-spacing: px !important; word-spacing: px !important}
.p-55r4448 .pagelayer-post-nav-icon{color:#adb5bd;font-size:30px}
.p-55r4448 .pagelayer-post-nav-separator{display:none}
@media (max-width: 768px) and (min-width: 501px){.p-55r4448 .pagelayer-post-nav-link{font-family:  !important; font-size: 12px !important; font-style:  !important; font-weight:  !important; font-variant:  !important; text-decoration-line:  !important; text-decoration-style: Solid !important; line-height: em !important; text-transform:  !important; letter-spacing: px !important; word-spacing: px !important}
.p-55r4448 .pagelayer-post-nav-title{font-family:  !important; font-size: 15px !important; font-style:  !important; font-weight:  !important; font-variant:  !important; text-decoration-line:  !important; text-decoration-style: Solid !important; line-height: em !important; text-transform:  !important; letter-spacing: px !important; word-spacing: px !important}
}
@media (max-width: 500px){.p-55r4448 .pagelayer-post-nav-link{font-family:  !important; font-size: 12px !important; font-style:  !important; font-weight:  !important; font-variant:  !important; text-decoration-line:  !important; text-decoration-style: Solid !important; line-height: em !important; text-transform:  !important; letter-spacing: px !important; word-spacing: px !important}
.p-55r4448 .pagelayer-post-nav-title{font-family:  !important; font-size: 12px !important; font-style:  !important; font-weight:  !important; font-variant:  !important; text-decoration-line:  !important; text-decoration-style: Solid !important; line-height: em !important; text-transform:  !important; letter-spacing: px !important; word-spacing: px !important}
}
</style><div class=""pagelayer-post-nav-container"">
<div class=""pagelayer-prev-post"">
<a href=""https://almuftionline.com/2018/02/18/1870/"" rel=""prev""><span class=""pagelayer-post-nav-icon fa fa-chevron-left""></span>
<span class=""pagelayer-next-holder"">
<span class=""pagelayer-post-nav-link""> Previous</span><span class=""pagelayer-post-nav-title"">امام کے لیے رکوع میں سجدۂ تلاوت کی نیت کرنا</span>
</span></a>
</div>
<div class=""pagelayer-post-nav-separator""></div>
<div class=""pagelayer-next-post"">
<a href=""https://almuftionline.com/2018/02/19/803/"" rel=""next""><span class=""pagelayer-next-holder"">
<span class=""pagelayer-post-nav-link""> Next</span><span class=""pagelayer-post-nav-title"">جب ایک بہن دوسری  بہن کو دودھ پلادے تو ان کی اولاد کا آپس میں رشتہ درست نہیں</span>
</span>
<span class=""pagelayer-post-nav-icon fa fa-chevron-right""></span></a>
</div>
</div></div></div></div></div></div></div>"
2018-02-18,https://almuftionline.com/2018/02/18/1870/,امام کے لیے رکوع میں سجدۂ تلاوت کی نیت کرنا,,"<h4 class=""has-text-align-center"">اَلجَوَابْ بِاسْمِ مُلْہِمِ الصَّوَابْ

</h4><h6 class=""has-text-align-right"">حوالہ جات</h6><div style=""direction: rtl;font-family: Amiri;
    
     font-size: 13px; font-weight: 400;"">ذکر فی الفتاوی التاترخانیۃ: ""وإذا قرأ اٰیۃ السجدۃ في صلاتہ وھي في آخر السورۃ، فإن شاء رکع لہا، وان شاء سجد."" (الفتاویٰ التاتارخانیۃ: ۲؍۴۷۷)

قال العلامة الحصكفي رحمه اللہ تعالی: ""(و) تؤدى (بركوع صلاة) إذا كان الركوع (على الفور من قراءة آية) أو آيتين وكذا الثلاث على الظاهر كما في البحر (إن نواه) أي كون الركوع (لسجود) التلاوة على الراجح (و) تؤدى (بسجودها كذلك) أي على الفور (وإن لم ينو) بالإجماع. ولو نواها في ركوعه ولم ينوها المؤتم لم تجزه، ويسجد إذا سلم الإمام ويعيد القعدة، ولو تركها ]القعدۃ الأخیرۃ[ فسدت صلاته، كذا في القنية وينبغي حمله على الجهرية. نعم لو ركع وسجد لها فورا ناب بلا نية "". 
قال العلامۃ ابن عابدین شارحا ھذہ العبارۃ المذکورۃ: "" قوله: (لو ركع وسجد لها): أي للصلاة فورا ناب أي سجود المقتدي عن سجود التلاوة بلا نية تبعا لسجود إمامه لما مر آنفا أنها تؤدى بسجود الصلاة فورا وإن لم ينو. والظاھر أن المقصود بھذا الاستدراك التنبیہ علی أنہ ینبغی للإمام أن لا ینویھا فی الرکوع؛ لأنہ إذا لم ینوھا فیہ ونواھا فی السجود أو لم ینوھا أصلاً لا شیء علی الموٴتم؛ لأن السجود ھو الأصل فیہا... ھذا وفی القہستانی واختلفوا فی أن نیة الإمام کافیة کما فی الکافی، فلو لم ینو المقتدی لا ینوب علی رأی الخ ... ثم قال بحثاً: والأولیٰ أنہ یحمل علی القول بأن نیة الإمام لا تنوب عن نیة الموٴتم، والمتبادر من کلام القہستانی السابق أنہ خلاف الأصح، حیث قال علی رأی، فتأمل."" (الدر المحتار مع رد المحتار:۲؍۱۱۲، ایچ ایم سعید)

وقال الإمام الرافعی رحمہ اللہ تعالی: ""ھل إعادتہا ]القعدۃ الأخیرۃ[ بعد السلام شرط حتی لا یسوغ تقدیمہا أو ھو لبیان غایۃ تأخیرھا حتی لو قدّمہا صح؛ لأنہ بمنزلۃ اللاحق یراجع إلخ، الظاھر الثاني."" (تقریراتِ رافعی ۲؍۱۰۶)
</div><h6 class=""has-text-align-center"">
واللہ سبحانہ وتعالی اعلم
</h6><figure class=""wp-block-table""><table><tbody><tr><td><h3>مجیب</h3></td><td>متخصص</td><td><h3>مفتیان</h3></td><td> فیصل احمد صاحب / شہبازعلی صاحب</td></tr></tbody></table></figure>",62383,jameya-tur-rasheed,نماز کا بیان,سجدہ تلاوت کا بیان,"<div class=""pagelayer-col-holder""><div class=""p-kgd1425 pagelayer-post_excerpt"" pagelayer-id=""kgd1425"">
<style pagelayer-style-id=""kgd1425"">.p-kgd1425 .pagelayer-post-excerpt{color:#adb5bd;font-family: ; font-size: 15px !important; font-style: Italic !important; font-weight: 500 !important; font-variant:  !important; text-decoration-line:  !important; text-decoration-style:  !important; line-height: 1.5em !important; text-transform:  !important; letter-spacing: px !important; word-spacing: px !important;margin-top:0px; margin-right:0px; margin-bottom:0px; margin-left:0px}
.p-kgd1425{text-align: left;margin-top: 0px; margin-right: 0px; margin-bottom: 0px; margin-left: 0px;padding-top: 0px; padding-right: 0px; padding-bottom: 0px; padding-left: 0px}
</style></div><div class=""p-4wb1030 pagelayer-featured_img"" pagelayer-id=""4wb1030"">
<style pagelayer-style-id=""4wb1030"">.p-4wb1030{text-align: center}
.p-4wb1030 img{filter: blur(0px) brightness(100%) contrast(100%) grayscale(0%) hue-rotate(0deg) opacity(100%) saturate(100%);box-shadow: 0px 24px 36px 0px rgba(0,0,0,0.10)  !important;-webkit-transition: all 400ms; transition: all 400ms}
.p-4wb1030 .pagelayer-featured-caption{color: #0986c0}
</style>
<div class=""pagelayer-featured-img""></div>
</div><div class=""p-f8n3612 pagelayer-inner_row pagelayer-row-stretch-auto pagelayer-height-default"" pagelayer-id=""f8n3612"">
<style pagelayer-style-id=""f8n3612"">.p-f8n3612 .pagelayer-col-holder{padding: 10px}
.p-f8n3612 > .pagelayer-background-overlay{-webkit-transition: all 400ms !important; transition: all 400ms !important}
.p-f8n3612 .pagelayer-svg-top .pagelayer-shape-fill{fill:#227bc3}
.p-f8n3612 .pagelayer-row-svg .pagelayer-svg-top{width:100%;height:100px}
.p-f8n3612 .pagelayer-svg-bottom .pagelayer-shape-fill{fill:#e44993}
.p-f8n3612 .pagelayer-row-svg .pagelayer-svg-bottom{width:100%;height:100px}
</style>
<div class=""pagelayer-row-holder pagelayer-row pagelayer-auto pagelayer-width-auto""><div class=""p-i795860 pagelayer-col pagelayer-col-4"" pagelayer-id=""i795860"">
<style pagelayer-style-id=""i795860"">.p-i795860{align-content: center !important}
.p-i795860 .pagelayer-col-holder > div:not(:last-child){margin-bottom: 15px}
.p-i795860 > .pagelayer-background-overlay{-webkit-transition: all 400ms !important; transition: all 400ms !important}
</style>
<div class=""pagelayer-col-holder""><div class=""p-qip3968 pagelayer-post_info"" pagelayer-id=""qip3968"">
<style pagelayer-style-id=""qip3968"">.p-qip3968 .pagelayer-post-info-vertical .pagelayer-post-info-list-container{margin-right:25px}
.p-qip3968 .pagelayer-post-info-horizontal .pagelayer-post-info-list-container{margin-bottom:25px}
.p-qip3968 .pagelayer-post-info-container{text-align:right}
.p-qip3968 .pagelayer-post-info-icon span{font-size:120%;color:#495057}
.p-qip3968 .pagelayer-post-info-list-container a{font-family: Roboto !important; font-size: 14px !important; font-style:  !important; font-weight: 500 !important; font-variant:  !important; text-decoration-line:  !important; text-decoration-style:  !important; line-height: 1.6em !important; text-transform:  !important; letter-spacing: px !important; word-spacing: px !important}
.p-qip3968 .pagelayer-post-info-label{color:#495057}
.p-qip3968 .pagelayer-post-info-label a{color:#495057}
.p-qip3968 .pagelayer-post-info-label:hover{color:#000000}
.p-qip3968 .pagelayer-post-info-label:hover a{color:#000000}
</style><div class=""pagelayer-post-info-container pagelayer-post-info-vertical""><div class=""p-xj43574 pagelayer-post_info_list"" pagelayer-id=""xj43574"">
<div class=""pagelayer-post-info-list-container"">
<a class=""pagelayer-post-info-list-link"" href=""https://almuftionline.com/2018/02/18/"">
<span class=""pagelayer-post-info-icon"">
<span class=""far fa-clock""></span>
</span>
<span class=""pagelayer-post-info-label pagelayer-date"">فروری 18, 2018</span>
</a>
</div></div></div></div></div></div><div class=""p-t2j1983 pagelayer-col pagelayer-col-7"" pagelayer-id=""t2j1983"">
<style pagelayer-style-id=""t2j1983"">.p-t2j1983{align-content: center !important}
.p-t2j1983 .pagelayer-col-holder > div:not(:last-child){margin-bottom: 15px}
.p-t2j1983 > .pagelayer-background-overlay{-webkit-transition: all 400ms !important; transition: all 400ms !important}
</style>
<div class=""pagelayer-col-holder""><div class=""p-dbq3916 pagelayer-post_info"" pagelayer-id=""dbq3916"">
<style pagelayer-style-id=""dbq3916"">.p-dbq3916 .pagelayer-post-info-container{text-align:right}
.p-dbq3916 .pagelayer-post-info-icon span{font-size:120%;color:#495057}
.p-dbq3916 .pagelayer-post-info-list-container a{font-family: Roboto !important; font-size: 14px !important; font-style:  !important; font-weight: 500 !important; font-variant:  !important; text-decoration-line:  !important; text-decoration-style:  !important; line-height: 1.6em !important; text-transform:  !important; letter-spacing: px !important; word-spacing: px !important}
.p-dbq3916 .pagelayer-post-info-label{color:#0072ff}
.p-dbq3916 .pagelayer-post-info-label a{color:#0072ff}
.p-dbq3916 .pagelayer-terms *{color:#f8952c !important;padding-top:5px; padding-right:10px; padding-bottom:5px; padding-left:10px;margin-top:0px; margin-right:5px; margin-bottom:0px; margin-left:5px;border-radius: 4px 4px 4px 4px; -webkit-border-radius:  4px 4px 4px 4px;-moz-border-radius: 4px 4px 4px 4px}
.p-dbq3916{padding-top: 0px; padding-right: 0px; padding-bottom: 0px; padding-left: 0px}
@media (max-width: 768px) and (min-width: 501px){.p-dbq3916 .pagelayer-post-info-container{text-align:left}
}
@media (max-width: 500px){.p-dbq3916 .pagelayer-post-info-container{text-align:left}
}
</style><div class=""pagelayer-post-info-container pagelayer-post-info-vertical""><div class=""p-wpv7212 pagelayer-post_info_list"" pagelayer-id=""wpv7212"">
<div class=""pagelayer-post-info-list-container"">
<span class=""pagelayer-post-info-icon"">
</span>
<span class=""pagelayer-post-info-label pagelayer-terms""> <a href=""https://almuftionline.com/category/fatwa/13/""> نماز کا بیان </a></span>
</div></div></div></div></div></div></div></div><div class=""p-trw3096 pagelayer-inner_row pagelayer-row-stretch-auto pagelayer-height-default"" pagelayer-id=""trw3096"">
<style pagelayer-style-id=""trw3096"">.p-trw3096 .pagelayer-col-holder{padding: 10px}
.p-trw3096 > .pagelayer-background-overlay{-webkit-transition: all 400ms !important; transition: all 400ms !important}
.p-trw3096 .pagelayer-svg-top .pagelayer-shape-fill{fill:#227bc3}
.p-trw3096 .pagelayer-row-svg .pagelayer-svg-top{width:100%;height:100px}
.p-trw3096 .pagelayer-svg-bottom .pagelayer-shape-fill{fill:#e44993}
.p-trw3096 .pagelayer-row-svg .pagelayer-svg-bottom{width:100%;height:100px}
</style>
<div class=""pagelayer-row-holder pagelayer-row pagelayer-auto pagelayer-width-auto""><div class=""p-wwu6541 pagelayer-col pagelayer-col-2"" pagelayer-id=""wwu6541"">
<style pagelayer-style-id=""wwu6541"">.p-wwu6541{align-content: center !important}
.p-wwu6541 .pagelayer-col-holder > div:not(:last-child){margin-bottom: 15px}
.p-wwu6541 > .pagelayer-background-overlay{-webkit-transition: all 400ms !important; transition: all 400ms !important}
</style>
<div class=""pagelayer-col-holder""><div class=""p-ccj4284 pagelayer-post_content"" pagelayer-id=""ccj4284"">
<style pagelayer-style-id=""ccj4284"">.p-ccj4284{text-align: right}
</style><div class=""entry-content pagelayer-post-excerpt""><figure class=""wp-block-table""><table><tbody><tr><td>62383</td><td>نماز کا بیان</td><td>سجدہ تلاوت کا بیان</td></tr></tbody></table></figure><div style=""direction:rtl;line-height: 2.5;""><h3 class=""has-text-align-center"">سوال</h3>سوال:کیا فرماتے ہیں علمائے کرام اس مسئلہ کے بارے میں کہ امام نماز میں آیت سجدہ پڑھے، پھر مقتدیوں کو بتائے بغیر رکوع میں سجدہ تلاوت کی نیت کرلے ۔کیا یہ کام درست ہے یا نہیں ؟<h4 class=""has-text-align-center"">اَلجَوَابْ بِاسْمِ مُلْہِمِ الصَّوَابْ

</h4>جب امام جہری نماز میں آیتِ سجدہ پڑھنے کے فوراً  بعد رکوع کرے اور اس میں سجدہ تلاوت کی بھی نیت کرلے تو راجح قول کے مطابق نماز والا رکوع امام اور مقتدی دونوں کے سجدۂ تلاوت کے لیے کافی ہوجائے گا۔ البتہ بہتر یہ ہے کہ امام رکوع میں نیت کرنے کے بجائے سجدہ میں نیت کر لے تاکہ بالاتفاق یہ رکوع، سجدۂ تلاوت کے لیے کافی ہو جائے۔ (ماخوذہ از تبویب)

</div><h6 class=""has-text-align-right"">حوالہ جات</h6><div style=""direction: rtl;font-family: Amiri;
    
     font-size: 13px; font-weight: 400;"">ذکر فی الفتاوی التاترخانیۃ: ""وإذا قرأ اٰیۃ السجدۃ في صلاتہ وھي في آخر السورۃ، فإن شاء رکع لہا، وان شاء سجد."" (الفتاویٰ التاتارخانیۃ: ۲؍۴۷۷)

قال العلامة الحصكفي رحمه اللہ تعالی: ""(و) تؤدى (بركوع صلاة) إذا كان الركوع (على الفور من قراءة آية) أو آيتين وكذا الثلاث على الظاهر كما في البحر (إن نواه) أي كون الركوع (لسجود) التلاوة على الراجح (و) تؤدى (بسجودها كذلك) أي على الفور (وإن لم ينو) بالإجماع. ولو نواها في ركوعه ولم ينوها المؤتم لم تجزه، ويسجد إذا سلم الإمام ويعيد القعدة، ولو تركها ]القعدۃ الأخیرۃ[ فسدت صلاته، كذا في القنية وينبغي حمله على الجهرية. نعم لو ركع وسجد لها فورا ناب بلا نية "". 
قال العلامۃ ابن عابدین شارحا ھذہ العبارۃ المذکورۃ: "" قوله: (لو ركع وسجد لها): أي للصلاة فورا ناب أي سجود المقتدي عن سجود التلاوة بلا نية تبعا لسجود إمامه لما مر آنفا أنها تؤدى بسجود الصلاة فورا وإن لم ينو. والظاھر أن المقصود بھذا الاستدراك التنبیہ علی أنہ ینبغی للإمام أن لا ینویھا فی الرکوع؛ لأنہ إذا لم ینوھا فیہ ونواھا فی السجود أو لم ینوھا أصلاً لا شیء علی الموٴتم؛ لأن السجود ھو الأصل فیہا... ھذا وفی القہستانی واختلفوا فی أن نیة الإمام کافیة کما فی الکافی، فلو لم ینو المقتدی لا ینوب علی رأی الخ ... ثم قال بحثاً: والأولیٰ أنہ یحمل علی القول بأن نیة الإمام لا تنوب عن نیة الموٴتم، والمتبادر من کلام القہستانی السابق أنہ خلاف الأصح، حیث قال علی رأی، فتأمل."" (الدر المحتار مع رد المحتار:۲؍۱۱۲، ایچ ایم سعید)

وقال الإمام الرافعی رحمہ اللہ تعالی: ""ھل إعادتہا ]القعدۃ الأخیرۃ[ بعد السلام شرط حتی لا یسوغ تقدیمہا أو ھو لبیان غایۃ تأخیرھا حتی لو قدّمہا صح؛ لأنہ بمنزلۃ اللاحق یراجع إلخ، الظاھر الثاني."" (تقریراتِ رافعی ۲؍۱۰۶)
</div>..<h6 class=""has-text-align-center"">
واللہ سبحانہ وتعالی اعلم
</h6><figure class=""wp-block-table""><table><tbody><tr><td><h3>مجیب</h3></td><td>متخصص</td><td><h3>مفتیان</h3></td><td> فیصل احمد صاحب / شہبازعلی صاحب</td></tr></tbody></table></figure></div></div></div></div></div></div><div class=""p-wl6689 pagelayer-inner_row pagelayer-row-stretch-auto pagelayer-height-default"" pagelayer-id=""wl6689"">
<style pagelayer-style-id=""wl6689"">.p-wl6689 .pagelayer-col-holder{padding: 10px}
.p-wl6689 > .pagelayer-background-overlay{-webkit-transition: all 400ms !important; transition: all 400ms !important}
.p-wl6689 .pagelayer-svg-top .pagelayer-shape-fill{fill:#227bc3}
.p-wl6689 .pagelayer-row-svg .pagelayer-svg-top{width:100%;height:100px}
.p-wl6689 .pagelayer-svg-bottom .pagelayer-shape-fill{fill:#e44993}
.p-wl6689 .pagelayer-row-svg .pagelayer-svg-bottom{width:100%;height:100px}
</style>
<div class=""pagelayer-row-holder pagelayer-row pagelayer-auto pagelayer-width-auto""><div class=""p-jzl6522 pagelayer-col pagelayer-col-6"" pagelayer-id=""jzl6522"">
<style pagelayer-style-id=""jzl6522"">.p-jzl6522{align-content: center !important}
.p-jzl6522 .pagelayer-col-holder > div:not(:last-child){margin-bottom: 15px}
.p-jzl6522 > .pagelayer-background-overlay{-webkit-transition: all 400ms !important; transition: all 400ms !important}
</style>
<div class=""pagelayer-col-holder""><div class=""p-xsb5673 pagelayer-share_grp pagelayer-share-type-icon-label pagelayer-social-bg-none pagelayer-scheme-official"" pagelayer-id=""xsb5673"">
<style pagelayer-style-id=""xsb5673"">.p-xsb5673{text-align: right}
.p-xsb5673 .pagelayer-share-content{min-height: 35px;-webkit-transition: all 400ms; transition: all 400ms}
.p-xsb5673 i{font-size: 27px}
.p-xsb5673 .pagelayer-icon-holder{font-size: 27px}
.p-xsb5673 .pagelayer-share-content i{-webkit-transition: all 400ms; transition: all 400ms}
.p-xsb5673 .pagelayer-icon-name{font-family: Roboto; font-size: 15px !important; font-style:  !important; font-weight: 500 !important; font-variant:  !important; text-decoration-line:  !important; text-decoration-style:  !important; line-height: em !important; text-transform:  !important; letter-spacing: px !important; word-spacing: px !important}
@media (max-width: 768px) and (min-width: 501px){.p-xsb5673{text-align: left}
.p-xsb5673 .pagelayer-share{padding-top: 10px; padding-bottom: 10px;padding-left: 10px; padding-right: 10px}
.p-xsb5673 i{font-size: 20px}
.p-xsb5673 .pagelayer-icon-holder{font-size: 20px}
.p-xsb5673 .pagelayer-icon-name{font-family: ; font-size: 13px !important; font-style:  !important; font-weight:  !important; font-variant:  !important; text-decoration-line:  !important; text-decoration-style:  !important; line-height: em !important; text-transform:  !important; letter-spacing: px !important; word-spacing: px !important}
}
@media (max-width: 500px){.p-xsb5673{text-align: left}
.p-xsb5673 .pagelayer-share{padding-top: 10px; padding-bottom: 10px;padding-left: 10px; padding-right: 10px}
.p-xsb5673 .pagelayer-share-content{min-height: NaNpx}
.p-xsb5673 i{font-size: 20px}
.p-xsb5673 .pagelayer-icon-holder{font-size: 20px}
.p-xsb5673 .pagelayer-icon-name{font-family: ; font-size: 13px !important; font-style:  !important; font-weight:  !important; font-variant:  !important; text-decoration-line:  !important; text-decoration-style:  !important; line-height: em !important; text-transform:  !important; letter-spacing: px !important; word-spacing: px !important}
}
</style><div class=""p-9mh2934 pagelayer-share"" pagelayer-id=""9mh2934"">
<a class=""pagelayer-ele-link"" href=""https://www.facebook.com/sharer/sharer.php?u=almuftionline.com/2018/02/18/1870/"" target=""_blank"" title=""fab fa-facebook-square"">
<div class=""pagelayer-share-content pagelayer-facebook-square"" data-icon=""fab fa-facebook-square"">
<div class=""pagelayer-icon-holder pagelayer-share-buttons"">
<i class=""pagelayer-social-fa fab fa-facebook-square""></i>
</div>
<div class=""pagelayer-icon-name"">
<span class=""pagelayer-icon-name-span"">Facebook</span>
</div>
</div>
</a></div><div class=""p-rai4926 pagelayer-share"" pagelayer-id=""rai4926"">
<a class=""pagelayer-ele-link"" href=""https://twitter.com/share?url=almuftionline.com/2018/02/18/1870/"" target=""_blank"" title=""fab fa-twitter-square"">
<div class=""pagelayer-share-content pagelayer-twitter-square"" data-icon=""fab fa-twitter-square"">
<div class=""pagelayer-icon-holder pagelayer-share-buttons"">
<i class=""pagelayer-social-fa fab fa-twitter-square""></i>
</div>
<div class=""pagelayer-icon-name"">
<span class=""pagelayer-icon-name-span"">Twitter</span>
</div>
</div>
</a></div><div class=""p-ndy3728 pagelayer-share"" pagelayer-id=""ndy3728"">
<a class=""pagelayer-ele-link"" href=""whatsapp://send?text=almuftionline.com/2018/02/18/1870/"" target=""_blank"" title=""fab fa-whatsapp"">
<div class=""pagelayer-share-content pagelayer-whatsapp"" data-icon=""fab fa-whatsapp"">
<div class=""pagelayer-icon-holder pagelayer-share-buttons"">
<i class=""pagelayer-social-fa fab fa-whatsapp""></i>
</div>
<div class=""pagelayer-icon-name"">
<span class=""pagelayer-icon-name-span"">WhatsApp</span>
</div>
</div>
</a></div></div></div></div></div></div><div class=""p-zqp4850 pagelayer-inner_row pagelayer-row-stretch-auto pagelayer-height-default"" pagelayer-id=""zqp4850"">
<style pagelayer-style-id=""zqp4850"">.p-zqp4850 .pagelayer-col-holder{padding: 10px}
.p-zqp4850 > .pagelayer-background-overlay{-webkit-transition: all 400ms !important; transition: all 400ms !important}
.p-zqp4850 .pagelayer-svg-top .pagelayer-shape-fill{fill:#227bc3}
.p-zqp4850 .pagelayer-row-svg .pagelayer-svg-top{width:100%;height:100px}
.p-zqp4850 .pagelayer-svg-bottom .pagelayer-shape-fill{fill:#e44993}
.p-zqp4850 .pagelayer-row-svg .pagelayer-svg-bottom{width:100%;height:100px}
</style>
<div class=""pagelayer-row-holder pagelayer-row pagelayer-auto pagelayer-width-auto""><div class=""p-q725202 pagelayer-col pagelayer-col-2"" pagelayer-id=""q725202"">
<style pagelayer-style-id=""q725202"">.p-q725202{align-content: center !important}
.p-q725202 .pagelayer-col-holder > div:not(:last-child){margin-bottom: 15px}
.p-q725202 > .pagelayer-background-overlay{-webkit-transition: all 400ms !important; transition: all 400ms !important}
</style>
<div class=""pagelayer-col-holder""><div class=""p-55r4448 pagelayer-post_nav"" pagelayer-id=""55r4448"">
<style pagelayer-style-id=""55r4448"">.p-55r4448 .pagelayer-post-nav-link{color:#adb5bd;font-family:  !important; font-size: 15px !important; font-style:  !important; font-weight:  !important; font-variant:  !important; text-decoration-line:  !important; text-decoration-style:  !important; line-height: em !important; text-transform:  !important; letter-spacing: px !important; word-spacing: px !important}
.p-55r4448 .pagelayer-post-nav-title{color:#000000;font-family:  !important; font-size: 18px !important; font-style:  !important; font-weight: bold !important; font-variant:  !important; text-decoration-line:  !important; text-decoration-style: Solid !important; line-height: em !important; text-transform:  !important; letter-spacing: px !important; word-spacing: px !important}
.p-55r4448 .pagelayer-post-nav-icon{color:#adb5bd;font-size:30px}
.p-55r4448 .pagelayer-post-nav-separator{display:none}
@media (max-width: 768px) and (min-width: 501px){.p-55r4448 .pagelayer-post-nav-link{font-family:  !important; font-size: 12px !important; font-style:  !important; font-weight:  !important; font-variant:  !important; text-decoration-line:  !important; text-decoration-style: Solid !important; line-height: em !important; text-transform:  !important; letter-spacing: px !important; word-spacing: px !important}
.p-55r4448 .pagelayer-post-nav-title{font-family:  !important; font-size: 15px !important; font-style:  !important; font-weight:  !important; font-variant:  !important; text-decoration-line:  !important; text-decoration-style: Solid !important; line-height: em !important; text-transform:  !important; letter-spacing: px !important; word-spacing: px !important}
}
@media (max-width: 500px){.p-55r4448 .pagelayer-post-nav-link{font-family:  !important; font-size: 12px !important; font-style:  !important; font-weight:  !important; font-variant:  !important; text-decoration-line:  !important; text-decoration-style: Solid !important; line-height: em !important; text-transform:  !important; letter-spacing: px !important; word-spacing: px !important}
.p-55r4448 .pagelayer-post-nav-title{font-family:  !important; font-size: 12px !important; font-style:  !important; font-weight:  !important; font-variant:  !important; text-decoration-line:  !important; text-decoration-style: Solid !important; line-height: em !important; text-transform:  !important; letter-spacing: px !important; word-spacing: px !important}
}
</style><div class=""pagelayer-post-nav-container"">
<div class=""pagelayer-prev-post"">
<a href=""https://almuftionline.com/2018/02/18/1411/"" rel=""prev""><span class=""pagelayer-post-nav-icon fa fa-chevron-left""></span>
<span class=""pagelayer-next-holder"">
<span class=""pagelayer-post-nav-link""> Previous</span><span class=""pagelayer-post-nav-title"">HBLبینک سے قسطوں پر گاڑی نکلوانا</span>
</span></a>
</div>
<div class=""pagelayer-post-nav-separator""></div>
<div class=""pagelayer-next-post"">
<a href=""https://almuftionline.com/2018/02/18/2637/"" rel=""next""><span class=""pagelayer-next-holder"">
<span class=""pagelayer-post-nav-link""> Next</span><span class=""pagelayer-post-nav-title"">مسبوق پر واجب ترک کرنے کی وجہ سے سجدہ سہو ہےیا نہیں؟</span>
</span>
<span class=""pagelayer-post-nav-icon fa fa-chevron-right""></span></a>
</div>
</div></div></div></div></div></div></div>"
2018-02-18,https://almuftionline.com/2018/02/18/1411/,HBLبینک سے قسطوں پر گاڑی نکلوانا,,"<h4 class=""has-text-align-center"">اَلجَوَابْ بِاسْمِ مُلْہِمِ الصَّوَابْ

</h4><h6 class=""has-text-align-right"">حوالہ جات</h6><div style=""direction: rtl;font-family: Amiri;
    
     font-size: 13px; font-weight: 400;"">
""صحيح مسلم للنيسابوري "" (ج 5 / ص 50) :
عن جابر قال لعن رسول الله صلى الله عليه وسلم آكل الربا وموكله وكاتبه وشاهديه وقال هم سواء.
</div><h6 class=""has-text-align-center"">
واللہ سبحانہ وتعالی اعلم
</h6><figure class=""wp-block-table""><table><tbody><tr><td><h3>مجیب</h3></td><td>محمد طارق  غرفی</td><td><h3>مفتیان</h3></td><td> آفتاب احمد صاحب    / محمد حسین خلیل خیل صاحب</td></tr></tbody></table></figure>",62178,jameya-tur-rasheed,جائز و ناجائزامور کا بیان,خریدو فروخت اور کمائی کے متفرق مسائل,"<div class=""pagelayer-col-holder""><div class=""p-kgd1425 pagelayer-post_excerpt"" pagelayer-id=""kgd1425"">
<style pagelayer-style-id=""kgd1425"">.p-kgd1425 .pagelayer-post-excerpt{color:#adb5bd;font-family: ; font-size: 15px !important; font-style: Italic !important; font-weight: 500 !important; font-variant:  !important; text-decoration-line:  !important; text-decoration-style:  !important; line-height: 1.5em !important; text-transform:  !important; letter-spacing: px !important; word-spacing: px !important;margin-top:0px; margin-right:0px; margin-bottom:0px; margin-left:0px}
.p-kgd1425{text-align: left;margin-top: 0px; margin-right: 0px; margin-bottom: 0px; margin-left: 0px;padding-top: 0px; padding-right: 0px; padding-bottom: 0px; padding-left: 0px}
</style></div><div class=""p-4wb1030 pagelayer-featured_img"" pagelayer-id=""4wb1030"">
<style pagelayer-style-id=""4wb1030"">.p-4wb1030{text-align: center}
.p-4wb1030 img{filter: blur(0px) brightness(100%) contrast(100%) grayscale(0%) hue-rotate(0deg) opacity(100%) saturate(100%);box-shadow: 0px 24px 36px 0px rgba(0,0,0,0.10)  !important;-webkit-transition: all 400ms; transition: all 400ms}
.p-4wb1030 .pagelayer-featured-caption{color: #0986c0}
</style>
<div class=""pagelayer-featured-img""></div>
</div><div class=""p-f8n3612 pagelayer-inner_row pagelayer-row-stretch-auto pagelayer-height-default"" pagelayer-id=""f8n3612"">
<style pagelayer-style-id=""f8n3612"">.p-f8n3612 .pagelayer-col-holder{padding: 10px}
.p-f8n3612 > .pagelayer-background-overlay{-webkit-transition: all 400ms !important; transition: all 400ms !important}
.p-f8n3612 .pagelayer-svg-top .pagelayer-shape-fill{fill:#227bc3}
.p-f8n3612 .pagelayer-row-svg .pagelayer-svg-top{width:100%;height:100px}
.p-f8n3612 .pagelayer-svg-bottom .pagelayer-shape-fill{fill:#e44993}
.p-f8n3612 .pagelayer-row-svg .pagelayer-svg-bottom{width:100%;height:100px}
</style>
<div class=""pagelayer-row-holder pagelayer-row pagelayer-auto pagelayer-width-auto""><div class=""p-i795860 pagelayer-col pagelayer-col-4"" pagelayer-id=""i795860"">
<style pagelayer-style-id=""i795860"">.p-i795860{align-content: center !important}
.p-i795860 .pagelayer-col-holder > div:not(:last-child){margin-bottom: 15px}
.p-i795860 > .pagelayer-background-overlay{-webkit-transition: all 400ms !important; transition: all 400ms !important}
</style>
<div class=""pagelayer-col-holder""><div class=""p-qip3968 pagelayer-post_info"" pagelayer-id=""qip3968"">
<style pagelayer-style-id=""qip3968"">.p-qip3968 .pagelayer-post-info-vertical .pagelayer-post-info-list-container{margin-right:25px}
.p-qip3968 .pagelayer-post-info-horizontal .pagelayer-post-info-list-container{margin-bottom:25px}
.p-qip3968 .pagelayer-post-info-container{text-align:right}
.p-qip3968 .pagelayer-post-info-icon span{font-size:120%;color:#495057}
.p-qip3968 .pagelayer-post-info-list-container a{font-family: Roboto !important; font-size: 14px !important; font-style:  !important; font-weight: 500 !important; font-variant:  !important; text-decoration-line:  !important; text-decoration-style:  !important; line-height: 1.6em !important; text-transform:  !important; letter-spacing: px !important; word-spacing: px !important}
.p-qip3968 .pagelayer-post-info-label{color:#495057}
.p-qip3968 .pagelayer-post-info-label a{color:#495057}
.p-qip3968 .pagelayer-post-info-label:hover{color:#000000}
.p-qip3968 .pagelayer-post-info-label:hover a{color:#000000}
</style><div class=""pagelayer-post-info-container pagelayer-post-info-vertical""><div class=""p-xj43574 pagelayer-post_info_list"" pagelayer-id=""xj43574"">
<div class=""pagelayer-post-info-list-container"">
<a class=""pagelayer-post-info-list-link"" href=""https://almuftionline.com/2018/02/18/"">
<span class=""pagelayer-post-info-icon"">
<span class=""far fa-clock""></span>
</span>
<span class=""pagelayer-post-info-label pagelayer-date"">فروری 18, 2018</span>
</a>
</div></div></div></div></div></div><div class=""p-t2j1983 pagelayer-col pagelayer-col-7"" pagelayer-id=""t2j1983"">
<style pagelayer-style-id=""t2j1983"">.p-t2j1983{align-content: center !important}
.p-t2j1983 .pagelayer-col-holder > div:not(:last-child){margin-bottom: 15px}
.p-t2j1983 > .pagelayer-background-overlay{-webkit-transition: all 400ms !important; transition: all 400ms !important}
</style>
<div class=""pagelayer-col-holder""><div class=""p-dbq3916 pagelayer-post_info"" pagelayer-id=""dbq3916"">
<style pagelayer-style-id=""dbq3916"">.p-dbq3916 .pagelayer-post-info-container{text-align:right}
.p-dbq3916 .pagelayer-post-info-icon span{font-size:120%;color:#495057}
.p-dbq3916 .pagelayer-post-info-list-container a{font-family: Roboto !important; font-size: 14px !important; font-style:  !important; font-weight: 500 !important; font-variant:  !important; text-decoration-line:  !important; text-decoration-style:  !important; line-height: 1.6em !important; text-transform:  !important; letter-spacing: px !important; word-spacing: px !important}
.p-dbq3916 .pagelayer-post-info-label{color:#0072ff}
.p-dbq3916 .pagelayer-post-info-label a{color:#0072ff}
.p-dbq3916 .pagelayer-terms *{color:#f8952c !important;padding-top:5px; padding-right:10px; padding-bottom:5px; padding-left:10px;margin-top:0px; margin-right:5px; margin-bottom:0px; margin-left:5px;border-radius: 4px 4px 4px 4px; -webkit-border-radius:  4px 4px 4px 4px;-moz-border-radius: 4px 4px 4px 4px}
.p-dbq3916{padding-top: 0px; padding-right: 0px; padding-bottom: 0px; padding-left: 0px}
@media (max-width: 768px) and (min-width: 501px){.p-dbq3916 .pagelayer-post-info-container{text-align:left}
}
@media (max-width: 500px){.p-dbq3916 .pagelayer-post-info-container{text-align:left}
}
</style><div class=""pagelayer-post-info-container pagelayer-post-info-vertical""><div class=""p-wpv7212 pagelayer-post_info_list"" pagelayer-id=""wpv7212"">
<div class=""pagelayer-post-info-list-container"">
<span class=""pagelayer-post-info-icon"">
</span>
<span class=""pagelayer-post-info-label pagelayer-terms""> <a href=""https://almuftionline.com/category/fatwa/54/""> جائز و ناجائزامور کا بیان </a></span>
</div></div></div></div></div></div></div></div><div class=""p-trw3096 pagelayer-inner_row pagelayer-row-stretch-auto pagelayer-height-default"" pagelayer-id=""trw3096"">
<style pagelayer-style-id=""trw3096"">.p-trw3096 .pagelayer-col-holder{padding: 10px}
.p-trw3096 > .pagelayer-background-overlay{-webkit-transition: all 400ms !important; transition: all 400ms !important}
.p-trw3096 .pagelayer-svg-top .pagelayer-shape-fill{fill:#227bc3}
.p-trw3096 .pagelayer-row-svg .pagelayer-svg-top{width:100%;height:100px}
.p-trw3096 .pagelayer-svg-bottom .pagelayer-shape-fill{fill:#e44993}
.p-trw3096 .pagelayer-row-svg .pagelayer-svg-bottom{width:100%;height:100px}
</style>
<div class=""pagelayer-row-holder pagelayer-row pagelayer-auto pagelayer-width-auto""><div class=""p-wwu6541 pagelayer-col pagelayer-col-2"" pagelayer-id=""wwu6541"">
<style pagelayer-style-id=""wwu6541"">.p-wwu6541{align-content: center !important}
.p-wwu6541 .pagelayer-col-holder > div:not(:last-child){margin-bottom: 15px}
.p-wwu6541 > .pagelayer-background-overlay{-webkit-transition: all 400ms !important; transition: all 400ms !important}
</style>
<div class=""pagelayer-col-holder""><div class=""p-ccj4284 pagelayer-post_content"" pagelayer-id=""ccj4284"">
<style pagelayer-style-id=""ccj4284"">.p-ccj4284{text-align: right}
</style><div class=""entry-content pagelayer-post-excerpt""><figure class=""wp-block-table""><table><tbody><tr><td>62178</td><td>جائز و ناجائزامور کا بیان</td><td>خریدو فروخت اور کمائی کے متفرق مسائل</td></tr></tbody></table></figure><div style=""direction:rtl;line-height: 2.5;""><h3 class=""has-text-align-center"">سوال</h3>سوال:ایچ بی ایل بینک سے قسطوں پر گاڑی نکلوانا جائز ہے یا نہیں؟<h4 class=""has-text-align-center"">اَلجَوَابْ بِاسْمِ مُلْہِمِ الصَّوَابْ

</h4>ایچ،بی،ایل ایک سودی بینک ہے ،اور سودی بینک سے معاملات جائز نہیں ، کیونکہ سود کی حرمت قرآن وسنت کے واضح دلائل سے ثابت ہے،سودی لین دین کرنے یا اس میں کسی بھی طریقے سے شریک ہونے پر قرآن وحدیث میں سخت وعیدیں آئی ہیں،اس لیے ایچ،بی،ایل بینک سے قسطوں پر گاڑی نکلوانا جائز نہیں۔</div><h6 class=""has-text-align-right"">حوالہ جات</h6><div style=""direction: rtl;font-family: Amiri;
    
     font-size: 13px; font-weight: 400;"">
""صحيح مسلم للنيسابوري "" (ج 5 / ص 50) :
عن جابر قال لعن رسول الله صلى الله عليه وسلم آكل الربا وموكله وكاتبه وشاهديه وقال هم سواء.
</div>..<h6 class=""has-text-align-center"">
واللہ سبحانہ وتعالی اعلم
</h6><figure class=""wp-block-table""><table><tbody><tr><td><h3>مجیب</h3></td><td>محمد طارق  غرفی</td><td><h3>مفتیان</h3></td><td> آفتاب احمد صاحب    / محمد حسین خلیل خیل صاحب</td></tr></tbody></table></figure></div></div></div></div></div></div><div class=""p-wl6689 pagelayer-inner_row pagelayer-row-stretch-auto pagelayer-height-default"" pagelayer-id=""wl6689"">
<style pagelayer-style-id=""wl6689"">.p-wl6689 .pagelayer-col-holder{padding: 10px}
.p-wl6689 > .pagelayer-background-overlay{-webkit-transition: all 400ms !important; transition: all 400ms !important}
.p-wl6689 .pagelayer-svg-top .pagelayer-shape-fill{fill:#227bc3}
.p-wl6689 .pagelayer-row-svg .pagelayer-svg-top{width:100%;height:100px}
.p-wl6689 .pagelayer-svg-bottom .pagelayer-shape-fill{fill:#e44993}
.p-wl6689 .pagelayer-row-svg .pagelayer-svg-bottom{width:100%;height:100px}
</style>
<div class=""pagelayer-row-holder pagelayer-row pagelayer-auto pagelayer-width-auto""><div class=""p-jzl6522 pagelayer-col pagelayer-col-6"" pagelayer-id=""jzl6522"">
<style pagelayer-style-id=""jzl6522"">.p-jzl6522{align-content: center !important}
.p-jzl6522 .pagelayer-col-holder > div:not(:last-child){margin-bottom: 15px}
.p-jzl6522 > .pagelayer-background-overlay{-webkit-transition: all 400ms !important; transition: all 400ms !important}
</style>
<div class=""pagelayer-col-holder""><div class=""p-xsb5673 pagelayer-share_grp pagelayer-share-type-icon-label pagelayer-social-bg-none pagelayer-scheme-official"" pagelayer-id=""xsb5673"">
<style pagelayer-style-id=""xsb5673"">.p-xsb5673{text-align: right}
.p-xsb5673 .pagelayer-share-content{min-height: 35px;-webkit-transition: all 400ms; transition: all 400ms}
.p-xsb5673 i{font-size: 27px}
.p-xsb5673 .pagelayer-icon-holder{font-size: 27px}
.p-xsb5673 .pagelayer-share-content i{-webkit-transition: all 400ms; transition: all 400ms}
.p-xsb5673 .pagelayer-icon-name{font-family: Roboto; font-size: 15px !important; font-style:  !important; font-weight: 500 !important; font-variant:  !important; text-decoration-line:  !important; text-decoration-style:  !important; line-height: em !important; text-transform:  !important; letter-spacing: px !important; word-spacing: px !important}
@media (max-width: 768px) and (min-width: 501px){.p-xsb5673{text-align: left}
.p-xsb5673 .pagelayer-share{padding-top: 10px; padding-bottom: 10px;padding-left: 10px; padding-right: 10px}
.p-xsb5673 i{font-size: 20px}
.p-xsb5673 .pagelayer-icon-holder{font-size: 20px}
.p-xsb5673 .pagelayer-icon-name{font-family: ; font-size: 13px !important; font-style:  !important; font-weight:  !important; font-variant:  !important; text-decoration-line:  !important; text-decoration-style:  !important; line-height: em !important; text-transform:  !important; letter-spacing: px !important; word-spacing: px !important}
}
@media (max-width: 500px){.p-xsb5673{text-align: left}
.p-xsb5673 .pagelayer-share{padding-top: 10px; padding-bottom: 10px;padding-left: 10px; padding-right: 10px}
.p-xsb5673 .pagelayer-share-content{min-height: NaNpx}
.p-xsb5673 i{font-size: 20px}
.p-xsb5673 .pagelayer-icon-holder{font-size: 20px}
.p-xsb5673 .pagelayer-icon-name{font-family: ; font-size: 13px !important; font-style:  !important; font-weight:  !important; font-variant:  !important; text-decoration-line:  !important; text-decoration-style:  !important; line-height: em !important; text-transform:  !important; letter-spacing: px !important; word-spacing: px !important}
}
</style><div class=""p-9mh2934 pagelayer-share"" pagelayer-id=""9mh2934"">
<a class=""pagelayer-ele-link"" href=""https://www.facebook.com/sharer/sharer.php?u=almuftionline.com/2018/02/18/1411/"" target=""_blank"" title=""fab fa-facebook-square"">
<div class=""pagelayer-share-content pagelayer-facebook-square"" data-icon=""fab fa-facebook-square"">
<div class=""pagelayer-icon-holder pagelayer-share-buttons"">
<i class=""pagelayer-social-fa fab fa-facebook-square""></i>
</div>
<div class=""pagelayer-icon-name"">
<span class=""pagelayer-icon-name-span"">Facebook</span>
</div>
</div>
</a></div><div class=""p-rai4926 pagelayer-share"" pagelayer-id=""rai4926"">
<a class=""pagelayer-ele-link"" href=""https://twitter.com/share?url=almuftionline.com/2018/02/18/1411/"" target=""_blank"" title=""fab fa-twitter-square"">
<div class=""pagelayer-share-content pagelayer-twitter-square"" data-icon=""fab fa-twitter-square"">
<div class=""pagelayer-icon-holder pagelayer-share-buttons"">
<i class=""pagelayer-social-fa fab fa-twitter-square""></i>
</div>
<div class=""pagelayer-icon-name"">
<span class=""pagelayer-icon-name-span"">Twitter</span>
</div>
</div>
</a></div><div class=""p-ndy3728 pagelayer-share"" pagelayer-id=""ndy3728"">
<a class=""pagelayer-ele-link"" href=""whatsapp://send?text=almuftionline.com/2018/02/18/1411/"" target=""_blank"" title=""fab fa-whatsapp"">
<div class=""pagelayer-share-content pagelayer-whatsapp"" data-icon=""fab fa-whatsapp"">
<div class=""pagelayer-icon-holder pagelayer-share-buttons"">
<i class=""pagelayer-social-fa fab fa-whatsapp""></i>
</div>
<div class=""pagelayer-icon-name"">
<span class=""pagelayer-icon-name-span"">WhatsApp</span>
</div>
</div>
</a></div></div></div></div></div></div><div class=""p-zqp4850 pagelayer-inner_row pagelayer-row-stretch-auto pagelayer-height-default"" pagelayer-id=""zqp4850"">
<style pagelayer-style-id=""zqp4850"">.p-zqp4850 .pagelayer-col-holder{padding: 10px}
.p-zqp4850 > .pagelayer-background-overlay{-webkit-transition: all 400ms !important; transition: all 400ms !important}
.p-zqp4850 .pagelayer-svg-top .pagelayer-shape-fill{fill:#227bc3}
.p-zqp4850 .pagelayer-row-svg .pagelayer-svg-top{width:100%;height:100px}
.p-zqp4850 .pagelayer-svg-bottom .pagelayer-shape-fill{fill:#e44993}
.p-zqp4850 .pagelayer-row-svg .pagelayer-svg-bottom{width:100%;height:100px}
</style>
<div class=""pagelayer-row-holder pagelayer-row pagelayer-auto pagelayer-width-auto""><div class=""p-q725202 pagelayer-col pagelayer-col-2"" pagelayer-id=""q725202"">
<style pagelayer-style-id=""q725202"">.p-q725202{align-content: center !important}
.p-q725202 .pagelayer-col-holder > div:not(:last-child){margin-bottom: 15px}
.p-q725202 > .pagelayer-background-overlay{-webkit-transition: all 400ms !important; transition: all 400ms !important}
</style>
<div class=""pagelayer-col-holder""><div class=""p-55r4448 pagelayer-post_nav"" pagelayer-id=""55r4448"">
<style pagelayer-style-id=""55r4448"">.p-55r4448 .pagelayer-post-nav-link{color:#adb5bd;font-family:  !important; font-size: 15px !important; font-style:  !important; font-weight:  !important; font-variant:  !important; text-decoration-line:  !important; text-decoration-style:  !important; line-height: em !important; text-transform:  !important; letter-spacing: px !important; word-spacing: px !important}
.p-55r4448 .pagelayer-post-nav-title{color:#000000;font-family:  !important; font-size: 18px !important; font-style:  !important; font-weight: bold !important; font-variant:  !important; text-decoration-line:  !important; text-decoration-style: Solid !important; line-height: em !important; text-transform:  !important; letter-spacing: px !important; word-spacing: px !important}
.p-55r4448 .pagelayer-post-nav-icon{color:#adb5bd;font-size:30px}
.p-55r4448 .pagelayer-post-nav-separator{display:none}
@media (max-width: 768px) and (min-width: 501px){.p-55r4448 .pagelayer-post-nav-link{font-family:  !important; font-size: 12px !important; font-style:  !important; font-weight:  !important; font-variant:  !important; text-decoration-line:  !important; text-decoration-style: Solid !important; line-height: em !important; text-transform:  !important; letter-spacing: px !important; word-spacing: px !important}
.p-55r4448 .pagelayer-post-nav-title{font-family:  !important; font-size: 15px !important; font-style:  !important; font-weight:  !important; font-variant:  !important; text-decoration-line:  !important; text-decoration-style: Solid !important; line-height: em !important; text-transform:  !important; letter-spacing: px !important; word-spacing: px !important}
}
@media (max-width: 500px){.p-55r4448 .pagelayer-post-nav-link{font-family:  !important; font-size: 12px !important; font-style:  !important; font-weight:  !important; font-variant:  !important; text-decoration-line:  !important; text-decoration-style: Solid !important; line-height: em !important; text-transform:  !important; letter-spacing: px !important; word-spacing: px !important}
.p-55r4448 .pagelayer-post-nav-title{font-family:  !important; font-size: 12px !important; font-style:  !important; font-weight:  !important; font-variant:  !important; text-decoration-line:  !important; text-decoration-style: Solid !important; line-height: em !important; text-transform:  !important; letter-spacing: px !important; word-spacing: px !important}
}
</style><div class=""pagelayer-post-nav-container"">
<div class=""pagelayer-prev-post"">
<a href=""https://almuftionline.com/2018/02/18/1410/"" rel=""prev""><span class=""pagelayer-post-nav-icon fa fa-chevron-left""></span>
<span class=""pagelayer-next-holder"">
<span class=""pagelayer-post-nav-link""> Previous</span><span class=""pagelayer-post-nav-title"">موبائل یا ڈیجیٹل کیمرے کی تصویر کا حکم</span>
</span></a>
</div>
<div class=""pagelayer-post-nav-separator""></div>
<div class=""pagelayer-next-post"">
<a href=""https://almuftionline.com/2018/02/18/1870/"" rel=""next""><span class=""pagelayer-next-holder"">
<span class=""pagelayer-post-nav-link""> Next</span><span class=""pagelayer-post-nav-title"">امام کے لیے رکوع میں سجدۂ تلاوت کی نیت کرنا</span>
</span>
<span class=""pagelayer-post-nav-icon fa fa-chevron-right""></span></a>
</div>
</div></div></div></div></div></div></div>"
2018-02-18,https://almuftionline.com/2018/02/18/1410/,موبائل یا ڈیجیٹل کیمرے کی تصویر کا حکم,,"<h4 class=""has-text-align-center"">اَلجَوَابْ بِاسْمِ مُلْہِمِ الصَّوَابْ

</h4><h6 class=""has-text-align-right"">حوالہ جات</h6><div style=""direction: rtl;font-family: Amiri;
    
     font-size: 13px; font-weight: 400;"">""المدونة ""(1/ 182):
""قال ابن القاسم: وسألت مالكا عن التماثيل وتكون في الأسرة والقباب والمنار وما أشبهها؟
قال: هذا مكروه وقال لأن هذه خلقت خلقا، قال: وما كان من الثياب والبسط والوسائد فإن هذا يمتهن، قال: وقد كان أبو سلمة بن عبد الرحمن يقول ما كان يمتهن فلا بأس به وأرجو أن يكون خفيفا ومن تركه غير محرم له فهو أحب إلي"".
""حاشية الصاوي على الشرح الصغير "" (2/ 501):
""والحاصل أن تصاوير الحيوانات تحرم إجماعا إن كانت كاملة لها ظل مما يطول استمراره، بخلاف ناقص عضو لا يعيش به لو كان حيوانا، وبخلاف ما لا ظل له كنقش في ورق أو جدار. وفيما لا يطول استمراره خلاف"".
</div><h6 class=""has-text-align-center"">
واللہ سبحانہ وتعالی اعلم
</h6><figure class=""wp-block-table""><table><tbody><tr><td><h3>مجیب</h3></td><td>محمد طارق  غرفی</td><td><h3>مفتیان</h3></td><td> آفتاب احمد صاحب    / محمد حسین خلیل خیل صاحب</td></tr></tbody></table></figure>",62177,jameya-tur-rasheed,جائز و ناجائزامور کا بیان,کھیل،گانے اور تصویر کےاحکام,"<div class=""pagelayer-col-holder""><div class=""p-kgd1425 pagelayer-post_excerpt"" pagelayer-id=""kgd1425"">
<style pagelayer-style-id=""kgd1425"">.p-kgd1425 .pagelayer-post-excerpt{color:#adb5bd;font-family: ; font-size: 15px !important; font-style: Italic !important; font-weight: 500 !important; font-variant:  !important; text-decoration-line:  !important; text-decoration-style:  !important; line-height: 1.5em !important; text-transform:  !important; letter-spacing: px !important; word-spacing: px !important;margin-top:0px; margin-right:0px; margin-bottom:0px; margin-left:0px}
.p-kgd1425{text-align: left;margin-top: 0px; margin-right: 0px; margin-bottom: 0px; margin-left: 0px;padding-top: 0px; padding-right: 0px; padding-bottom: 0px; padding-left: 0px}
</style></div><div class=""p-4wb1030 pagelayer-featured_img"" pagelayer-id=""4wb1030"">
<style pagelayer-style-id=""4wb1030"">.p-4wb1030{text-align: center}
.p-4wb1030 img{filter: blur(0px) brightness(100%) contrast(100%) grayscale(0%) hue-rotate(0deg) opacity(100%) saturate(100%);box-shadow: 0px 24px 36px 0px rgba(0,0,0,0.10)  !important;-webkit-transition: all 400ms; transition: all 400ms}
.p-4wb1030 .pagelayer-featured-caption{color: #0986c0}
</style>
<div class=""pagelayer-featured-img""></div>
</div><div class=""p-f8n3612 pagelayer-inner_row pagelayer-row-stretch-auto pagelayer-height-default"" pagelayer-id=""f8n3612"">
<style pagelayer-style-id=""f8n3612"">.p-f8n3612 .pagelayer-col-holder{padding: 10px}
.p-f8n3612 > .pagelayer-background-overlay{-webkit-transition: all 400ms !important; transition: all 400ms !important}
.p-f8n3612 .pagelayer-svg-top .pagelayer-shape-fill{fill:#227bc3}
.p-f8n3612 .pagelayer-row-svg .pagelayer-svg-top{width:100%;height:100px}
.p-f8n3612 .pagelayer-svg-bottom .pagelayer-shape-fill{fill:#e44993}
.p-f8n3612 .pagelayer-row-svg .pagelayer-svg-bottom{width:100%;height:100px}
</style>
<div class=""pagelayer-row-holder pagelayer-row pagelayer-auto pagelayer-width-auto""><div class=""p-i795860 pagelayer-col pagelayer-col-4"" pagelayer-id=""i795860"">
<style pagelayer-style-id=""i795860"">.p-i795860{align-content: center !important}
.p-i795860 .pagelayer-col-holder > div:not(:last-child){margin-bottom: 15px}
.p-i795860 > .pagelayer-background-overlay{-webkit-transition: all 400ms !important; transition: all 400ms !important}
</style>
<div class=""pagelayer-col-holder""><div class=""p-qip3968 pagelayer-post_info"" pagelayer-id=""qip3968"">
<style pagelayer-style-id=""qip3968"">.p-qip3968 .pagelayer-post-info-vertical .pagelayer-post-info-list-container{margin-right:25px}
.p-qip3968 .pagelayer-post-info-horizontal .pagelayer-post-info-list-container{margin-bottom:25px}
.p-qip3968 .pagelayer-post-info-container{text-align:right}
.p-qip3968 .pagelayer-post-info-icon span{font-size:120%;color:#495057}
.p-qip3968 .pagelayer-post-info-list-container a{font-family: Roboto !important; font-size: 14px !important; font-style:  !important; font-weight: 500 !important; font-variant:  !important; text-decoration-line:  !important; text-decoration-style:  !important; line-height: 1.6em !important; text-transform:  !important; letter-spacing: px !important; word-spacing: px !important}
.p-qip3968 .pagelayer-post-info-label{color:#495057}
.p-qip3968 .pagelayer-post-info-label a{color:#495057}
.p-qip3968 .pagelayer-post-info-label:hover{color:#000000}
.p-qip3968 .pagelayer-post-info-label:hover a{color:#000000}
</style><div class=""pagelayer-post-info-container pagelayer-post-info-vertical""><div class=""p-xj43574 pagelayer-post_info_list"" pagelayer-id=""xj43574"">
<div class=""pagelayer-post-info-list-container"">
<a class=""pagelayer-post-info-list-link"" href=""https://almuftionline.com/2018/02/18/"">
<span class=""pagelayer-post-info-icon"">
<span class=""far fa-clock""></span>
</span>
<span class=""pagelayer-post-info-label pagelayer-date"">فروری 18, 2018</span>
</a>
</div></div></div></div></div></div><div class=""p-t2j1983 pagelayer-col pagelayer-col-7"" pagelayer-id=""t2j1983"">
<style pagelayer-style-id=""t2j1983"">.p-t2j1983{align-content: center !important}
.p-t2j1983 .pagelayer-col-holder > div:not(:last-child){margin-bottom: 15px}
.p-t2j1983 > .pagelayer-background-overlay{-webkit-transition: all 400ms !important; transition: all 400ms !important}
</style>
<div class=""pagelayer-col-holder""><div class=""p-dbq3916 pagelayer-post_info"" pagelayer-id=""dbq3916"">
<style pagelayer-style-id=""dbq3916"">.p-dbq3916 .pagelayer-post-info-container{text-align:right}
.p-dbq3916 .pagelayer-post-info-icon span{font-size:120%;color:#495057}
.p-dbq3916 .pagelayer-post-info-list-container a{font-family: Roboto !important; font-size: 14px !important; font-style:  !important; font-weight: 500 !important; font-variant:  !important; text-decoration-line:  !important; text-decoration-style:  !important; line-height: 1.6em !important; text-transform:  !important; letter-spacing: px !important; word-spacing: px !important}
.p-dbq3916 .pagelayer-post-info-label{color:#0072ff}
.p-dbq3916 .pagelayer-post-info-label a{color:#0072ff}
.p-dbq3916 .pagelayer-terms *{color:#f8952c !important;padding-top:5px; padding-right:10px; padding-bottom:5px; padding-left:10px;margin-top:0px; margin-right:5px; margin-bottom:0px; margin-left:5px;border-radius: 4px 4px 4px 4px; -webkit-border-radius:  4px 4px 4px 4px;-moz-border-radius: 4px 4px 4px 4px}
.p-dbq3916{padding-top: 0px; padding-right: 0px; padding-bottom: 0px; padding-left: 0px}
@media (max-width: 768px) and (min-width: 501px){.p-dbq3916 .pagelayer-post-info-container{text-align:left}
}
@media (max-width: 500px){.p-dbq3916 .pagelayer-post-info-container{text-align:left}
}
</style><div class=""pagelayer-post-info-container pagelayer-post-info-vertical""><div class=""p-wpv7212 pagelayer-post_info_list"" pagelayer-id=""wpv7212"">
<div class=""pagelayer-post-info-list-container"">
<span class=""pagelayer-post-info-icon"">
</span>
<span class=""pagelayer-post-info-label pagelayer-terms""> <a href=""https://almuftionline.com/category/fatwa/54/""> جائز و ناجائزامور کا بیان </a></span>
</div></div></div></div></div></div></div></div><div class=""p-trw3096 pagelayer-inner_row pagelayer-row-stretch-auto pagelayer-height-default"" pagelayer-id=""trw3096"">
<style pagelayer-style-id=""trw3096"">.p-trw3096 .pagelayer-col-holder{padding: 10px}
.p-trw3096 > .pagelayer-background-overlay{-webkit-transition: all 400ms !important; transition: all 400ms !important}
.p-trw3096 .pagelayer-svg-top .pagelayer-shape-fill{fill:#227bc3}
.p-trw3096 .pagelayer-row-svg .pagelayer-svg-top{width:100%;height:100px}
.p-trw3096 .pagelayer-svg-bottom .pagelayer-shape-fill{fill:#e44993}
.p-trw3096 .pagelayer-row-svg .pagelayer-svg-bottom{width:100%;height:100px}
</style>
<div class=""pagelayer-row-holder pagelayer-row pagelayer-auto pagelayer-width-auto""><div class=""p-wwu6541 pagelayer-col pagelayer-col-2"" pagelayer-id=""wwu6541"">
<style pagelayer-style-id=""wwu6541"">.p-wwu6541{align-content: center !important}
.p-wwu6541 .pagelayer-col-holder > div:not(:last-child){margin-bottom: 15px}
.p-wwu6541 > .pagelayer-background-overlay{-webkit-transition: all 400ms !important; transition: all 400ms !important}
</style>
<div class=""pagelayer-col-holder""><div class=""p-ccj4284 pagelayer-post_content"" pagelayer-id=""ccj4284"">
<style pagelayer-style-id=""ccj4284"">.p-ccj4284{text-align: right}
</style><div class=""entry-content pagelayer-post-excerpt""><figure class=""wp-block-table""><table><tbody><tr><td>62177</td><td>جائز و ناجائزامور کا بیان</td><td>کھیل،گانے اور تصویر کےاحکام</td></tr></tbody></table></figure><div style=""direction:rtl;line-height: 2.5;""><h3 class=""has-text-align-center"">سوال</h3>سوال:موبائل یا ڈیجیٹل کیمرے سے تصویر محفوظ کرنے کا کیا حکم ہے؟<h4 class=""has-text-align-center"">اَلجَوَابْ بِاسْمِ مُلْہِمِ الصَّوَابْ

</h4>ڈیجیٹل تصویر کے بارے میں علمائے کرام کی تین آراء ہیں:
۱۔یہ ناجائز تصویر کے حکم میں داخل نہیں ،بلکہ پانی یا آئینہ میں دکھائی دینے والے عکس کی مانند ہے،لہذا جس چیز کا عکس دیکھنا جائز ہے اس کی ویڈیو یا تصویر بنانا اور دیکھنا بھی جائز ہےاور جس چیز کا عکس دیکھنا جائز نہیں اس کی ویڈیو یا تصویر بنانا اور دیکھنا بھی جائز نہیں۔
۲۔اس کا بھی وہی حکم ہے جو عام پرنٹ شدہ تصویر کا ہے ،لہذا صرف ضرورت کے وقت جائز ہے ۔
۳۔ ڈیجیٹل تصویر بھی اگرچہ اپنی حقیقت کے لحاظ سے تصویر ہی ہے،البتہ اس کے تصویر ہونے یا نہ ہونے میں چونکہ ایک سے زیادہ فقہی آراء موجود ہیں،اس لیے صرف شرعی ضرورت جیساکہ جہاد اور دین کے خلاف پروپیگنڈوں سے دفاع اور صحیح دینی معلومات کی فراہمی کی خاطر یا اس کے علاوہ کسی واقعی اورمعتبردینی یادنیوی مصلحت کی خاطر ایسی چیزوں اور مناظر کی تصویر اور ویڈیو بنانے کی گنجائش ہےجن میں تصویر ہونے کے علاوہ کوئی اور حرام پہلو مثلا عریانیت،موسیقی یا غیرمحرم کی تصاویر وغیرہ نہ ہوں۔
ایسی صورت حال میں عوام کے لئے یہ حکم ہےکہ عام مسائل میں جن مفتیان کرام کے علم وتقوی پر اعتما د کرتے ہیں اس مسئلے میں بھی انہی کی رائے پر عمل کریں اور اس طرح کے مختلف فیہ مسائل کو آپس میں اختلاف و انتشار کی بنیاد بنانے سے گریز کریں،البتہ احتیاط بہر حال دوسری رائے پر عمل کرنے میں ہے،جبکہ ہمارے نزدیک تیسری رائے راجح ہے۔
</div><h6 class=""has-text-align-right"">حوالہ جات</h6><div style=""direction: rtl;font-family: Amiri;
    
     font-size: 13px; font-weight: 400;"">""المدونة ""(1/ 182):
""قال ابن القاسم: وسألت مالكا عن التماثيل وتكون في الأسرة والقباب والمنار وما أشبهها؟
قال: هذا مكروه وقال لأن هذه خلقت خلقا، قال: وما كان من الثياب والبسط والوسائد فإن هذا يمتهن، قال: وقد كان أبو سلمة بن عبد الرحمن يقول ما كان يمتهن فلا بأس به وأرجو أن يكون خفيفا ومن تركه غير محرم له فهو أحب إلي"".
""حاشية الصاوي على الشرح الصغير "" (2/ 501):
""والحاصل أن تصاوير الحيوانات تحرم إجماعا إن كانت كاملة لها ظل مما يطول استمراره، بخلاف ناقص عضو لا يعيش به لو كان حيوانا، وبخلاف ما لا ظل له كنقش في ورق أو جدار. وفيما لا يطول استمراره خلاف"".
</div>..<h6 class=""has-text-align-center"">
واللہ سبحانہ وتعالی اعلم
</h6><figure class=""wp-block-table""><table><tbody><tr><td><h3>مجیب</h3></td><td>محمد طارق  غرفی</td><td><h3>مفتیان</h3></td><td> آفتاب احمد صاحب    / محمد حسین خلیل خیل صاحب</td></tr></tbody></table></figure></div></div></div></div></div></div><div class=""p-wl6689 pagelayer-inner_row pagelayer-row-stretch-auto pagelayer-height-default"" pagelayer-id=""wl6689"">
<style pagelayer-style-id=""wl6689"">.p-wl6689 .pagelayer-col-holder{padding: 10px}
.p-wl6689 > .pagelayer-background-overlay{-webkit-transition: all 400ms !important; transition: all 400ms !important}
.p-wl6689 .pagelayer-svg-top .pagelayer-shape-fill{fill:#227bc3}
.p-wl6689 .pagelayer-row-svg .pagelayer-svg-top{width:100%;height:100px}
.p-wl6689 .pagelayer-svg-bottom .pagelayer-shape-fill{fill:#e44993}
.p-wl6689 .pagelayer-row-svg .pagelayer-svg-bottom{width:100%;height:100px}
</style>
<div class=""pagelayer-row-holder pagelayer-row pagelayer-auto pagelayer-width-auto""><div class=""p-jzl6522 pagelayer-col pagelayer-col-6"" pagelayer-id=""jzl6522"">
<style pagelayer-style-id=""jzl6522"">.p-jzl6522{align-content: center !important}
.p-jzl6522 .pagelayer-col-holder > div:not(:last-child){margin-bottom: 15px}
.p-jzl6522 > .pagelayer-background-overlay{-webkit-transition: all 400ms !important; transition: all 400ms !important}
</style>
<div class=""pagelayer-col-holder""><div class=""p-xsb5673 pagelayer-share_grp pagelayer-share-type-icon-label pagelayer-social-bg-none pagelayer-scheme-official"" pagelayer-id=""xsb5673"">
<style pagelayer-style-id=""xsb5673"">.p-xsb5673{text-align: right}
.p-xsb5673 .pagelayer-share-content{min-height: 35px;-webkit-transition: all 400ms; transition: all 400ms}
.p-xsb5673 i{font-size: 27px}
.p-xsb5673 .pagelayer-icon-holder{font-size: 27px}
.p-xsb5673 .pagelayer-share-content i{-webkit-transition: all 400ms; transition: all 400ms}
.p-xsb5673 .pagelayer-icon-name{font-family: Roboto; font-size: 15px !important; font-style:  !important; font-weight: 500 !important; font-variant:  !important; text-decoration-line:  !important; text-decoration-style:  !important; line-height: em !important; text-transform:  !important; letter-spacing: px !important; word-spacing: px !important}
@media (max-width: 768px) and (min-width: 501px){.p-xsb5673{text-align: left}
.p-xsb5673 .pagelayer-share{padding-top: 10px; padding-bottom: 10px;padding-left: 10px; padding-right: 10px}
.p-xsb5673 i{font-size: 20px}
.p-xsb5673 .pagelayer-icon-holder{font-size: 20px}
.p-xsb5673 .pagelayer-icon-name{font-family: ; font-size: 13px !important; font-style:  !important; font-weight:  !important; font-variant:  !important; text-decoration-line:  !important; text-decoration-style:  !important; line-height: em !important; text-transform:  !important; letter-spacing: px !important; word-spacing: px !important}
}
@media (max-width: 500px){.p-xsb5673{text-align: left}
.p-xsb5673 .pagelayer-share{padding-top: 10px; padding-bottom: 10px;padding-left: 10px; padding-right: 10px}
.p-xsb5673 .pagelayer-share-content{min-height: NaNpx}
.p-xsb5673 i{font-size: 20px}
.p-xsb5673 .pagelayer-icon-holder{font-size: 20px}
.p-xsb5673 .pagelayer-icon-name{font-family: ; font-size: 13px !important; font-style:  !important; font-weight:  !important; font-variant:  !important; text-decoration-line:  !important; text-decoration-style:  !important; line-height: em !important; text-transform:  !important; letter-spacing: px !important; word-spacing: px !important}
}
</style><div class=""p-9mh2934 pagelayer-share"" pagelayer-id=""9mh2934"">
<a class=""pagelayer-ele-link"" href=""https://www.facebook.com/sharer/sharer.php?u=almuftionline.com/2018/02/18/1410/"" target=""_blank"" title=""fab fa-facebook-square"">
<div class=""pagelayer-share-content pagelayer-facebook-square"" data-icon=""fab fa-facebook-square"">
<div class=""pagelayer-icon-holder pagelayer-share-buttons"">
<i class=""pagelayer-social-fa fab fa-facebook-square""></i>
</div>
<div class=""pagelayer-icon-name"">
<span class=""pagelayer-icon-name-span"">Facebook</span>
</div>
</div>
</a></div><div class=""p-rai4926 pagelayer-share"" pagelayer-id=""rai4926"">
<a class=""pagelayer-ele-link"" href=""https://twitter.com/share?url=almuftionline.com/2018/02/18/1410/"" target=""_blank"" title=""fab fa-twitter-square"">
<div class=""pagelayer-share-content pagelayer-twitter-square"" data-icon=""fab fa-twitter-square"">
<div class=""pagelayer-icon-holder pagelayer-share-buttons"">
<i class=""pagelayer-social-fa fab fa-twitter-square""></i>
</div>
<div class=""pagelayer-icon-name"">
<span class=""pagelayer-icon-name-span"">Twitter</span>
</div>
</div>
</a></div><div class=""p-ndy3728 pagelayer-share"" pagelayer-id=""ndy3728"">
<a class=""pagelayer-ele-link"" href=""whatsapp://send?text=almuftionline.com/2018/02/18/1410/"" target=""_blank"" title=""fab fa-whatsapp"">
<div class=""pagelayer-share-content pagelayer-whatsapp"" data-icon=""fab fa-whatsapp"">
<div class=""pagelayer-icon-holder pagelayer-share-buttons"">
<i class=""pagelayer-social-fa fab fa-whatsapp""></i>
</div>
<div class=""pagelayer-icon-name"">
<span class=""pagelayer-icon-name-span"">WhatsApp</span>
</div>
</div>
</a></div></div></div></div></div></div><div class=""p-zqp4850 pagelayer-inner_row pagelayer-row-stretch-auto pagelayer-height-default"" pagelayer-id=""zqp4850"">
<style pagelayer-style-id=""zqp4850"">.p-zqp4850 .pagelayer-col-holder{padding: 10px}
.p-zqp4850 > .pagelayer-background-overlay{-webkit-transition: all 400ms !important; transition: all 400ms !important}
.p-zqp4850 .pagelayer-svg-top .pagelayer-shape-fill{fill:#227bc3}
.p-zqp4850 .pagelayer-row-svg .pagelayer-svg-top{width:100%;height:100px}
.p-zqp4850 .pagelayer-svg-bottom .pagelayer-shape-fill{fill:#e44993}
.p-zqp4850 .pagelayer-row-svg .pagelayer-svg-bottom{width:100%;height:100px}
</style>
<div class=""pagelayer-row-holder pagelayer-row pagelayer-auto pagelayer-width-auto""><div class=""p-q725202 pagelayer-col pagelayer-col-2"" pagelayer-id=""q725202"">
<style pagelayer-style-id=""q725202"">.p-q725202{align-content: center !important}
.p-q725202 .pagelayer-col-holder > div:not(:last-child){margin-bottom: 15px}
.p-q725202 > .pagelayer-background-overlay{-webkit-transition: all 400ms !important; transition: all 400ms !important}
</style>
<div class=""pagelayer-col-holder""><div class=""p-55r4448 pagelayer-post_nav"" pagelayer-id=""55r4448"">
<style pagelayer-style-id=""55r4448"">.p-55r4448 .pagelayer-post-nav-link{color:#adb5bd;font-family:  !important; font-size: 15px !important; font-style:  !important; font-weight:  !important; font-variant:  !important; text-decoration-line:  !important; text-decoration-style:  !important; line-height: em !important; text-transform:  !important; letter-spacing: px !important; word-spacing: px !important}
.p-55r4448 .pagelayer-post-nav-title{color:#000000;font-family:  !important; font-size: 18px !important; font-style:  !important; font-weight: bold !important; font-variant:  !important; text-decoration-line:  !important; text-decoration-style: Solid !important; line-height: em !important; text-transform:  !important; letter-spacing: px !important; word-spacing: px !important}
.p-55r4448 .pagelayer-post-nav-icon{color:#adb5bd;font-size:30px}
.p-55r4448 .pagelayer-post-nav-separator{display:none}
@media (max-width: 768px) and (min-width: 501px){.p-55r4448 .pagelayer-post-nav-link{font-family:  !important; font-size: 12px !important; font-style:  !important; font-weight:  !important; font-variant:  !important; text-decoration-line:  !important; text-decoration-style: Solid !important; line-height: em !important; text-transform:  !important; letter-spacing: px !important; word-spacing: px !important}
.p-55r4448 .pagelayer-post-nav-title{font-family:  !important; font-size: 15px !important; font-style:  !important; font-weight:  !important; font-variant:  !important; text-decoration-line:  !important; text-decoration-style: Solid !important; line-height: em !important; text-transform:  !important; letter-spacing: px !important; word-spacing: px !important}
}
@media (max-width: 500px){.p-55r4448 .pagelayer-post-nav-link{font-family:  !important; font-size: 12px !important; font-style:  !important; font-weight:  !important; font-variant:  !important; text-decoration-line:  !important; text-decoration-style: Solid !important; line-height: em !important; text-transform:  !important; letter-spacing: px !important; word-spacing: px !important}
.p-55r4448 .pagelayer-post-nav-title{font-family:  !important; font-size: 12px !important; font-style:  !important; font-weight:  !important; font-variant:  !important; text-decoration-line:  !important; text-decoration-style: Solid !important; line-height: em !important; text-transform:  !important; letter-spacing: px !important; word-spacing: px !important}
}
</style><div class=""pagelayer-post-nav-container"">
<div class=""pagelayer-prev-post"">
<a href=""https://almuftionline.com/2018/02/18/1409/"" rel=""prev""><span class=""pagelayer-post-nav-icon fa fa-chevron-left""></span>
<span class=""pagelayer-next-holder"">
<span class=""pagelayer-post-nav-link""> Previous</span><span class=""pagelayer-post-nav-title"">جنابت کی حالت میں تلاوت اور نماز کا حکم</span>
</span></a>
</div>
<div class=""pagelayer-post-nav-separator""></div>
<div class=""pagelayer-next-post"">
<a href=""https://almuftionline.com/2018/02/18/1411/"" rel=""next""><span class=""pagelayer-next-holder"">
<span class=""pagelayer-post-nav-link""> Next</span><span class=""pagelayer-post-nav-title"">HBLبینک سے قسطوں پر گاڑی نکلوانا</span>
</span>
<span class=""pagelayer-post-nav-icon fa fa-chevron-right""></span></a>
</div>
</div></div></div></div></div></div></div>"
2018-02-18,https://almuftionline.com/2018/02/18/1409/,جنابت کی حالت میں تلاوت اور نماز کا حکم,,"<h4 class=""has-text-align-center"">اَلجَوَابْ بِاسْمِ مُلْہِمِ الصَّوَابْ

</h4><h6 class=""has-text-align-right"">حوالہ جات</h6><div style=""direction: rtl;font-family: Amiri;
    
     font-size: 13px; font-weight: 400;"">""الدر المختار "" (1/ 172):
""(و) يحرم به (تلاوة القرآن) ولو دون آية على المختار (بقصده) فلو قصد الدعاء أو الثناء أو افتتاح أمر أو التعليم ولقن كلمة كلمةحل في الأصح، حتى لو قصد بالفاتحة الثناء في الجنازة لم يكره إلا إذا قرأ المصلي قاصدا الثناء فإنها تجزيه؛ لأنها في محلها، فلا يتغير حكمها بقصده (ومسه)"".
""الدر المختار""(1/ 402):
""ثم الشرط لغة العلامة اللازمة. وشرعا ما يتوقف عليه الشيء ولا يدخل فيه (هي) ستة (طهارة بدنه) أي جسده لدخول الأطراف في الجسد دون البدن فليحفظ (من حدث) بنوعيه، وقدمه لأنه أغلظ (وخبث) مانع كذلك"".
""الدر المختار "" (1/ 253):
"" (مقطوع اليدين والرجلين إذا كان بوجهه جراحة يصلي بغير طهارة) ولا يتيمم (ولا يعيد على الأصح) وبهذا ظهر أن تعمد الصلاة بلا طهر غير مكفر فليحفظ"".
</div><h6 class=""has-text-align-center"">
واللہ سبحانہ وتعالی اعلم
</h6><figure class=""wp-block-table""><table><tbody><tr><td><h3>مجیب</h3></td><td>محمد طارق  غرفی</td><td><h3>مفتیان</h3></td><td> آفتاب احمد صاحب    / محمد حسین خلیل خیل صاحب</td></tr></tbody></table></figure>",62176,jameya-tur-rasheed,پاکی کے مسائل,جنابت کے احکام,"<div class=""pagelayer-col-holder""><div class=""p-kgd1425 pagelayer-post_excerpt"" pagelayer-id=""kgd1425"">
<style pagelayer-style-id=""kgd1425"">.p-kgd1425 .pagelayer-post-excerpt{color:#adb5bd;font-family: ; font-size: 15px !important; font-style: Italic !important; font-weight: 500 !important; font-variant:  !important; text-decoration-line:  !important; text-decoration-style:  !important; line-height: 1.5em !important; text-transform:  !important; letter-spacing: px !important; word-spacing: px !important;margin-top:0px; margin-right:0px; margin-bottom:0px; margin-left:0px}
.p-kgd1425{text-align: left;margin-top: 0px; margin-right: 0px; margin-bottom: 0px; margin-left: 0px;padding-top: 0px; padding-right: 0px; padding-bottom: 0px; padding-left: 0px}
</style></div><div class=""p-4wb1030 pagelayer-featured_img"" pagelayer-id=""4wb1030"">
<style pagelayer-style-id=""4wb1030"">.p-4wb1030{text-align: center}
.p-4wb1030 img{filter: blur(0px) brightness(100%) contrast(100%) grayscale(0%) hue-rotate(0deg) opacity(100%) saturate(100%);box-shadow: 0px 24px 36px 0px rgba(0,0,0,0.10)  !important;-webkit-transition: all 400ms; transition: all 400ms}
.p-4wb1030 .pagelayer-featured-caption{color: #0986c0}
</style>
<div class=""pagelayer-featured-img""></div>
</div><div class=""p-f8n3612 pagelayer-inner_row pagelayer-row-stretch-auto pagelayer-height-default"" pagelayer-id=""f8n3612"">
<style pagelayer-style-id=""f8n3612"">.p-f8n3612 .pagelayer-col-holder{padding: 10px}
.p-f8n3612 > .pagelayer-background-overlay{-webkit-transition: all 400ms !important; transition: all 400ms !important}
.p-f8n3612 .pagelayer-svg-top .pagelayer-shape-fill{fill:#227bc3}
.p-f8n3612 .pagelayer-row-svg .pagelayer-svg-top{width:100%;height:100px}
.p-f8n3612 .pagelayer-svg-bottom .pagelayer-shape-fill{fill:#e44993}
.p-f8n3612 .pagelayer-row-svg .pagelayer-svg-bottom{width:100%;height:100px}
</style>
<div class=""pagelayer-row-holder pagelayer-row pagelayer-auto pagelayer-width-auto""><div class=""p-i795860 pagelayer-col pagelayer-col-4"" pagelayer-id=""i795860"">
<style pagelayer-style-id=""i795860"">.p-i795860{align-content: center !important}
.p-i795860 .pagelayer-col-holder > div:not(:last-child){margin-bottom: 15px}
.p-i795860 > .pagelayer-background-overlay{-webkit-transition: all 400ms !important; transition: all 400ms !important}
</style>
<div class=""pagelayer-col-holder""><div class=""p-qip3968 pagelayer-post_info"" pagelayer-id=""qip3968"">
<style pagelayer-style-id=""qip3968"">.p-qip3968 .pagelayer-post-info-vertical .pagelayer-post-info-list-container{margin-right:25px}
.p-qip3968 .pagelayer-post-info-horizontal .pagelayer-post-info-list-container{margin-bottom:25px}
.p-qip3968 .pagelayer-post-info-container{text-align:right}
.p-qip3968 .pagelayer-post-info-icon span{font-size:120%;color:#495057}
.p-qip3968 .pagelayer-post-info-list-container a{font-family: Roboto !important; font-size: 14px !important; font-style:  !important; font-weight: 500 !important; font-variant:  !important; text-decoration-line:  !important; text-decoration-style:  !important; line-height: 1.6em !important; text-transform:  !important; letter-spacing: px !important; word-spacing: px !important}
.p-qip3968 .pagelayer-post-info-label{color:#495057}
.p-qip3968 .pagelayer-post-info-label a{color:#495057}
.p-qip3968 .pagelayer-post-info-label:hover{color:#000000}
.p-qip3968 .pagelayer-post-info-label:hover a{color:#000000}
</style><div class=""pagelayer-post-info-container pagelayer-post-info-vertical""><div class=""p-xj43574 pagelayer-post_info_list"" pagelayer-id=""xj43574"">
<div class=""pagelayer-post-info-list-container"">
<a class=""pagelayer-post-info-list-link"" href=""https://almuftionline.com/2018/02/18/"">
<span class=""pagelayer-post-info-icon"">
<span class=""far fa-clock""></span>
</span>
<span class=""pagelayer-post-info-label pagelayer-date"">فروری 18, 2018</span>
</a>
</div></div></div></div></div></div><div class=""p-t2j1983 pagelayer-col pagelayer-col-7"" pagelayer-id=""t2j1983"">
<style pagelayer-style-id=""t2j1983"">.p-t2j1983{align-content: center !important}
.p-t2j1983 .pagelayer-col-holder > div:not(:last-child){margin-bottom: 15px}
.p-t2j1983 > .pagelayer-background-overlay{-webkit-transition: all 400ms !important; transition: all 400ms !important}
</style>
<div class=""pagelayer-col-holder""><div class=""p-dbq3916 pagelayer-post_info"" pagelayer-id=""dbq3916"">
<style pagelayer-style-id=""dbq3916"">.p-dbq3916 .pagelayer-post-info-container{text-align:right}
.p-dbq3916 .pagelayer-post-info-icon span{font-size:120%;color:#495057}
.p-dbq3916 .pagelayer-post-info-list-container a{font-family: Roboto !important; font-size: 14px !important; font-style:  !important; font-weight: 500 !important; font-variant:  !important; text-decoration-line:  !important; text-decoration-style:  !important; line-height: 1.6em !important; text-transform:  !important; letter-spacing: px !important; word-spacing: px !important}
.p-dbq3916 .pagelayer-post-info-label{color:#0072ff}
.p-dbq3916 .pagelayer-post-info-label a{color:#0072ff}
.p-dbq3916 .pagelayer-terms *{color:#f8952c !important;padding-top:5px; padding-right:10px; padding-bottom:5px; padding-left:10px;margin-top:0px; margin-right:5px; margin-bottom:0px; margin-left:5px;border-radius: 4px 4px 4px 4px; -webkit-border-radius:  4px 4px 4px 4px;-moz-border-radius: 4px 4px 4px 4px}
.p-dbq3916{padding-top: 0px; padding-right: 0px; padding-bottom: 0px; padding-left: 0px}
@media (max-width: 768px) and (min-width: 501px){.p-dbq3916 .pagelayer-post-info-container{text-align:left}
}
@media (max-width: 500px){.p-dbq3916 .pagelayer-post-info-container{text-align:left}
}
</style><div class=""pagelayer-post-info-container pagelayer-post-info-vertical""><div class=""p-wpv7212 pagelayer-post_info_list"" pagelayer-id=""wpv7212"">
<div class=""pagelayer-post-info-list-container"">
<span class=""pagelayer-post-info-icon"">
</span>
<span class=""pagelayer-post-info-label pagelayer-terms""> <a href=""https://almuftionline.com/category/fatwa/12/""> پاکی کے مسائل </a></span>
</div></div></div></div></div></div></div></div><div class=""p-trw3096 pagelayer-inner_row pagelayer-row-stretch-auto pagelayer-height-default"" pagelayer-id=""trw3096"">
<style pagelayer-style-id=""trw3096"">.p-trw3096 .pagelayer-col-holder{padding: 10px}
.p-trw3096 > .pagelayer-background-overlay{-webkit-transition: all 400ms !important; transition: all 400ms !important}
.p-trw3096 .pagelayer-svg-top .pagelayer-shape-fill{fill:#227bc3}
.p-trw3096 .pagelayer-row-svg .pagelayer-svg-top{width:100%;height:100px}
.p-trw3096 .pagelayer-svg-bottom .pagelayer-shape-fill{fill:#e44993}
.p-trw3096 .pagelayer-row-svg .pagelayer-svg-bottom{width:100%;height:100px}
</style>
<div class=""pagelayer-row-holder pagelayer-row pagelayer-auto pagelayer-width-auto""><div class=""p-wwu6541 pagelayer-col pagelayer-col-2"" pagelayer-id=""wwu6541"">
<style pagelayer-style-id=""wwu6541"">.p-wwu6541{align-content: center !important}
.p-wwu6541 .pagelayer-col-holder > div:not(:last-child){margin-bottom: 15px}
.p-wwu6541 > .pagelayer-background-overlay{-webkit-transition: all 400ms !important; transition: all 400ms !important}
</style>
<div class=""pagelayer-col-holder""><div class=""p-ccj4284 pagelayer-post_content"" pagelayer-id=""ccj4284"">
<style pagelayer-style-id=""ccj4284"">.p-ccj4284{text-align: right}
</style><div class=""entry-content pagelayer-post-excerpt""><figure class=""wp-block-table""><table><tbody><tr><td>62176 </td><td>پاکی کے مسائل</td><td>جنابت کے احکام</td></tr></tbody></table></figure><div style=""direction:rtl;line-height: 2.5;""><h3 class=""has-text-align-center"">سوال</h3>سوال:اگر جنابت کی حالت میں سھوا یا قصدا تلاوت کرلی جائے یا نماز پڑھ لی جائے تو اس کا کیا حکم ہے؟<h4 class=""has-text-align-center"">اَلجَوَابْ بِاسْمِ مُلْہِمِ الصَّوَابْ

</h4>انجانے میں جنابت کی حالت میں تلاوت یا نماز پڑھنے کی وجہ سے کوئی گناہ نہیں ہوگا،لیکن جان بوجھ کر ایسا کرنے والا گناہ گار ہوگا،البتہ نماز کا اعادہ دونوں صورتوں میں لازم ہوگا،چاہے بھولے سے پڑھی ہو یا جان بوجھ کر۔</div><h6 class=""has-text-align-right"">حوالہ جات</h6><div style=""direction: rtl;font-family: Amiri;
    
     font-size: 13px; font-weight: 400;"">""الدر المختار "" (1/ 172):
""(و) يحرم به (تلاوة القرآن) ولو دون آية على المختار (بقصده) فلو قصد الدعاء أو الثناء أو افتتاح أمر أو التعليم ولقن كلمة كلمةحل في الأصح، حتى لو قصد بالفاتحة الثناء في الجنازة لم يكره إلا إذا قرأ المصلي قاصدا الثناء فإنها تجزيه؛ لأنها في محلها، فلا يتغير حكمها بقصده (ومسه)"".
""الدر المختار""(1/ 402):
""ثم الشرط لغة العلامة اللازمة. وشرعا ما يتوقف عليه الشيء ولا يدخل فيه (هي) ستة (طهارة بدنه) أي جسده لدخول الأطراف في الجسد دون البدن فليحفظ (من حدث) بنوعيه، وقدمه لأنه أغلظ (وخبث) مانع كذلك"".
""الدر المختار "" (1/ 253):
"" (مقطوع اليدين والرجلين إذا كان بوجهه جراحة يصلي بغير طهارة) ولا يتيمم (ولا يعيد على الأصح) وبهذا ظهر أن تعمد الصلاة بلا طهر غير مكفر فليحفظ"".
</div>..<h6 class=""has-text-align-center"">
واللہ سبحانہ وتعالی اعلم
</h6><figure class=""wp-block-table""><table><tbody><tr><td><h3>مجیب</h3></td><td>محمد طارق  غرفی</td><td><h3>مفتیان</h3></td><td> آفتاب احمد صاحب    / محمد حسین خلیل خیل صاحب</td></tr></tbody></table></figure></div></div></div></div></div></div><div class=""p-wl6689 pagelayer-inner_row pagelayer-row-stretch-auto pagelayer-height-default"" pagelayer-id=""wl6689"">
<style pagelayer-style-id=""wl6689"">.p-wl6689 .pagelayer-col-holder{padding: 10px}
.p-wl6689 > .pagelayer-background-overlay{-webkit-transition: all 400ms !important; transition: all 400ms !important}
.p-wl6689 .pagelayer-svg-top .pagelayer-shape-fill{fill:#227bc3}
.p-wl6689 .pagelayer-row-svg .pagelayer-svg-top{width:100%;height:100px}
.p-wl6689 .pagelayer-svg-bottom .pagelayer-shape-fill{fill:#e44993}
.p-wl6689 .pagelayer-row-svg .pagelayer-svg-bottom{width:100%;height:100px}
</style>
<div class=""pagelayer-row-holder pagelayer-row pagelayer-auto pagelayer-width-auto""><div class=""p-jzl6522 pagelayer-col pagelayer-col-6"" pagelayer-id=""jzl6522"">
<style pagelayer-style-id=""jzl6522"">.p-jzl6522{align-content: center !important}
.p-jzl6522 .pagelayer-col-holder > div:not(:last-child){margin-bottom: 15px}
.p-jzl6522 > .pagelayer-background-overlay{-webkit-transition: all 400ms !important; transition: all 400ms !important}
</style>
<div class=""pagelayer-col-holder""><div class=""p-xsb5673 pagelayer-share_grp pagelayer-share-type-icon-label pagelayer-social-bg-none pagelayer-scheme-official"" pagelayer-id=""xsb5673"">
<style pagelayer-style-id=""xsb5673"">.p-xsb5673{text-align: right}
.p-xsb5673 .pagelayer-share-content{min-height: 35px;-webkit-transition: all 400ms; transition: all 400ms}
.p-xsb5673 i{font-size: 27px}
.p-xsb5673 .pagelayer-icon-holder{font-size: 27px}
.p-xsb5673 .pagelayer-share-content i{-webkit-transition: all 400ms; transition: all 400ms}
.p-xsb5673 .pagelayer-icon-name{font-family: Roboto; font-size: 15px !important; font-style:  !important; font-weight: 500 !important; font-variant:  !important; text-decoration-line:  !important; text-decoration-style:  !important; line-height: em !important; text-transform:  !important; letter-spacing: px !important; word-spacing: px !important}
@media (max-width: 768px) and (min-width: 501px){.p-xsb5673{text-align: left}
.p-xsb5673 .pagelayer-share{padding-top: 10px; padding-bottom: 10px;padding-left: 10px; padding-right: 10px}
.p-xsb5673 i{font-size: 20px}
.p-xsb5673 .pagelayer-icon-holder{font-size: 20px}
.p-xsb5673 .pagelayer-icon-name{font-family: ; font-size: 13px !important; font-style:  !important; font-weight:  !important; font-variant:  !important; text-decoration-line:  !important; text-decoration-style:  !important; line-height: em !important; text-transform:  !important; letter-spacing: px !important; word-spacing: px !important}
}
@media (max-width: 500px){.p-xsb5673{text-align: left}
.p-xsb5673 .pagelayer-share{padding-top: 10px; padding-bottom: 10px;padding-left: 10px; padding-right: 10px}
.p-xsb5673 .pagelayer-share-content{min-height: NaNpx}
.p-xsb5673 i{font-size: 20px}
.p-xsb5673 .pagelayer-icon-holder{font-size: 20px}
.p-xsb5673 .pagelayer-icon-name{font-family: ; font-size: 13px !important; font-style:  !important; font-weight:  !important; font-variant:  !important; text-decoration-line:  !important; text-decoration-style:  !important; line-height: em !important; text-transform:  !important; letter-spacing: px !important; word-spacing: px !important}
}
</style><div class=""p-9mh2934 pagelayer-share"" pagelayer-id=""9mh2934"">
<a class=""pagelayer-ele-link"" href=""https://www.facebook.com/sharer/sharer.php?u=almuftionline.com/2018/02/18/1409/"" target=""_blank"" title=""fab fa-facebook-square"">
<div class=""pagelayer-share-content pagelayer-facebook-square"" data-icon=""fab fa-facebook-square"">
<div class=""pagelayer-icon-holder pagelayer-share-buttons"">
<i class=""pagelayer-social-fa fab fa-facebook-square""></i>
</div>
<div class=""pagelayer-icon-name"">
<span class=""pagelayer-icon-name-span"">Facebook</span>
</div>
</div>
</a></div><div class=""p-rai4926 pagelayer-share"" pagelayer-id=""rai4926"">
<a class=""pagelayer-ele-link"" href=""https://twitter.com/share?url=almuftionline.com/2018/02/18/1409/"" target=""_blank"" title=""fab fa-twitter-square"">
<div class=""pagelayer-share-content pagelayer-twitter-square"" data-icon=""fab fa-twitter-square"">
<div class=""pagelayer-icon-holder pagelayer-share-buttons"">
<i class=""pagelayer-social-fa fab fa-twitter-square""></i>
</div>
<div class=""pagelayer-icon-name"">
<span class=""pagelayer-icon-name-span"">Twitter</span>
</div>
</div>
</a></div><div class=""p-ndy3728 pagelayer-share"" pagelayer-id=""ndy3728"">
<a class=""pagelayer-ele-link"" href=""whatsapp://send?text=almuftionline.com/2018/02/18/1409/"" target=""_blank"" title=""fab fa-whatsapp"">
<div class=""pagelayer-share-content pagelayer-whatsapp"" data-icon=""fab fa-whatsapp"">
<div class=""pagelayer-icon-holder pagelayer-share-buttons"">
<i class=""pagelayer-social-fa fab fa-whatsapp""></i>
</div>
<div class=""pagelayer-icon-name"">
<span class=""pagelayer-icon-name-span"">WhatsApp</span>
</div>
</div>
</a></div></div></div></div></div></div><div class=""p-zqp4850 pagelayer-inner_row pagelayer-row-stretch-auto pagelayer-height-default"" pagelayer-id=""zqp4850"">
<style pagelayer-style-id=""zqp4850"">.p-zqp4850 .pagelayer-col-holder{padding: 10px}
.p-zqp4850 > .pagelayer-background-overlay{-webkit-transition: all 400ms !important; transition: all 400ms !important}
.p-zqp4850 .pagelayer-svg-top .pagelayer-shape-fill{fill:#227bc3}
.p-zqp4850 .pagelayer-row-svg .pagelayer-svg-top{width:100%;height:100px}
.p-zqp4850 .pagelayer-svg-bottom .pagelayer-shape-fill{fill:#e44993}
.p-zqp4850 .pagelayer-row-svg .pagelayer-svg-bottom{width:100%;height:100px}
</style>
<div class=""pagelayer-row-holder pagelayer-row pagelayer-auto pagelayer-width-auto""><div class=""p-q725202 pagelayer-col pagelayer-col-2"" pagelayer-id=""q725202"">
<style pagelayer-style-id=""q725202"">.p-q725202{align-content: center !important}
.p-q725202 .pagelayer-col-holder > div:not(:last-child){margin-bottom: 15px}
.p-q725202 > .pagelayer-background-overlay{-webkit-transition: all 400ms !important; transition: all 400ms !important}
</style>
<div class=""pagelayer-col-holder""><div class=""p-55r4448 pagelayer-post_nav"" pagelayer-id=""55r4448"">
<style pagelayer-style-id=""55r4448"">.p-55r4448 .pagelayer-post-nav-link{color:#adb5bd;font-family:  !important; font-size: 15px !important; font-style:  !important; font-weight:  !important; font-variant:  !important; text-decoration-line:  !important; text-decoration-style:  !important; line-height: em !important; text-transform:  !important; letter-spacing: px !important; word-spacing: px !important}
.p-55r4448 .pagelayer-post-nav-title{color:#000000;font-family:  !important; font-size: 18px !important; font-style:  !important; font-weight: bold !important; font-variant:  !important; text-decoration-line:  !important; text-decoration-style: Solid !important; line-height: em !important; text-transform:  !important; letter-spacing: px !important; word-spacing: px !important}
.p-55r4448 .pagelayer-post-nav-icon{color:#adb5bd;font-size:30px}
.p-55r4448 .pagelayer-post-nav-separator{display:none}
@media (max-width: 768px) and (min-width: 501px){.p-55r4448 .pagelayer-post-nav-link{font-family:  !important; font-size: 12px !important; font-style:  !important; font-weight:  !important; font-variant:  !important; text-decoration-line:  !important; text-decoration-style: Solid !important; line-height: em !important; text-transform:  !important; letter-spacing: px !important; word-spacing: px !important}
.p-55r4448 .pagelayer-post-nav-title{font-family:  !important; font-size: 15px !important; font-style:  !important; font-weight:  !important; font-variant:  !important; text-decoration-line:  !important; text-decoration-style: Solid !important; line-height: em !important; text-transform:  !important; letter-spacing: px !important; word-spacing: px !important}
}
@media (max-width: 500px){.p-55r4448 .pagelayer-post-nav-link{font-family:  !important; font-size: 12px !important; font-style:  !important; font-weight:  !important; font-variant:  !important; text-decoration-line:  !important; text-decoration-style: Solid !important; line-height: em !important; text-transform:  !important; letter-spacing: px !important; word-spacing: px !important}
.p-55r4448 .pagelayer-post-nav-title{font-family:  !important; font-size: 12px !important; font-style:  !important; font-weight:  !important; font-variant:  !important; text-decoration-line:  !important; text-decoration-style: Solid !important; line-height: em !important; text-transform:  !important; letter-spacing: px !important; word-spacing: px !important}
}
</style><div class=""pagelayer-post-nav-container"">
<div class=""pagelayer-prev-post"">
<a href=""https://almuftionline.com/2018/02/18/1408/"" rel=""prev""><span class=""pagelayer-post-nav-icon fa fa-chevron-left""></span>
<span class=""pagelayer-next-holder"">
<span class=""pagelayer-post-nav-link""> Previous</span><span class=""pagelayer-post-nav-title"">موبائل میں محفوظ قرآن کو بغیر وضوء چھونے کا حکم</span>
</span></a>
</div>
<div class=""pagelayer-post-nav-separator""></div>
<div class=""pagelayer-next-post"">
<a href=""https://almuftionline.com/2018/02/18/1410/"" rel=""next""><span class=""pagelayer-next-holder"">
<span class=""pagelayer-post-nav-link""> Next</span><span class=""pagelayer-post-nav-title"">موبائل یا ڈیجیٹل کیمرے کی تصویر کا حکم</span>
</span>
<span class=""pagelayer-post-nav-icon fa fa-chevron-right""></span></a>
</div>
</div></div></div></div></div></div></div>"
