issued_at,link,title,question_html,answer_html,fatwa_number,dar_ul_ifta,category_lvl_1,category_lvl_2,html_container
2022-02-22,https://almuftionline.com/2022/02/22/8600/,عمرےکےسفرمیں دواکھاکرحیض روکنا,<p>اپنےشوہرکےساتھ عمرہ پرجانےکاارادہ ہے،بارہ تاریخ کی فلائٹ متوقع ہے،میں زندگی میں پہلی مرتبہ حرمین شریفین جاوں گی ،آگےحالات کاکچھ پتہ نہیں کہ پھرموقع ملےیانہ ملے،دعافرمائیےگاکہ اللہ حج کےبھی وسائل مہیاکردے۔کووڈنائینٹین کے بعدبیس دن کےسفرمیں میرےماہانہ ایام آڑےآرہےہیں ،کیامیں یہاں سےڈاکٹر سےکوئی دوائی لےکراستعمال کرسکتی ہوں ،یہ جائزہےکہ نہیں ۔براہ مہربانی اس کاجواب بھی جلدازجلددے دیں ۔</p>,"<h4 class=""has-text-align-center"">اَلجَوَابْ بِاسْمِ مُلْہِمِ الصَّوَابْ

</h4><p>شرعی ضرورت کےبقدربحالت مجبوری  دواوغیرہ کھاکرحیض روکنےکی گنجائش ہے،لہذااگرعمرے کےسفر میں حیض کےدن آجائیں تو دواکھاکرحیض روکنےکی گنجائش ہے،چنانچہ دواکےاستعمال سےجب حیض مکمل رک جائے اورایام حیض میں خون نہ آئےتوخاتون پاکی کی حالت میں شمارہوگی، لہذا عمرہ اداکرسکتی ہے۔لیکن یہ بھی یادرہےکہ  دوا</p><p>کھاکرنظام فطرت کوروکناہےاس کانقصان عین ممکن ہے،لہذابہتریہی ہےکہ حتی الامکان دوااستعمال کرکےحیض نہیں روکناچاہیے۔</p><h6 class=""has-text-align-right"">حوالہ جات</h6><div style=""direction: rtl;font-family: Amiri;
    
     font-size: 13px; font-weight: 400;""><p><strong>«حاشية ابن عابدين = رد المحتار ط الحلبي» (1/ 283):</strong></p>
<p>‌وركنه ‌بروز ‌الدم من الرحم. وشرطه تقدم نصاب الطهر ولو حكما، وعدم نقصه عن أقله وأوانه بعد التسع.ووقت ثبوته بالبروز، فيه تترك الصلاة ولو مبتدأة في الأصح؛ لأن الأصل الصحة، والحيض دم صحة شمني.</p>
<p><strong>«حاشية ابن عابدين = رد المحتار ط الحلبي» (1/ 284):</strong></p>
<p>(قوله ‌وركنه ‌بروز ‌الدم من الرحم) أي ظهوره منه إلى خارج الفرج الداخل، فلو نزل إلى الفرج الداخل فليس بحيض في ظاهر الرواية وبه يفتى قهستاني</p>
<p><strong>«المحيط البرهاني في الفقه النعماني» (1/ 214):</strong></p>
<p>‌يجب ‌أن ‌يعلم بأن حكم الحيض والنفاس والاستحاضة لا يثبت إلا بخروج الدم، وظهوره هذا هو مذهب أصحابنا وعليه عامة مشايخنا</p>
</div><p><span dir=""RTL"">عبدالقدوس </span></p><p><span dir=""RTL"">دارالافتاء،جامعۃ الرشیدکراچی</span></p><p><span dir=""RTL"">۲شعبان ۱۴۴۳</span></p><h6 class=""has-text-align-center"">
واللہ سبحانہ وتعالی اعلم
</h6><figure class=""wp-block-table""><table><tbody><tr><td><h3>مجیب</h3></td><td>عبدالقدوس بن محمد حنیف</td><td><h3>مفتیان</h3></td><td>سیّد عابد شاہ صاحب / محمد حسین خلیل خیل صاحب</td></tr></tbody></table></figure>",76252,jameya-tur-rasheed,حج کے  احکام ومسائل,احرام اور اس کے ممنوعات کا بیان,"<div class=""pagelayer-col-holder""><div class=""p-kgd1425 pagelayer-post_excerpt"" pagelayer-id=""kgd1425"">
<style pagelayer-style-id=""kgd1425"">.p-kgd1425 .pagelayer-post-excerpt{color:#adb5bd;font-family: ; font-size: 15px !important; font-style: Italic !important; font-weight: 500 !important; font-variant:  !important; text-decoration-line:  !important; text-decoration-style:  !important; line-height: 1.5em !important; text-transform:  !important; letter-spacing: px !important; word-spacing: px !important;margin-top:0px; margin-right:0px; margin-bottom:0px; margin-left:0px}
.p-kgd1425{text-align: left;margin-top: 0px; margin-right: 0px; margin-bottom: 0px; margin-left: 0px;padding-top: 0px; padding-right: 0px; padding-bottom: 0px; padding-left: 0px}
</style></div><div class=""p-4wb1030 pagelayer-featured_img"" pagelayer-id=""4wb1030"">
<style pagelayer-style-id=""4wb1030"">.p-4wb1030{text-align: center}
.p-4wb1030 img{filter: blur(0px) brightness(100%) contrast(100%) grayscale(0%) hue-rotate(0deg) opacity(100%) saturate(100%);box-shadow: 0px 24px 36px 0px rgba(0,0,0,0.10)  !important;-webkit-transition: all 400ms; transition: all 400ms}
.p-4wb1030 .pagelayer-featured-caption{color: #0986c0}
</style>
<div class=""pagelayer-featured-img""></div>
</div><div class=""p-f8n3612 pagelayer-inner_row pagelayer-row-stretch-auto pagelayer-height-default"" pagelayer-id=""f8n3612"">
<style pagelayer-style-id=""f8n3612"">.p-f8n3612 .pagelayer-col-holder{padding: 10px}
.p-f8n3612 > .pagelayer-background-overlay{-webkit-transition: all 400ms !important; transition: all 400ms !important}
.p-f8n3612 .pagelayer-svg-top .pagelayer-shape-fill{fill:#227bc3}
.p-f8n3612 .pagelayer-row-svg .pagelayer-svg-top{width:100%;height:100px}
.p-f8n3612 .pagelayer-svg-bottom .pagelayer-shape-fill{fill:#e44993}
.p-f8n3612 .pagelayer-row-svg .pagelayer-svg-bottom{width:100%;height:100px}
</style>
<div class=""pagelayer-row-holder pagelayer-row pagelayer-auto pagelayer-width-auto""><div class=""p-i795860 pagelayer-col pagelayer-col-4"" pagelayer-id=""i795860"">
<style pagelayer-style-id=""i795860"">.p-i795860{align-content: center !important}
.p-i795860 .pagelayer-col-holder > div:not(:last-child){margin-bottom: 15px}
.p-i795860 > .pagelayer-background-overlay{-webkit-transition: all 400ms !important; transition: all 400ms !important}
</style>
<div class=""pagelayer-col-holder""><div class=""p-qip3968 pagelayer-post_info"" pagelayer-id=""qip3968"">
<style pagelayer-style-id=""qip3968"">.p-qip3968 .pagelayer-post-info-vertical .pagelayer-post-info-list-container{margin-right:25px}
.p-qip3968 .pagelayer-post-info-horizontal .pagelayer-post-info-list-container{margin-bottom:25px}
.p-qip3968 .pagelayer-post-info-container{text-align:right}
.p-qip3968 .pagelayer-post-info-icon span{font-size:120%;color:#495057}
.p-qip3968 .pagelayer-post-info-list-container a{font-family: Roboto !important; font-size: 14px !important; font-style:  !important; font-weight: 500 !important; font-variant:  !important; text-decoration-line:  !important; text-decoration-style:  !important; line-height: 1.6em !important; text-transform:  !important; letter-spacing: px !important; word-spacing: px !important}
.p-qip3968 .pagelayer-post-info-label{color:#495057}
.p-qip3968 .pagelayer-post-info-label a{color:#495057}
.p-qip3968 .pagelayer-post-info-label:hover{color:#000000}
.p-qip3968 .pagelayer-post-info-label:hover a{color:#000000}
</style><div class=""pagelayer-post-info-container pagelayer-post-info-vertical""><div class=""p-xj43574 pagelayer-post_info_list"" pagelayer-id=""xj43574"">
<div class=""pagelayer-post-info-list-container"">
<a class=""pagelayer-post-info-list-link"" href=""https://almuftionline.com/2022/02/22/"">
<span class=""pagelayer-post-info-icon"">
<span class=""far fa-clock""></span>
</span>
<span class=""pagelayer-post-info-label pagelayer-date"">فروری 22, 2022</span>
</a>
</div></div></div></div></div></div><div class=""p-t2j1983 pagelayer-col pagelayer-col-7"" pagelayer-id=""t2j1983"">
<style pagelayer-style-id=""t2j1983"">.p-t2j1983{align-content: center !important}
.p-t2j1983 .pagelayer-col-holder > div:not(:last-child){margin-bottom: 15px}
.p-t2j1983 > .pagelayer-background-overlay{-webkit-transition: all 400ms !important; transition: all 400ms !important}
</style>
<div class=""pagelayer-col-holder""><div class=""p-dbq3916 pagelayer-post_info"" pagelayer-id=""dbq3916"">
<style pagelayer-style-id=""dbq3916"">.p-dbq3916 .pagelayer-post-info-container{text-align:right}
.p-dbq3916 .pagelayer-post-info-icon span{font-size:120%;color:#495057}
.p-dbq3916 .pagelayer-post-info-list-container a{font-family: Roboto !important; font-size: 14px !important; font-style:  !important; font-weight: 500 !important; font-variant:  !important; text-decoration-line:  !important; text-decoration-style:  !important; line-height: 1.6em !important; text-transform:  !important; letter-spacing: px !important; word-spacing: px !important}
.p-dbq3916 .pagelayer-post-info-label{color:#0072ff}
.p-dbq3916 .pagelayer-post-info-label a{color:#0072ff}
.p-dbq3916 .pagelayer-terms *{color:#f8952c !important;padding-top:5px; padding-right:10px; padding-bottom:5px; padding-left:10px;margin-top:0px; margin-right:5px; margin-bottom:0px; margin-left:5px;border-radius: 4px 4px 4px 4px; -webkit-border-radius:  4px 4px 4px 4px;-moz-border-radius: 4px 4px 4px 4px}
.p-dbq3916{padding-top: 0px; padding-right: 0px; padding-bottom: 0px; padding-left: 0px}
@media (max-width: 768px) and (min-width: 501px){.p-dbq3916 .pagelayer-post-info-container{text-align:left}
}
@media (max-width: 500px){.p-dbq3916 .pagelayer-post-info-container{text-align:left}
}
</style><div class=""pagelayer-post-info-container pagelayer-post-info-vertical""><div class=""p-wpv7212 pagelayer-post_info_list"" pagelayer-id=""wpv7212"">
<div class=""pagelayer-post-info-list-container"">
<span class=""pagelayer-post-info-icon"">
</span>
<span class=""pagelayer-post-info-label pagelayer-terms""> <a href=""https://almuftionline.com/category/fatwa/17/""> حج کے  احکام ومسائل </a></span>
</div></div></div></div></div></div></div></div><div class=""p-trw3096 pagelayer-inner_row pagelayer-row-stretch-auto pagelayer-height-default"" pagelayer-id=""trw3096"">
<style pagelayer-style-id=""trw3096"">.p-trw3096 .pagelayer-col-holder{padding: 10px}
.p-trw3096 > .pagelayer-background-overlay{-webkit-transition: all 400ms !important; transition: all 400ms !important}
.p-trw3096 .pagelayer-svg-top .pagelayer-shape-fill{fill:#227bc3}
.p-trw3096 .pagelayer-row-svg .pagelayer-svg-top{width:100%;height:100px}
.p-trw3096 .pagelayer-svg-bottom .pagelayer-shape-fill{fill:#e44993}
.p-trw3096 .pagelayer-row-svg .pagelayer-svg-bottom{width:100%;height:100px}
</style>
<div class=""pagelayer-row-holder pagelayer-row pagelayer-auto pagelayer-width-auto""><div class=""p-wwu6541 pagelayer-col pagelayer-col-2"" pagelayer-id=""wwu6541"">
<style pagelayer-style-id=""wwu6541"">.p-wwu6541{align-content: center !important}
.p-wwu6541 .pagelayer-col-holder > div:not(:last-child){margin-bottom: 15px}
.p-wwu6541 > .pagelayer-background-overlay{-webkit-transition: all 400ms !important; transition: all 400ms !important}
</style>
<div class=""pagelayer-col-holder""><div class=""p-ccj4284 pagelayer-post_content"" pagelayer-id=""ccj4284"">
<style pagelayer-style-id=""ccj4284"">.p-ccj4284{text-align: right}
</style><div class=""entry-content pagelayer-post-excerpt""><figure class=""wp-block-table""><table><tbody><tr><td>76252</td><td>حج کے  احکام ومسائل</td><td>احرام اور اس کے ممنوعات کا بیان</td></tr></tbody></table></figure><div style=""direction:rtl;line-height: 2.5;""><h3 class=""has-text-align-center"">سوال</h3><p>اپنےشوہرکےساتھ عمرہ پرجانےکاارادہ ہے،بارہ تاریخ کی فلائٹ متوقع ہے،میں زندگی میں پہلی مرتبہ حرمین شریفین جاوں گی ،آگےحالات کاکچھ پتہ نہیں کہ پھرموقع ملےیانہ ملے،دعافرمائیےگاکہ اللہ حج کےبھی وسائل مہیاکردے۔کووڈنائینٹین کے بعدبیس دن کےسفرمیں میرےماہانہ ایام آڑےآرہےہیں ،کیامیں یہاں سےڈاکٹر سےکوئی دوائی لےکراستعمال کرسکتی ہوں ،یہ جائزہےکہ نہیں ۔براہ مہربانی اس کاجواب بھی جلدازجلددے دیں ۔</p>
<h4 class=""has-text-align-center"">اَلجَوَابْ بِاسْمِ مُلْہِمِ الصَّوَابْ

</h4><p>شرعی ضرورت کےبقدربحالت مجبوری  دواوغیرہ کھاکرحیض روکنےکی گنجائش ہے،لہذااگرعمرے کےسفر میں حیض کےدن آجائیں تو دواکھاکرحیض روکنےکی گنجائش ہے،چنانچہ دواکےاستعمال سےجب حیض مکمل رک جائے اورایام حیض میں خون نہ آئےتوخاتون پاکی کی حالت میں شمارہوگی، لہذا عمرہ اداکرسکتی ہے۔لیکن یہ بھی یادرہےکہ  دوا</p>
<p>کھاکرنظام فطرت کوروکناہےاس کانقصان عین ممکن ہے،لہذابہتریہی ہےکہ حتی الامکان دوااستعمال کرکےحیض نہیں روکناچاہیے۔</p>
</div><h6 class=""has-text-align-right"">حوالہ جات</h6><div style=""direction: rtl;font-family: Amiri;
    
     font-size: 13px; font-weight: 400;""><p><strong>«حاشية ابن عابدين = رد المحتار ط الحلبي» (1/ 283):</strong></p>
<p>‌وركنه ‌بروز ‌الدم من الرحم. وشرطه تقدم نصاب الطهر ولو حكما، وعدم نقصه عن أقله وأوانه بعد التسع.ووقت ثبوته بالبروز، فيه تترك الصلاة ولو مبتدأة في الأصح؛ لأن الأصل الصحة، والحيض دم صحة شمني.</p>
<p><strong>«حاشية ابن عابدين = رد المحتار ط الحلبي» (1/ 284):</strong></p>
<p>(قوله ‌وركنه ‌بروز ‌الدم من الرحم) أي ظهوره منه إلى خارج الفرج الداخل، فلو نزل إلى الفرج الداخل فليس بحيض في ظاهر الرواية وبه يفتى قهستاني</p>
<p><strong>«المحيط البرهاني في الفقه النعماني» (1/ 214):</strong></p>
<p>‌يجب ‌أن ‌يعلم بأن حكم الحيض والنفاس والاستحاضة لا يثبت إلا بخروج الدم، وظهوره هذا هو مذهب أصحابنا وعليه عامة مشايخنا</p>
</div><p><span dir=""RTL"">عبدالقدوس </span></p>
<p><span dir=""RTL"">دارالافتاء،جامعۃ الرشیدکراچی</span></p>
<p><span dir=""RTL"">۲شعبان ۱۴۴۳</span></p>
<h6 class=""has-text-align-center"">
واللہ سبحانہ وتعالی اعلم
</h6><figure class=""wp-block-table""><table><tbody><tr><td><h3>مجیب</h3></td><td>عبدالقدوس بن محمد حنیف</td><td><h3>مفتیان</h3></td><td>سیّد عابد شاہ صاحب / محمد حسین خلیل خیل صاحب</td></tr></tbody></table></figure></div></div></div></div></div></div><div class=""p-wl6689 pagelayer-inner_row pagelayer-row-stretch-auto pagelayer-height-default"" pagelayer-id=""wl6689"">
<style pagelayer-style-id=""wl6689"">.p-wl6689 .pagelayer-col-holder{padding: 10px}
.p-wl6689 > .pagelayer-background-overlay{-webkit-transition: all 400ms !important; transition: all 400ms !important}
.p-wl6689 .pagelayer-svg-top .pagelayer-shape-fill{fill:#227bc3}
.p-wl6689 .pagelayer-row-svg .pagelayer-svg-top{width:100%;height:100px}
.p-wl6689 .pagelayer-svg-bottom .pagelayer-shape-fill{fill:#e44993}
.p-wl6689 .pagelayer-row-svg .pagelayer-svg-bottom{width:100%;height:100px}
</style>
<div class=""pagelayer-row-holder pagelayer-row pagelayer-auto pagelayer-width-auto""><div class=""p-jzl6522 pagelayer-col pagelayer-col-6"" pagelayer-id=""jzl6522"">
<style pagelayer-style-id=""jzl6522"">.p-jzl6522{align-content: center !important}
.p-jzl6522 .pagelayer-col-holder > div:not(:last-child){margin-bottom: 15px}
.p-jzl6522 > .pagelayer-background-overlay{-webkit-transition: all 400ms !important; transition: all 400ms !important}
</style>
<div class=""pagelayer-col-holder""><div class=""p-xsb5673 pagelayer-share_grp pagelayer-share-type-icon-label pagelayer-social-bg-none pagelayer-scheme-official"" pagelayer-id=""xsb5673"">
<style pagelayer-style-id=""xsb5673"">.p-xsb5673{text-align: right}
.p-xsb5673 .pagelayer-share-content{min-height: 35px;-webkit-transition: all 400ms; transition: all 400ms}
.p-xsb5673 i{font-size: 27px}
.p-xsb5673 .pagelayer-icon-holder{font-size: 27px}
.p-xsb5673 .pagelayer-share-content i{-webkit-transition: all 400ms; transition: all 400ms}
.p-xsb5673 .pagelayer-icon-name{font-family: Roboto; font-size: 15px !important; font-style:  !important; font-weight: 500 !important; font-variant:  !important; text-decoration-line:  !important; text-decoration-style:  !important; line-height: em !important; text-transform:  !important; letter-spacing: px !important; word-spacing: px !important}
@media (max-width: 768px) and (min-width: 501px){.p-xsb5673{text-align: left}
.p-xsb5673 .pagelayer-share{padding-top: 10px; padding-bottom: 10px;padding-left: 10px; padding-right: 10px}
.p-xsb5673 i{font-size: 20px}
.p-xsb5673 .pagelayer-icon-holder{font-size: 20px}
.p-xsb5673 .pagelayer-icon-name{font-family: ; font-size: 13px !important; font-style:  !important; font-weight:  !important; font-variant:  !important; text-decoration-line:  !important; text-decoration-style:  !important; line-height: em !important; text-transform:  !important; letter-spacing: px !important; word-spacing: px !important}
}
@media (max-width: 500px){.p-xsb5673{text-align: left}
.p-xsb5673 .pagelayer-share{padding-top: 10px; padding-bottom: 10px;padding-left: 10px; padding-right: 10px}
.p-xsb5673 .pagelayer-share-content{min-height: NaNpx}
.p-xsb5673 i{font-size: 20px}
.p-xsb5673 .pagelayer-icon-holder{font-size: 20px}
.p-xsb5673 .pagelayer-icon-name{font-family: ; font-size: 13px !important; font-style:  !important; font-weight:  !important; font-variant:  !important; text-decoration-line:  !important; text-decoration-style:  !important; line-height: em !important; text-transform:  !important; letter-spacing: px !important; word-spacing: px !important}
}
</style><div class=""p-9mh2934 pagelayer-share"" pagelayer-id=""9mh2934"">
<a class=""pagelayer-ele-link"" href=""https://www.facebook.com/sharer/sharer.php?u=almuftionline.com/2022/02/22/8600/"" target=""_blank"" title=""fab fa-facebook-square"">
<div class=""pagelayer-share-content pagelayer-facebook-square"" data-icon=""fab fa-facebook-square"">
<div class=""pagelayer-icon-holder pagelayer-share-buttons"">
<i class=""pagelayer-social-fa fab fa-facebook-square""></i>
</div>
<div class=""pagelayer-icon-name"">
<span class=""pagelayer-icon-name-span"">Facebook</span>
</div>
</div>
</a></div><div class=""p-rai4926 pagelayer-share"" pagelayer-id=""rai4926"">
<a class=""pagelayer-ele-link"" href=""https://twitter.com/share?url=almuftionline.com/2022/02/22/8600/"" target=""_blank"" title=""fab fa-twitter-square"">
<div class=""pagelayer-share-content pagelayer-twitter-square"" data-icon=""fab fa-twitter-square"">
<div class=""pagelayer-icon-holder pagelayer-share-buttons"">
<i class=""pagelayer-social-fa fab fa-twitter-square""></i>
</div>
<div class=""pagelayer-icon-name"">
<span class=""pagelayer-icon-name-span"">Twitter</span>
</div>
</div>
</a></div><div class=""p-ndy3728 pagelayer-share"" pagelayer-id=""ndy3728"">
<a class=""pagelayer-ele-link"" href=""whatsapp://send?text=almuftionline.com/2022/02/22/8600/"" target=""_blank"" title=""fab fa-whatsapp"">
<div class=""pagelayer-share-content pagelayer-whatsapp"" data-icon=""fab fa-whatsapp"">
<div class=""pagelayer-icon-holder pagelayer-share-buttons"">
<i class=""pagelayer-social-fa fab fa-whatsapp""></i>
</div>
<div class=""pagelayer-icon-name"">
<span class=""pagelayer-icon-name-span"">WhatsApp</span>
</div>
</div>
</a></div></div></div></div></div></div><div class=""p-zqp4850 pagelayer-inner_row pagelayer-row-stretch-auto pagelayer-height-default"" pagelayer-id=""zqp4850"">
<style pagelayer-style-id=""zqp4850"">.p-zqp4850 .pagelayer-col-holder{padding: 10px}
.p-zqp4850 > .pagelayer-background-overlay{-webkit-transition: all 400ms !important; transition: all 400ms !important}
.p-zqp4850 .pagelayer-svg-top .pagelayer-shape-fill{fill:#227bc3}
.p-zqp4850 .pagelayer-row-svg .pagelayer-svg-top{width:100%;height:100px}
.p-zqp4850 .pagelayer-svg-bottom .pagelayer-shape-fill{fill:#e44993}
.p-zqp4850 .pagelayer-row-svg .pagelayer-svg-bottom{width:100%;height:100px}
</style>
<div class=""pagelayer-row-holder pagelayer-row pagelayer-auto pagelayer-width-auto""><div class=""p-q725202 pagelayer-col pagelayer-col-2"" pagelayer-id=""q725202"">
<style pagelayer-style-id=""q725202"">.p-q725202{align-content: center !important}
.p-q725202 .pagelayer-col-holder > div:not(:last-child){margin-bottom: 15px}
.p-q725202 > .pagelayer-background-overlay{-webkit-transition: all 400ms !important; transition: all 400ms !important}
</style>
<div class=""pagelayer-col-holder""><div class=""p-55r4448 pagelayer-post_nav"" pagelayer-id=""55r4448"">
<style pagelayer-style-id=""55r4448"">.p-55r4448 .pagelayer-post-nav-link{color:#adb5bd;font-family:  !important; font-size: 15px !important; font-style:  !important; font-weight:  !important; font-variant:  !important; text-decoration-line:  !important; text-decoration-style:  !important; line-height: em !important; text-transform:  !important; letter-spacing: px !important; word-spacing: px !important}
.p-55r4448 .pagelayer-post-nav-title{color:#000000;font-family:  !important; font-size: 18px !important; font-style:  !important; font-weight: bold !important; font-variant:  !important; text-decoration-line:  !important; text-decoration-style: Solid !important; line-height: em !important; text-transform:  !important; letter-spacing: px !important; word-spacing: px !important}
.p-55r4448 .pagelayer-post-nav-icon{color:#adb5bd;font-size:30px}
.p-55r4448 .pagelayer-post-nav-separator{display:none}
@media (max-width: 768px) and (min-width: 501px){.p-55r4448 .pagelayer-post-nav-link{font-family:  !important; font-size: 12px !important; font-style:  !important; font-weight:  !important; font-variant:  !important; text-decoration-line:  !important; text-decoration-style: Solid !important; line-height: em !important; text-transform:  !important; letter-spacing: px !important; word-spacing: px !important}
.p-55r4448 .pagelayer-post-nav-title{font-family:  !important; font-size: 15px !important; font-style:  !important; font-weight:  !important; font-variant:  !important; text-decoration-line:  !important; text-decoration-style: Solid !important; line-height: em !important; text-transform:  !important; letter-spacing: px !important; word-spacing: px !important}
}
@media (max-width: 500px){.p-55r4448 .pagelayer-post-nav-link{font-family:  !important; font-size: 12px !important; font-style:  !important; font-weight:  !important; font-variant:  !important; text-decoration-line:  !important; text-decoration-style: Solid !important; line-height: em !important; text-transform:  !important; letter-spacing: px !important; word-spacing: px !important}
.p-55r4448 .pagelayer-post-nav-title{font-family:  !important; font-size: 12px !important; font-style:  !important; font-weight:  !important; font-variant:  !important; text-decoration-line:  !important; text-decoration-style: Solid !important; line-height: em !important; text-transform:  !important; letter-spacing: px !important; word-spacing: px !important}
}
</style><div class=""pagelayer-post-nav-container"">
<div class=""pagelayer-prev-post"">
<a href=""https://almuftionline.com/2022/02/22/8599/"" rel=""prev""><span class=""pagelayer-post-nav-icon fa fa-chevron-left""></span>
<span class=""pagelayer-next-holder"">
<span class=""pagelayer-post-nav-link""> Previous</span><span class=""pagelayer-post-nav-title"">ایک بیٹا،اوربیوہ سمیت چاربیٹیوں میں میراث کی تقسیم</span>
</span></a>
</div>
<div class=""pagelayer-post-nav-separator""></div>
<div class=""pagelayer-next-post"">
<a href=""https://almuftionline.com/2022/02/22/9310/"" rel=""next""><span class=""pagelayer-next-holder"">
<span class=""pagelayer-post-nav-link""> Next</span><span class=""pagelayer-post-nav-title"">بالغہ لڑکی کے انکار کی صورت میں نکاح کے انعقاد اور ازدواجی تعلقات کا حکم</span>
</span>
<span class=""pagelayer-post-nav-icon fa fa-chevron-right""></span></a>
</div>
</div></div></div></div></div></div></div>"
2022-02-22,https://almuftionline.com/2022/02/22/8599/,ایک بیٹا،اوربیوہ سمیت چاربیٹیوں میں میراث کی تقسیم,"<p>مفتی صاحب:والدصاحب کاانتقال ہوچکاہے،اب ان کی وراثت کی تقسیم کامسئلہ ہے،والد صاحب کےورثاء میں چاربیٹیاں اورایک بیٹاہےاورمیری  والدہ (میت کی بیوہ )بھی  ابھی حیات ہیں ،والدصاحب کی ان کے علاوہ کوئی اوربیوی نہیں ہےاورنہ ہی ان کےاوپرکوئی قرض وغیرہ ہے،جوبیٹاتھاوہ قضاءالہی سےانتقال کرگیاہے،وہ شادی شدہ تھااس کی صرف ایک بیٹی ہےاوربیوہ ہے۔</p><p>مفتی صاحب اب میرےبھائی کی وفات کےبعدمیرےوالدمرحوم کی جائیداد شرعاکیسے تقسیم ہوگی ؟ابھی ہم لوگوں نےوالد صاحب کاایک پلاٹ بیچاہے،براہ مہربانی اس کی شرعی تقسیم فرمادیجیے۔میں تمام ورثاءکےنام لکھ رہی ہوں :اسماءحسین (بیٹی)صائمہ ساجد(بیٹی)عظمی عتیق (بیٹی)امبرین عمران (بیٹی)طلحہ احمدخان مرحوم (بیٹا)طلحہ مرحوم کی بیٹی اورایک بیوی بھی  ہیں۔اور جس رقم  پر پلاٹ بکا ہےوہ ٹوٹل رقم پلاٹ :<span dir=""LTR"">966,7000</span>چھیانوےلاکھ سڑسٹھ ہزارروپےہے۔</p>","<h4 class=""has-text-align-center"">اَلجَوَابْ بِاسْمِ مُلْہِمِ الصَّوَابْ

</h4><p>میت کےکل ترکہ( منقولہ وغیرمنقولہ) میں سےسب سےپہلےتجہیزوتکفین پرجواخراجات ہوئےوہ نکالے جائیں گے،اس کےبعد اگرمیت پرقرض ہواتوقرض کی ادائیگی کی جائیگی،پھر اگرمیت نےکوئی جائزوصیت کی ہوتو ثلث مال کےبقدروصیت پوری کی جائےگی ،اس کےبعدجوترکہ بچےگاوہ وورثاءمیں شرعی حصوں  کےمطابق تقسیم ہوگا۔</p><p>صورت مسئولہ میں میت کی ایک بیوی،ایک بیٹااورچاربیٹیاں ورثاءمیں شامل ہیں،شریعت نےان سب کاوراثت میں الگ الگ حصہ مقررکیاہے،لہذامرحوم کےترکہ کےکل آٹھ حصےبنائےجائیں گے،جن میں سے آٹھواں<span dir=""LTR"">1/8</span>حصہ بیوی کاہوگا،اورباقی سات حصےیوں تقسیم ہو ں گےکہ بیٹےکودگنا <span dir=""LTR"">2.3333/7</span>دیاجائےگااور ہر ایک بیٹی کویکتا<span dir=""LTR"">1.1667/7</span>حصہ دیاجائےگا۔فیصدکےاعتبارسےآپ کےوالد (مرحوم)کی کل وراثت کےسوحصے بنائےجائیں گے،جس میں سے بیوی کو <span dir=""LTR"">12.5</span><span dir=""LTR"">%</span>اوربقیہ ترکہ سے بیٹےکو<span dir=""LTR""> 29.166%</span>فیصداورہرایک بیٹی کو<span dir=""LTR"">14.58%</span>فیصدملے گا۔مزیدیہ کہ میراث کی جوٹوٹل رقم بتائی ہےاسےبھی ہر وراث کےفیصدی حصےکےمطابق</p><p>تقسیم کردیاگیاہے نیچےدیےگئےٹائیبل پرملاحظہ فرمائیں  :</p><table align=""center"" border=""1"" cellpadding=""0"" cellspacing=""0"" style=""width:603px"">
<tbody>
<tr>
<td style=""height:27px; width:52px"">
<p><strong>نمبرشمار</strong></p>
</td>
<td style=""height:27px; width:236px"">
<p><strong>نام ورثہ</strong></p>
</td>
<td style=""height:27px; width:74px"">
<p><strong>عددی حصے</strong></p>
</td>
<td style=""height:27px; width:102px"">
<p><strong>فیصدی حصے</strong></p>
</td>
<td style=""height:27px; width:139px"">
<p><strong>فی کس رقم </strong></p>
</td>
</tr>
<tr>
<td style=""height:8px; width:52px"">
<p><span dir=""LTR"">1</span></p>
</td>
<td style=""height:8px; width:236px"">
<p>بیوہ</p>
</td>
<td style=""height:8px; width:74px"">
<p><span dir=""LTR"">1</span></p>
</td>
<td style=""height:8px; width:102px"">
<p><span dir=""LTR"">12.5%</span></p>
</td>
<td style=""height:8px; width:139px"">
<p><span dir=""LTR"">1208544</span></p>
</td>
</tr>
<tr>
<td style=""height:28px; width:52px"">
<p><span dir=""LTR"">2</span></p>
</td>
<td style=""height:28px; width:236px"">
<p>طلحہ احمدخان مرحوم (بیٹا)</p>
</td>
<td style=""height:28px; width:74px"">
<p><span dir=""LTR"">2.3333</span></p>
</td>
<td style=""height:28px; width:102px"">
<p><span dir=""LTR"">29.166%</span></p>
</td>
<td style=""height:28px; width:139px"">
<p><span dir=""LTR"">2819872</span></p>
</td>
</tr>
<tr>
<td style=""height:26px; width:52px"">
<p><span dir=""LTR"">3</span></p>
</td>
<td style=""height:26px; width:236px"">
<p>اسماءحسین (بیٹی)</p>
</td>
<td style=""height:26px; width:74px"">
<p><span dir=""LTR"">1.1667</span></p>
</td>
<td style=""height:26px; width:102px"">
<p>14.58%</p>
</td>
<td style=""height:26px; width:139px"">
<p>1409646</p>
</td>
</tr>
<tr>
<td style=""height:5px; width:52px"">
<p>4</p>
</td>
<td style=""height:5px; width:236px"">
<p> صائمہ ساجد(بیٹی)</p>
</td>
<td style=""height:5px; width:74px"">
<p><span dir=""LTR"">1.1667</span></p>
</td>
<td style=""height:5px; width:102px"">
<p>14.58%</p>
</td>
<td style=""height:5px; width:139px"">
<p>1409646</p>
</td>
</tr>
<tr>
<td style=""height:27px; width:52px"">
<p><strong>5</strong></p>
</td>
<td style=""height:27px; width:236px"">
<p>عظمی عتیق(بیٹی)</p>
</td>
<td style=""height:27px; width:74px"">
<p><span dir=""LTR"">1.1667</span></p>
</td>
<td style=""height:27px; width:102px"">
<p>14.58%</p>
</td>
<td style=""height:27px; width:139px"">
<p>1409646</p>
</td>
</tr>
<tr>
<td style=""height:8px; width:52px"">
<p>6</p>
</td>
<td style=""height:8px; width:236px"">
<p>امبرین عمران (بیٹی)</p>
</td>
<td style=""height:8px; width:74px"">
<p><span dir=""LTR"">1.1667</span></p>
</td>
<td style=""height:8px; width:102px"">
<p>14.58%</p>
</td>
<td style=""height:8px; width:139px"">
<p>1409646</p>
</td>
</tr>
<tr>
<td style=""height:5px; width:52px"">
<p> </p>
</td>
<td style=""height:5px; width:236px"">
<p><strong>مجموعہ</strong></p>
</td>
<td style=""height:5px; width:74px"">
<p><strong><span dir=""LTR"">8</span></strong></p>
</td>
<td style=""height:5px; width:102px"">
<p><strong><span dir=""LTR"">100</span></strong><span dir=""LTR"">%</span></p>
</td>
<td style=""height:5px; width:139px"">
<p><strong><span dir=""LTR"">9667000</span></strong></p>
</td>
</tr>
</tbody>
</table><p><strong>نوٹ:</strong>میت کی پوتی اوربہوکوالگ سےمیراث کاحصہ نہیں دیاجائےگا،بلکہ میت کےترکہ میں سےجوبیٹے(طلحہ احمدخان ) کا حصہ ہےاسے طلحہ احمدخان( مرحوم )کی  باقی جائیدادکےساتھ ملاکرآگےورثاءمیں شرعی حصص کےمطابق  تقسیم کردیاجائےگا۔</p><h6 class=""has-text-align-right"">حوالہ جات</h6><div style=""direction: rtl;font-family: Amiri;
    
     font-size: 13px; font-weight: 400;""></div><p><span dir=""RTL"">عبدالقدوس </span></p><p><span dir=""RTL"">دارالافتاء،جامعۃ الرشیدکراچی</span></p><p><span dir=""RTL"">۲شعبان ۱۴۴۳</span></p><h6 class=""has-text-align-center"">
واللہ سبحانہ وتعالی اعلم
</h6><figure class=""wp-block-table""><table><tbody><tr><td><h3>مجیب</h3></td><td>عبدالقدوس بن محمد حنیف</td><td><h3>مفتیان</h3></td><td>سیّد عابد شاہ صاحب / محمد حسین خلیل خیل صاحب</td></tr></tbody></table></figure>",76251,jameya-tur-rasheed,میراث کے مسائل,میراث کے متفرق مسائل,"<div class=""pagelayer-col-holder""><div class=""p-kgd1425 pagelayer-post_excerpt"" pagelayer-id=""kgd1425"">
<style pagelayer-style-id=""kgd1425"">.p-kgd1425 .pagelayer-post-excerpt{color:#adb5bd;font-family: ; font-size: 15px !important; font-style: Italic !important; font-weight: 500 !important; font-variant:  !important; text-decoration-line:  !important; text-decoration-style:  !important; line-height: 1.5em !important; text-transform:  !important; letter-spacing: px !important; word-spacing: px !important;margin-top:0px; margin-right:0px; margin-bottom:0px; margin-left:0px}
.p-kgd1425{text-align: left;margin-top: 0px; margin-right: 0px; margin-bottom: 0px; margin-left: 0px;padding-top: 0px; padding-right: 0px; padding-bottom: 0px; padding-left: 0px}
</style></div><div class=""p-4wb1030 pagelayer-featured_img"" pagelayer-id=""4wb1030"">
<style pagelayer-style-id=""4wb1030"">.p-4wb1030{text-align: center}
.p-4wb1030 img{filter: blur(0px) brightness(100%) contrast(100%) grayscale(0%) hue-rotate(0deg) opacity(100%) saturate(100%);box-shadow: 0px 24px 36px 0px rgba(0,0,0,0.10)  !important;-webkit-transition: all 400ms; transition: all 400ms}
.p-4wb1030 .pagelayer-featured-caption{color: #0986c0}
</style>
<div class=""pagelayer-featured-img""></div>
</div><div class=""p-f8n3612 pagelayer-inner_row pagelayer-row-stretch-auto pagelayer-height-default"" pagelayer-id=""f8n3612"">
<style pagelayer-style-id=""f8n3612"">.p-f8n3612 .pagelayer-col-holder{padding: 10px}
.p-f8n3612 > .pagelayer-background-overlay{-webkit-transition: all 400ms !important; transition: all 400ms !important}
.p-f8n3612 .pagelayer-svg-top .pagelayer-shape-fill{fill:#227bc3}
.p-f8n3612 .pagelayer-row-svg .pagelayer-svg-top{width:100%;height:100px}
.p-f8n3612 .pagelayer-svg-bottom .pagelayer-shape-fill{fill:#e44993}
.p-f8n3612 .pagelayer-row-svg .pagelayer-svg-bottom{width:100%;height:100px}
</style>
<div class=""pagelayer-row-holder pagelayer-row pagelayer-auto pagelayer-width-auto""><div class=""p-i795860 pagelayer-col pagelayer-col-4"" pagelayer-id=""i795860"">
<style pagelayer-style-id=""i795860"">.p-i795860{align-content: center !important}
.p-i795860 .pagelayer-col-holder > div:not(:last-child){margin-bottom: 15px}
.p-i795860 > .pagelayer-background-overlay{-webkit-transition: all 400ms !important; transition: all 400ms !important}
</style>
<div class=""pagelayer-col-holder""><div class=""p-qip3968 pagelayer-post_info"" pagelayer-id=""qip3968"">
<style pagelayer-style-id=""qip3968"">.p-qip3968 .pagelayer-post-info-vertical .pagelayer-post-info-list-container{margin-right:25px}
.p-qip3968 .pagelayer-post-info-horizontal .pagelayer-post-info-list-container{margin-bottom:25px}
.p-qip3968 .pagelayer-post-info-container{text-align:right}
.p-qip3968 .pagelayer-post-info-icon span{font-size:120%;color:#495057}
.p-qip3968 .pagelayer-post-info-list-container a{font-family: Roboto !important; font-size: 14px !important; font-style:  !important; font-weight: 500 !important; font-variant:  !important; text-decoration-line:  !important; text-decoration-style:  !important; line-height: 1.6em !important; text-transform:  !important; letter-spacing: px !important; word-spacing: px !important}
.p-qip3968 .pagelayer-post-info-label{color:#495057}
.p-qip3968 .pagelayer-post-info-label a{color:#495057}
.p-qip3968 .pagelayer-post-info-label:hover{color:#000000}
.p-qip3968 .pagelayer-post-info-label:hover a{color:#000000}
</style><div class=""pagelayer-post-info-container pagelayer-post-info-vertical""><div class=""p-xj43574 pagelayer-post_info_list"" pagelayer-id=""xj43574"">
<div class=""pagelayer-post-info-list-container"">
<a class=""pagelayer-post-info-list-link"" href=""https://almuftionline.com/2022/02/22/"">
<span class=""pagelayer-post-info-icon"">
<span class=""far fa-clock""></span>
</span>
<span class=""pagelayer-post-info-label pagelayer-date"">فروری 22, 2022</span>
</a>
</div></div></div></div></div></div><div class=""p-t2j1983 pagelayer-col pagelayer-col-7"" pagelayer-id=""t2j1983"">
<style pagelayer-style-id=""t2j1983"">.p-t2j1983{align-content: center !important}
.p-t2j1983 .pagelayer-col-holder > div:not(:last-child){margin-bottom: 15px}
.p-t2j1983 > .pagelayer-background-overlay{-webkit-transition: all 400ms !important; transition: all 400ms !important}
</style>
<div class=""pagelayer-col-holder""><div class=""p-dbq3916 pagelayer-post_info"" pagelayer-id=""dbq3916"">
<style pagelayer-style-id=""dbq3916"">.p-dbq3916 .pagelayer-post-info-container{text-align:right}
.p-dbq3916 .pagelayer-post-info-icon span{font-size:120%;color:#495057}
.p-dbq3916 .pagelayer-post-info-list-container a{font-family: Roboto !important; font-size: 14px !important; font-style:  !important; font-weight: 500 !important; font-variant:  !important; text-decoration-line:  !important; text-decoration-style:  !important; line-height: 1.6em !important; text-transform:  !important; letter-spacing: px !important; word-spacing: px !important}
.p-dbq3916 .pagelayer-post-info-label{color:#0072ff}
.p-dbq3916 .pagelayer-post-info-label a{color:#0072ff}
.p-dbq3916 .pagelayer-terms *{color:#f8952c !important;padding-top:5px; padding-right:10px; padding-bottom:5px; padding-left:10px;margin-top:0px; margin-right:5px; margin-bottom:0px; margin-left:5px;border-radius: 4px 4px 4px 4px; -webkit-border-radius:  4px 4px 4px 4px;-moz-border-radius: 4px 4px 4px 4px}
.p-dbq3916{padding-top: 0px; padding-right: 0px; padding-bottom: 0px; padding-left: 0px}
@media (max-width: 768px) and (min-width: 501px){.p-dbq3916 .pagelayer-post-info-container{text-align:left}
}
@media (max-width: 500px){.p-dbq3916 .pagelayer-post-info-container{text-align:left}
}
</style><div class=""pagelayer-post-info-container pagelayer-post-info-vertical""><div class=""p-wpv7212 pagelayer-post_info_list"" pagelayer-id=""wpv7212"">
<div class=""pagelayer-post-info-list-container"">
<span class=""pagelayer-post-info-icon"">
</span>
<span class=""pagelayer-post-info-label pagelayer-terms""> <a href=""https://almuftionline.com/category/fatwa/53/""> میراث کے مسائل </a></span>
</div></div></div></div></div></div></div></div><div class=""p-trw3096 pagelayer-inner_row pagelayer-row-stretch-auto pagelayer-height-default"" pagelayer-id=""trw3096"">
<style pagelayer-style-id=""trw3096"">.p-trw3096 .pagelayer-col-holder{padding: 10px}
.p-trw3096 > .pagelayer-background-overlay{-webkit-transition: all 400ms !important; transition: all 400ms !important}
.p-trw3096 .pagelayer-svg-top .pagelayer-shape-fill{fill:#227bc3}
.p-trw3096 .pagelayer-row-svg .pagelayer-svg-top{width:100%;height:100px}
.p-trw3096 .pagelayer-svg-bottom .pagelayer-shape-fill{fill:#e44993}
.p-trw3096 .pagelayer-row-svg .pagelayer-svg-bottom{width:100%;height:100px}
</style>
<div class=""pagelayer-row-holder pagelayer-row pagelayer-auto pagelayer-width-auto""><div class=""p-wwu6541 pagelayer-col pagelayer-col-2"" pagelayer-id=""wwu6541"">
<style pagelayer-style-id=""wwu6541"">.p-wwu6541{align-content: center !important}
.p-wwu6541 .pagelayer-col-holder > div:not(:last-child){margin-bottom: 15px}
.p-wwu6541 > .pagelayer-background-overlay{-webkit-transition: all 400ms !important; transition: all 400ms !important}
</style>
<div class=""pagelayer-col-holder""><div class=""p-ccj4284 pagelayer-post_content"" pagelayer-id=""ccj4284"">
<style pagelayer-style-id=""ccj4284"">.p-ccj4284{text-align: right}
</style><div class=""entry-content pagelayer-post-excerpt""><figure class=""wp-block-table""><table><tbody><tr><td>76251</td><td>میراث کے مسائل</td><td>میراث کے متفرق مسائل</td></tr></tbody></table></figure><div style=""direction:rtl;line-height: 2.5;""><h3 class=""has-text-align-center"">سوال</h3><p>مفتی صاحب:والدصاحب کاانتقال ہوچکاہے،اب ان کی وراثت کی تقسیم کامسئلہ ہے،والد صاحب کےورثاء میں چاربیٹیاں اورایک بیٹاہےاورمیری  والدہ (میت کی بیوہ )بھی  ابھی حیات ہیں ،والدصاحب کی ان کے علاوہ کوئی اوربیوی نہیں ہےاورنہ ہی ان کےاوپرکوئی قرض وغیرہ ہے،جوبیٹاتھاوہ قضاءالہی سےانتقال کرگیاہے،وہ شادی شدہ تھااس کی صرف ایک بیٹی ہےاوربیوہ ہے۔</p>
<p>مفتی صاحب اب میرےبھائی کی وفات کےبعدمیرےوالدمرحوم کی جائیداد شرعاکیسے تقسیم ہوگی ؟ابھی ہم لوگوں نےوالد صاحب کاایک پلاٹ بیچاہے،براہ مہربانی اس کی شرعی تقسیم فرمادیجیے۔میں تمام ورثاءکےنام لکھ رہی ہوں :اسماءحسین (بیٹی)صائمہ ساجد(بیٹی)عظمی عتیق (بیٹی)امبرین عمران (بیٹی)طلحہ احمدخان مرحوم (بیٹا)طلحہ مرحوم کی بیٹی اورایک بیوی بھی  ہیں۔اور جس رقم  پر پلاٹ بکا ہےوہ ٹوٹل رقم پلاٹ :<span dir=""LTR"">966,7000</span>چھیانوےلاکھ سڑسٹھ ہزارروپےہے۔</p>
<h4 class=""has-text-align-center"">اَلجَوَابْ بِاسْمِ مُلْہِمِ الصَّوَابْ

</h4><p>میت کےکل ترکہ( منقولہ وغیرمنقولہ) میں سےسب سےپہلےتجہیزوتکفین پرجواخراجات ہوئےوہ نکالے جائیں گے،اس کےبعد اگرمیت پرقرض ہواتوقرض کی ادائیگی کی جائیگی،پھر اگرمیت نےکوئی جائزوصیت کی ہوتو ثلث مال کےبقدروصیت پوری کی جائےگی ،اس کےبعدجوترکہ بچےگاوہ وورثاءمیں شرعی حصوں  کےمطابق تقسیم ہوگا۔</p>
<p>صورت مسئولہ میں میت کی ایک بیوی،ایک بیٹااورچاربیٹیاں ورثاءمیں شامل ہیں،شریعت نےان سب کاوراثت میں الگ الگ حصہ مقررکیاہے،لہذامرحوم کےترکہ کےکل آٹھ حصےبنائےجائیں گے،جن میں سے آٹھواں<span dir=""LTR"">1/8</span>حصہ بیوی کاہوگا،اورباقی سات حصےیوں تقسیم ہو ں گےکہ بیٹےکودگنا <span dir=""LTR"">2.3333/7</span>دیاجائےگااور ہر ایک بیٹی کویکتا<span dir=""LTR"">1.1667/7</span>حصہ دیاجائےگا۔فیصدکےاعتبارسےآپ کےوالد (مرحوم)کی کل وراثت کےسوحصے بنائےجائیں گے،جس میں سے بیوی کو <span dir=""LTR"">12.5</span><span dir=""LTR"">%</span>اوربقیہ ترکہ سے بیٹےکو<span dir=""LTR""> 29.166%</span>فیصداورہرایک بیٹی کو<span dir=""LTR"">14.58%</span>فیصدملے گا۔مزیدیہ کہ میراث کی جوٹوٹل رقم بتائی ہےاسےبھی ہر وراث کےفیصدی حصےکےمطابق</p>
<p>تقسیم کردیاگیاہے نیچےدیےگئےٹائیبل پرملاحظہ فرمائیں  :</p>
<table align=""center"" border=""1"" cellpadding=""0"" cellspacing=""0"" style=""width:603px"">
<tbody>
<tr>
<td style=""height:27px; width:52px"">
<p><strong>نمبرشمار</strong></p>
</td>
<td style=""height:27px; width:236px"">
<p><strong>نام ورثہ</strong></p>
</td>
<td style=""height:27px; width:74px"">
<p><strong>عددی حصے</strong></p>
</td>
<td style=""height:27px; width:102px"">
<p><strong>فیصدی حصے</strong></p>
</td>
<td style=""height:27px; width:139px"">
<p><strong>فی کس رقم </strong></p>
</td>
</tr>
<tr>
<td style=""height:8px; width:52px"">
<p><span dir=""LTR"">1</span></p>
</td>
<td style=""height:8px; width:236px"">
<p>بیوہ</p>
</td>
<td style=""height:8px; width:74px"">
<p><span dir=""LTR"">1</span></p>
</td>
<td style=""height:8px; width:102px"">
<p><span dir=""LTR"">12.5%</span></p>
</td>
<td style=""height:8px; width:139px"">
<p><span dir=""LTR"">1208544</span></p>
</td>
</tr>
<tr>
<td style=""height:28px; width:52px"">
<p><span dir=""LTR"">2</span></p>
</td>
<td style=""height:28px; width:236px"">
<p>طلحہ احمدخان مرحوم (بیٹا)</p>
</td>
<td style=""height:28px; width:74px"">
<p><span dir=""LTR"">2.3333</span></p>
</td>
<td style=""height:28px; width:102px"">
<p><span dir=""LTR"">29.166%</span></p>
</td>
<td style=""height:28px; width:139px"">
<p><span dir=""LTR"">2819872</span></p>
</td>
</tr>
<tr>
<td style=""height:26px; width:52px"">
<p><span dir=""LTR"">3</span></p>
</td>
<td style=""height:26px; width:236px"">
<p>اسماءحسین (بیٹی)</p>
</td>
<td style=""height:26px; width:74px"">
<p><span dir=""LTR"">1.1667</span></p>
</td>
<td style=""height:26px; width:102px"">
<p>14.58%</p>
</td>
<td style=""height:26px; width:139px"">
<p>1409646</p>
</td>
</tr>
<tr>
<td style=""height:5px; width:52px"">
<p>4</p>
</td>
<td style=""height:5px; width:236px"">
<p> صائمہ ساجد(بیٹی)</p>
</td>
<td style=""height:5px; width:74px"">
<p><span dir=""LTR"">1.1667</span></p>
</td>
<td style=""height:5px; width:102px"">
<p>14.58%</p>
</td>
<td style=""height:5px; width:139px"">
<p>1409646</p>
</td>
</tr>
<tr>
<td style=""height:27px; width:52px"">
<p><strong>5</strong></p>
</td>
<td style=""height:27px; width:236px"">
<p>عظمی عتیق(بیٹی)</p>
</td>
<td style=""height:27px; width:74px"">
<p><span dir=""LTR"">1.1667</span></p>
</td>
<td style=""height:27px; width:102px"">
<p>14.58%</p>
</td>
<td style=""height:27px; width:139px"">
<p>1409646</p>
</td>
</tr>
<tr>
<td style=""height:8px; width:52px"">
<p>6</p>
</td>
<td style=""height:8px; width:236px"">
<p>امبرین عمران (بیٹی)</p>
</td>
<td style=""height:8px; width:74px"">
<p><span dir=""LTR"">1.1667</span></p>
</td>
<td style=""height:8px; width:102px"">
<p>14.58%</p>
</td>
<td style=""height:8px; width:139px"">
<p>1409646</p>
</td>
</tr>
<tr>
<td style=""height:5px; width:52px"">
<p> </p>
</td>
<td style=""height:5px; width:236px"">
<p><strong>مجموعہ</strong></p>
</td>
<td style=""height:5px; width:74px"">
<p><strong><span dir=""LTR"">8</span></strong></p>
</td>
<td style=""height:5px; width:102px"">
<p><strong><span dir=""LTR"">100</span></strong><span dir=""LTR"">%</span></p>
</td>
<td style=""height:5px; width:139px"">
<p><strong><span dir=""LTR"">9667000</span></strong></p>
</td>
</tr>
</tbody>
</table>
<p><strong>نوٹ:</strong>میت کی پوتی اوربہوکوالگ سےمیراث کاحصہ نہیں دیاجائےگا،بلکہ میت کےترکہ میں سےجوبیٹے(طلحہ احمدخان ) کا حصہ ہےاسے طلحہ احمدخان( مرحوم )کی  باقی جائیدادکےساتھ ملاکرآگےورثاءمیں شرعی حصص کےمطابق  تقسیم کردیاجائےگا۔</p>
</div><h6 class=""has-text-align-right"">حوالہ جات</h6><div style=""direction: rtl;font-family: Amiri;
    
     font-size: 13px; font-weight: 400;""></div><p><span dir=""RTL"">عبدالقدوس </span></p>
<p><span dir=""RTL"">دارالافتاء،جامعۃ الرشیدکراچی</span></p>
<p><span dir=""RTL"">۲شعبان ۱۴۴۳</span></p>
<h6 class=""has-text-align-center"">
واللہ سبحانہ وتعالی اعلم
</h6><figure class=""wp-block-table""><table><tbody><tr><td><h3>مجیب</h3></td><td>عبدالقدوس بن محمد حنیف</td><td><h3>مفتیان</h3></td><td>سیّد عابد شاہ صاحب / محمد حسین خلیل خیل صاحب</td></tr></tbody></table></figure></div></div></div></div></div></div><div class=""p-wl6689 pagelayer-inner_row pagelayer-row-stretch-auto pagelayer-height-default"" pagelayer-id=""wl6689"">
<style pagelayer-style-id=""wl6689"">.p-wl6689 .pagelayer-col-holder{padding: 10px}
.p-wl6689 > .pagelayer-background-overlay{-webkit-transition: all 400ms !important; transition: all 400ms !important}
.p-wl6689 .pagelayer-svg-top .pagelayer-shape-fill{fill:#227bc3}
.p-wl6689 .pagelayer-row-svg .pagelayer-svg-top{width:100%;height:100px}
.p-wl6689 .pagelayer-svg-bottom .pagelayer-shape-fill{fill:#e44993}
.p-wl6689 .pagelayer-row-svg .pagelayer-svg-bottom{width:100%;height:100px}
</style>
<div class=""pagelayer-row-holder pagelayer-row pagelayer-auto pagelayer-width-auto""><div class=""p-jzl6522 pagelayer-col pagelayer-col-6"" pagelayer-id=""jzl6522"">
<style pagelayer-style-id=""jzl6522"">.p-jzl6522{align-content: center !important}
.p-jzl6522 .pagelayer-col-holder > div:not(:last-child){margin-bottom: 15px}
.p-jzl6522 > .pagelayer-background-overlay{-webkit-transition: all 400ms !important; transition: all 400ms !important}
</style>
<div class=""pagelayer-col-holder""><div class=""p-xsb5673 pagelayer-share_grp pagelayer-share-type-icon-label pagelayer-social-bg-none pagelayer-scheme-official"" pagelayer-id=""xsb5673"">
<style pagelayer-style-id=""xsb5673"">.p-xsb5673{text-align: right}
.p-xsb5673 .pagelayer-share-content{min-height: 35px;-webkit-transition: all 400ms; transition: all 400ms}
.p-xsb5673 i{font-size: 27px}
.p-xsb5673 .pagelayer-icon-holder{font-size: 27px}
.p-xsb5673 .pagelayer-share-content i{-webkit-transition: all 400ms; transition: all 400ms}
.p-xsb5673 .pagelayer-icon-name{font-family: Roboto; font-size: 15px !important; font-style:  !important; font-weight: 500 !important; font-variant:  !important; text-decoration-line:  !important; text-decoration-style:  !important; line-height: em !important; text-transform:  !important; letter-spacing: px !important; word-spacing: px !important}
@media (max-width: 768px) and (min-width: 501px){.p-xsb5673{text-align: left}
.p-xsb5673 .pagelayer-share{padding-top: 10px; padding-bottom: 10px;padding-left: 10px; padding-right: 10px}
.p-xsb5673 i{font-size: 20px}
.p-xsb5673 .pagelayer-icon-holder{font-size: 20px}
.p-xsb5673 .pagelayer-icon-name{font-family: ; font-size: 13px !important; font-style:  !important; font-weight:  !important; font-variant:  !important; text-decoration-line:  !important; text-decoration-style:  !important; line-height: em !important; text-transform:  !important; letter-spacing: px !important; word-spacing: px !important}
}
@media (max-width: 500px){.p-xsb5673{text-align: left}
.p-xsb5673 .pagelayer-share{padding-top: 10px; padding-bottom: 10px;padding-left: 10px; padding-right: 10px}
.p-xsb5673 .pagelayer-share-content{min-height: NaNpx}
.p-xsb5673 i{font-size: 20px}
.p-xsb5673 .pagelayer-icon-holder{font-size: 20px}
.p-xsb5673 .pagelayer-icon-name{font-family: ; font-size: 13px !important; font-style:  !important; font-weight:  !important; font-variant:  !important; text-decoration-line:  !important; text-decoration-style:  !important; line-height: em !important; text-transform:  !important; letter-spacing: px !important; word-spacing: px !important}
}
</style><div class=""p-9mh2934 pagelayer-share"" pagelayer-id=""9mh2934"">
<a class=""pagelayer-ele-link"" href=""https://www.facebook.com/sharer/sharer.php?u=almuftionline.com/2022/02/22/8599/"" target=""_blank"" title=""fab fa-facebook-square"">
<div class=""pagelayer-share-content pagelayer-facebook-square"" data-icon=""fab fa-facebook-square"">
<div class=""pagelayer-icon-holder pagelayer-share-buttons"">
<i class=""pagelayer-social-fa fab fa-facebook-square""></i>
</div>
<div class=""pagelayer-icon-name"">
<span class=""pagelayer-icon-name-span"">Facebook</span>
</div>
</div>
</a></div><div class=""p-rai4926 pagelayer-share"" pagelayer-id=""rai4926"">
<a class=""pagelayer-ele-link"" href=""https://twitter.com/share?url=almuftionline.com/2022/02/22/8599/"" target=""_blank"" title=""fab fa-twitter-square"">
<div class=""pagelayer-share-content pagelayer-twitter-square"" data-icon=""fab fa-twitter-square"">
<div class=""pagelayer-icon-holder pagelayer-share-buttons"">
<i class=""pagelayer-social-fa fab fa-twitter-square""></i>
</div>
<div class=""pagelayer-icon-name"">
<span class=""pagelayer-icon-name-span"">Twitter</span>
</div>
</div>
</a></div><div class=""p-ndy3728 pagelayer-share"" pagelayer-id=""ndy3728"">
<a class=""pagelayer-ele-link"" href=""whatsapp://send?text=almuftionline.com/2022/02/22/8599/"" target=""_blank"" title=""fab fa-whatsapp"">
<div class=""pagelayer-share-content pagelayer-whatsapp"" data-icon=""fab fa-whatsapp"">
<div class=""pagelayer-icon-holder pagelayer-share-buttons"">
<i class=""pagelayer-social-fa fab fa-whatsapp""></i>
</div>
<div class=""pagelayer-icon-name"">
<span class=""pagelayer-icon-name-span"">WhatsApp</span>
</div>
</div>
</a></div></div></div></div></div></div><div class=""p-zqp4850 pagelayer-inner_row pagelayer-row-stretch-auto pagelayer-height-default"" pagelayer-id=""zqp4850"">
<style pagelayer-style-id=""zqp4850"">.p-zqp4850 .pagelayer-col-holder{padding: 10px}
.p-zqp4850 > .pagelayer-background-overlay{-webkit-transition: all 400ms !important; transition: all 400ms !important}
.p-zqp4850 .pagelayer-svg-top .pagelayer-shape-fill{fill:#227bc3}
.p-zqp4850 .pagelayer-row-svg .pagelayer-svg-top{width:100%;height:100px}
.p-zqp4850 .pagelayer-svg-bottom .pagelayer-shape-fill{fill:#e44993}
.p-zqp4850 .pagelayer-row-svg .pagelayer-svg-bottom{width:100%;height:100px}
</style>
<div class=""pagelayer-row-holder pagelayer-row pagelayer-auto pagelayer-width-auto""><div class=""p-q725202 pagelayer-col pagelayer-col-2"" pagelayer-id=""q725202"">
<style pagelayer-style-id=""q725202"">.p-q725202{align-content: center !important}
.p-q725202 .pagelayer-col-holder > div:not(:last-child){margin-bottom: 15px}
.p-q725202 > .pagelayer-background-overlay{-webkit-transition: all 400ms !important; transition: all 400ms !important}
</style>
<div class=""pagelayer-col-holder""><div class=""p-55r4448 pagelayer-post_nav"" pagelayer-id=""55r4448"">
<style pagelayer-style-id=""55r4448"">.p-55r4448 .pagelayer-post-nav-link{color:#adb5bd;font-family:  !important; font-size: 15px !important; font-style:  !important; font-weight:  !important; font-variant:  !important; text-decoration-line:  !important; text-decoration-style:  !important; line-height: em !important; text-transform:  !important; letter-spacing: px !important; word-spacing: px !important}
.p-55r4448 .pagelayer-post-nav-title{color:#000000;font-family:  !important; font-size: 18px !important; font-style:  !important; font-weight: bold !important; font-variant:  !important; text-decoration-line:  !important; text-decoration-style: Solid !important; line-height: em !important; text-transform:  !important; letter-spacing: px !important; word-spacing: px !important}
.p-55r4448 .pagelayer-post-nav-icon{color:#adb5bd;font-size:30px}
.p-55r4448 .pagelayer-post-nav-separator{display:none}
@media (max-width: 768px) and (min-width: 501px){.p-55r4448 .pagelayer-post-nav-link{font-family:  !important; font-size: 12px !important; font-style:  !important; font-weight:  !important; font-variant:  !important; text-decoration-line:  !important; text-decoration-style: Solid !important; line-height: em !important; text-transform:  !important; letter-spacing: px !important; word-spacing: px !important}
.p-55r4448 .pagelayer-post-nav-title{font-family:  !important; font-size: 15px !important; font-style:  !important; font-weight:  !important; font-variant:  !important; text-decoration-line:  !important; text-decoration-style: Solid !important; line-height: em !important; text-transform:  !important; letter-spacing: px !important; word-spacing: px !important}
}
@media (max-width: 500px){.p-55r4448 .pagelayer-post-nav-link{font-family:  !important; font-size: 12px !important; font-style:  !important; font-weight:  !important; font-variant:  !important; text-decoration-line:  !important; text-decoration-style: Solid !important; line-height: em !important; text-transform:  !important; letter-spacing: px !important; word-spacing: px !important}
.p-55r4448 .pagelayer-post-nav-title{font-family:  !important; font-size: 12px !important; font-style:  !important; font-weight:  !important; font-variant:  !important; text-decoration-line:  !important; text-decoration-style: Solid !important; line-height: em !important; text-transform:  !important; letter-spacing: px !important; word-spacing: px !important}
}
</style><div class=""pagelayer-post-nav-container"">
<div class=""pagelayer-prev-post"">
<a href=""https://almuftionline.com/2022/02/22/8598/"" rel=""prev""><span class=""pagelayer-post-nav-icon fa fa-chevron-left""></span>
<span class=""pagelayer-next-holder"">
<span class=""pagelayer-post-nav-link""> Previous</span><span class=""pagelayer-post-nav-title"">ایک وارث کوہبہ کردہ چیزدیگرورثامیں تقسیم نہیں ہوگی</span>
</span></a>
</div>
<div class=""pagelayer-post-nav-separator""></div>
<div class=""pagelayer-next-post"">
<a href=""https://almuftionline.com/2022/02/22/8600/"" rel=""next""><span class=""pagelayer-next-holder"">
<span class=""pagelayer-post-nav-link""> Next</span><span class=""pagelayer-post-nav-title"">عمرےکےسفرمیں دواکھاکرحیض روکنا</span>
</span>
<span class=""pagelayer-post-nav-icon fa fa-chevron-right""></span></a>
</div>
</div></div></div></div></div></div></div>"
2022-02-22,https://almuftionline.com/2022/02/22/8598/,ایک وارث کوہبہ کردہ چیزدیگرورثامیں تقسیم نہیں ہوگی,<p>کیافرماتےہیں مفتیان کرام اس مسئلےکےبارےمیں کہ میرےوالدصاحب نےاپنی زندگی میں ہی مجھےایک کنال زمین گفٹ کردی تھی،اوراس پرمجھےقبضہ بھی دےدیاتھا،اوراس کو میں خود استعمال کرتی رہی،اب والدصاحب کی وفات کےبعدوہ ایک کنال جومجھےگفٹ کردی گئی تھی،وہ میراث میں تقسیم ہوگی یاوہ میری ہی رہی گی؟</p><p>اورباقی جائیدادوالدصاحب نےوالدہ کےنام پرکردی تھی وہ بھی اس لیےکی تھی تا کہ قانونی کاروائی ان کے خلاف نہ ہوکہ یہ جائیدادکہاں سےلی ؟باقی قبضہ وغیرہ والدصاحب ہی کاتھااوروہ ہی اس کےمالک تھےوالدہ کااس پرکوئی قبضہ یاملکیت نہیں تھی تواب والدصاحب کی وفات کےبعدوالدہ کےپاس والی جائیدادمیراث میں تقسیم ہوگی ؟</p>,"<h4 class=""has-text-align-center"">اَلجَوَابْ بِاسْمِ مُلْہِمِ الصَّوَابْ

</h4><p>آپ کےوالدنےآپ کو جوایک کنال زمین ہبہ <span dir=""LTR"">(Gift</span><span dir=""LTR"">)</span> کردی تھی ،وہ آپ کی ہےاورآپ کی ملکیت میں رہےگی، میراث میں تقسیم نہیں ہوگی ۔البتہ جوجائیدادآپ کےوالدہ کےپاس ہےجوکہ ان کےنام پرصرف(انتقال) ہےاورانہیں ہبہ وغیرہ نہیں کیاگیا،وہ میراث میں تقسیم ہوگی ۔</p><h6 class=""has-text-align-right"">حوالہ جات</h6><div style=""direction: rtl;font-family: Amiri;
    
     font-size: 13px; font-weight: 400;""><p>«الهداية في شرح بداية المبتدي» (3/ 222):</p>
<p>الهبة ‌عقد ‌مشروع لقوله عليه الصلاة والسلام: ""تهادوا تحابوا"" وعلى ذلك انعقد الإجماع ""وتصح بالإيجاب والقبول والقبض"" أما الإيجاب والقبول فلأنه عقد، والعقد ينعقد بالإيجاب، والقبول، والقبض لا بد منه لثبوت الملك.</p>
<p>«الفتاوى العالمكيرية = الفتاوى الهندية» (4/ 374):</p>
<p>ومنها أن يكون الموهوب مقبوضا حتى ‌لا ‌يثبت ‌الملك ‌للموهوب له قبل القبض</p>
<p>«الدر المختار شرح تنوير الأبصار وجامع البحار» (ص562):</p>
<p><span dir=""RTL"">وفي الخانية: </span><span dir=""RTL"">‌</span><span dir=""RTL"">لا </span><span dir=""RTL"">‌</span><span dir=""RTL"">بأس </span><span dir=""RTL"">‌</span><span dir=""RTL"">بتفضيل </span><span dir=""RTL"">‌</span><span dir=""RTL"">بعض الاولاد في المحبة لانها عمل القلب، وكذا في العطايا إن لم يقصد به الاضرار، وإن قصده فسوى بينهم يعطي البنت كالابن عند الثاني، وعليه الفتوى</span></p>
</div><p><span dir=""RTL"">عبدالقدوس </span></p><p><span dir=""RTL"">دارالافتاء،جامعۃ الرشیدکراچی </span></p><p><span dir=""RTL"">۲شعبان ۱۴۴۳</span></p><h6 class=""has-text-align-center"">
واللہ سبحانہ وتعالی اعلم
</h6><figure class=""wp-block-table""><table><tbody><tr><td><h3>مجیب</h3></td><td>عبدالقدوس بن محمد حنیف</td><td><h3>مفتیان</h3></td><td>سیّد عابد شاہ صاحب / محمد حسین خلیل خیل صاحب</td></tr></tbody></table></figure>",76248,jameya-tur-rasheed,ہبہ اور صدقہ کے مسائل,ہبہ کےمتفرق مسائل,"<div class=""pagelayer-col-holder""><div class=""p-kgd1425 pagelayer-post_excerpt"" pagelayer-id=""kgd1425"">
<style pagelayer-style-id=""kgd1425"">.p-kgd1425 .pagelayer-post-excerpt{color:#adb5bd;font-family: ; font-size: 15px !important; font-style: Italic !important; font-weight: 500 !important; font-variant:  !important; text-decoration-line:  !important; text-decoration-style:  !important; line-height: 1.5em !important; text-transform:  !important; letter-spacing: px !important; word-spacing: px !important;margin-top:0px; margin-right:0px; margin-bottom:0px; margin-left:0px}
.p-kgd1425{text-align: left;margin-top: 0px; margin-right: 0px; margin-bottom: 0px; margin-left: 0px;padding-top: 0px; padding-right: 0px; padding-bottom: 0px; padding-left: 0px}
</style></div><div class=""p-4wb1030 pagelayer-featured_img"" pagelayer-id=""4wb1030"">
<style pagelayer-style-id=""4wb1030"">.p-4wb1030{text-align: center}
.p-4wb1030 img{filter: blur(0px) brightness(100%) contrast(100%) grayscale(0%) hue-rotate(0deg) opacity(100%) saturate(100%);box-shadow: 0px 24px 36px 0px rgba(0,0,0,0.10)  !important;-webkit-transition: all 400ms; transition: all 400ms}
.p-4wb1030 .pagelayer-featured-caption{color: #0986c0}
</style>
<div class=""pagelayer-featured-img""></div>
</div><div class=""p-f8n3612 pagelayer-inner_row pagelayer-row-stretch-auto pagelayer-height-default"" pagelayer-id=""f8n3612"">
<style pagelayer-style-id=""f8n3612"">.p-f8n3612 .pagelayer-col-holder{padding: 10px}
.p-f8n3612 > .pagelayer-background-overlay{-webkit-transition: all 400ms !important; transition: all 400ms !important}
.p-f8n3612 .pagelayer-svg-top .pagelayer-shape-fill{fill:#227bc3}
.p-f8n3612 .pagelayer-row-svg .pagelayer-svg-top{width:100%;height:100px}
.p-f8n3612 .pagelayer-svg-bottom .pagelayer-shape-fill{fill:#e44993}
.p-f8n3612 .pagelayer-row-svg .pagelayer-svg-bottom{width:100%;height:100px}
</style>
<div class=""pagelayer-row-holder pagelayer-row pagelayer-auto pagelayer-width-auto""><div class=""p-i795860 pagelayer-col pagelayer-col-4"" pagelayer-id=""i795860"">
<style pagelayer-style-id=""i795860"">.p-i795860{align-content: center !important}
.p-i795860 .pagelayer-col-holder > div:not(:last-child){margin-bottom: 15px}
.p-i795860 > .pagelayer-background-overlay{-webkit-transition: all 400ms !important; transition: all 400ms !important}
</style>
<div class=""pagelayer-col-holder""><div class=""p-qip3968 pagelayer-post_info"" pagelayer-id=""qip3968"">
<style pagelayer-style-id=""qip3968"">.p-qip3968 .pagelayer-post-info-vertical .pagelayer-post-info-list-container{margin-right:25px}
.p-qip3968 .pagelayer-post-info-horizontal .pagelayer-post-info-list-container{margin-bottom:25px}
.p-qip3968 .pagelayer-post-info-container{text-align:right}
.p-qip3968 .pagelayer-post-info-icon span{font-size:120%;color:#495057}
.p-qip3968 .pagelayer-post-info-list-container a{font-family: Roboto !important; font-size: 14px !important; font-style:  !important; font-weight: 500 !important; font-variant:  !important; text-decoration-line:  !important; text-decoration-style:  !important; line-height: 1.6em !important; text-transform:  !important; letter-spacing: px !important; word-spacing: px !important}
.p-qip3968 .pagelayer-post-info-label{color:#495057}
.p-qip3968 .pagelayer-post-info-label a{color:#495057}
.p-qip3968 .pagelayer-post-info-label:hover{color:#000000}
.p-qip3968 .pagelayer-post-info-label:hover a{color:#000000}
</style><div class=""pagelayer-post-info-container pagelayer-post-info-vertical""><div class=""p-xj43574 pagelayer-post_info_list"" pagelayer-id=""xj43574"">
<div class=""pagelayer-post-info-list-container"">
<a class=""pagelayer-post-info-list-link"" href=""https://almuftionline.com/2022/02/22/"">
<span class=""pagelayer-post-info-icon"">
<span class=""far fa-clock""></span>
</span>
<span class=""pagelayer-post-info-label pagelayer-date"">فروری 22, 2022</span>
</a>
</div></div></div></div></div></div><div class=""p-t2j1983 pagelayer-col pagelayer-col-7"" pagelayer-id=""t2j1983"">
<style pagelayer-style-id=""t2j1983"">.p-t2j1983{align-content: center !important}
.p-t2j1983 .pagelayer-col-holder > div:not(:last-child){margin-bottom: 15px}
.p-t2j1983 > .pagelayer-background-overlay{-webkit-transition: all 400ms !important; transition: all 400ms !important}
</style>
<div class=""pagelayer-col-holder""><div class=""p-dbq3916 pagelayer-post_info"" pagelayer-id=""dbq3916"">
<style pagelayer-style-id=""dbq3916"">.p-dbq3916 .pagelayer-post-info-container{text-align:right}
.p-dbq3916 .pagelayer-post-info-icon span{font-size:120%;color:#495057}
.p-dbq3916 .pagelayer-post-info-list-container a{font-family: Roboto !important; font-size: 14px !important; font-style:  !important; font-weight: 500 !important; font-variant:  !important; text-decoration-line:  !important; text-decoration-style:  !important; line-height: 1.6em !important; text-transform:  !important; letter-spacing: px !important; word-spacing: px !important}
.p-dbq3916 .pagelayer-post-info-label{color:#0072ff}
.p-dbq3916 .pagelayer-post-info-label a{color:#0072ff}
.p-dbq3916 .pagelayer-terms *{color:#f8952c !important;padding-top:5px; padding-right:10px; padding-bottom:5px; padding-left:10px;margin-top:0px; margin-right:5px; margin-bottom:0px; margin-left:5px;border-radius: 4px 4px 4px 4px; -webkit-border-radius:  4px 4px 4px 4px;-moz-border-radius: 4px 4px 4px 4px}
.p-dbq3916{padding-top: 0px; padding-right: 0px; padding-bottom: 0px; padding-left: 0px}
@media (max-width: 768px) and (min-width: 501px){.p-dbq3916 .pagelayer-post-info-container{text-align:left}
}
@media (max-width: 500px){.p-dbq3916 .pagelayer-post-info-container{text-align:left}
}
</style><div class=""pagelayer-post-info-container pagelayer-post-info-vertical""><div class=""p-wpv7212 pagelayer-post_info_list"" pagelayer-id=""wpv7212"">
<div class=""pagelayer-post-info-list-container"">
<span class=""pagelayer-post-info-icon"">
</span>
<span class=""pagelayer-post-info-label pagelayer-terms""> <a href=""https://almuftionline.com/category/fatwa/31/""> ہبہ اور صدقہ کے مسائل </a></span>
</div></div></div></div></div></div></div></div><div class=""p-trw3096 pagelayer-inner_row pagelayer-row-stretch-auto pagelayer-height-default"" pagelayer-id=""trw3096"">
<style pagelayer-style-id=""trw3096"">.p-trw3096 .pagelayer-col-holder{padding: 10px}
.p-trw3096 > .pagelayer-background-overlay{-webkit-transition: all 400ms !important; transition: all 400ms !important}
.p-trw3096 .pagelayer-svg-top .pagelayer-shape-fill{fill:#227bc3}
.p-trw3096 .pagelayer-row-svg .pagelayer-svg-top{width:100%;height:100px}
.p-trw3096 .pagelayer-svg-bottom .pagelayer-shape-fill{fill:#e44993}
.p-trw3096 .pagelayer-row-svg .pagelayer-svg-bottom{width:100%;height:100px}
</style>
<div class=""pagelayer-row-holder pagelayer-row pagelayer-auto pagelayer-width-auto""><div class=""p-wwu6541 pagelayer-col pagelayer-col-2"" pagelayer-id=""wwu6541"">
<style pagelayer-style-id=""wwu6541"">.p-wwu6541{align-content: center !important}
.p-wwu6541 .pagelayer-col-holder > div:not(:last-child){margin-bottom: 15px}
.p-wwu6541 > .pagelayer-background-overlay{-webkit-transition: all 400ms !important; transition: all 400ms !important}
</style>
<div class=""pagelayer-col-holder""><div class=""p-ccj4284 pagelayer-post_content"" pagelayer-id=""ccj4284"">
<style pagelayer-style-id=""ccj4284"">.p-ccj4284{text-align: right}
</style><div class=""entry-content pagelayer-post-excerpt""><figure class=""wp-block-table""><table><tbody><tr><td>76248</td><td>ہبہ اور صدقہ کے مسائل</td><td>ہبہ کےمتفرق مسائل</td></tr></tbody></table></figure><div style=""direction:rtl;line-height: 2.5;""><h3 class=""has-text-align-center"">سوال</h3><p>کیافرماتےہیں مفتیان کرام اس مسئلےکےبارےمیں کہ میرےوالدصاحب نےاپنی زندگی میں ہی مجھےایک کنال زمین گفٹ کردی تھی،اوراس پرمجھےقبضہ بھی دےدیاتھا،اوراس کو میں خود استعمال کرتی رہی،اب والدصاحب کی وفات کےبعدوہ ایک کنال جومجھےگفٹ کردی گئی تھی،وہ میراث میں تقسیم ہوگی یاوہ میری ہی رہی گی؟</p>
<p>اورباقی جائیدادوالدصاحب نےوالدہ کےنام پرکردی تھی وہ بھی اس لیےکی تھی تا کہ قانونی کاروائی ان کے خلاف نہ ہوکہ یہ جائیدادکہاں سےلی ؟باقی قبضہ وغیرہ والدصاحب ہی کاتھااوروہ ہی اس کےمالک تھےوالدہ کااس پرکوئی قبضہ یاملکیت نہیں تھی تواب والدصاحب کی وفات کےبعدوالدہ کےپاس والی جائیدادمیراث میں تقسیم ہوگی ؟</p>
<h4 class=""has-text-align-center"">اَلجَوَابْ بِاسْمِ مُلْہِمِ الصَّوَابْ

</h4><p>آپ کےوالدنےآپ کو جوایک کنال زمین ہبہ <span dir=""LTR"">(Gift</span><span dir=""LTR"">)</span> کردی تھی ،وہ آپ کی ہےاورآپ کی ملکیت میں رہےگی، میراث میں تقسیم نہیں ہوگی ۔البتہ جوجائیدادآپ کےوالدہ کےپاس ہےجوکہ ان کےنام پرصرف(انتقال) ہےاورانہیں ہبہ وغیرہ نہیں کیاگیا،وہ میراث میں تقسیم ہوگی ۔</p>
</div><h6 class=""has-text-align-right"">حوالہ جات</h6><div style=""direction: rtl;font-family: Amiri;
    
     font-size: 13px; font-weight: 400;""><p>«الهداية في شرح بداية المبتدي» (3/ 222):</p>
<p>الهبة ‌عقد ‌مشروع لقوله عليه الصلاة والسلام: ""تهادوا تحابوا"" وعلى ذلك انعقد الإجماع ""وتصح بالإيجاب والقبول والقبض"" أما الإيجاب والقبول فلأنه عقد، والعقد ينعقد بالإيجاب، والقبول، والقبض لا بد منه لثبوت الملك.</p>
<p>«الفتاوى العالمكيرية = الفتاوى الهندية» (4/ 374):</p>
<p>ومنها أن يكون الموهوب مقبوضا حتى ‌لا ‌يثبت ‌الملك ‌للموهوب له قبل القبض</p>
<p>«الدر المختار شرح تنوير الأبصار وجامع البحار» (ص562):</p>
<p><span dir=""RTL"">وفي الخانية: </span><span dir=""RTL"">‌</span><span dir=""RTL"">لا </span><span dir=""RTL"">‌</span><span dir=""RTL"">بأس </span><span dir=""RTL"">‌</span><span dir=""RTL"">بتفضيل </span><span dir=""RTL"">‌</span><span dir=""RTL"">بعض الاولاد في المحبة لانها عمل القلب، وكذا في العطايا إن لم يقصد به الاضرار، وإن قصده فسوى بينهم يعطي البنت كالابن عند الثاني، وعليه الفتوى</span></p>
</div><p><span dir=""RTL"">عبدالقدوس </span></p>
<p><span dir=""RTL"">دارالافتاء،جامعۃ الرشیدکراچی </span></p>
<p><span dir=""RTL"">۲شعبان ۱۴۴۳</span></p>
<h6 class=""has-text-align-center"">
واللہ سبحانہ وتعالی اعلم
</h6><figure class=""wp-block-table""><table><tbody><tr><td><h3>مجیب</h3></td><td>عبدالقدوس بن محمد حنیف</td><td><h3>مفتیان</h3></td><td>سیّد عابد شاہ صاحب / محمد حسین خلیل خیل صاحب</td></tr></tbody></table></figure></div></div></div></div></div></div><div class=""p-wl6689 pagelayer-inner_row pagelayer-row-stretch-auto pagelayer-height-default"" pagelayer-id=""wl6689"">
<style pagelayer-style-id=""wl6689"">.p-wl6689 .pagelayer-col-holder{padding: 10px}
.p-wl6689 > .pagelayer-background-overlay{-webkit-transition: all 400ms !important; transition: all 400ms !important}
.p-wl6689 .pagelayer-svg-top .pagelayer-shape-fill{fill:#227bc3}
.p-wl6689 .pagelayer-row-svg .pagelayer-svg-top{width:100%;height:100px}
.p-wl6689 .pagelayer-svg-bottom .pagelayer-shape-fill{fill:#e44993}
.p-wl6689 .pagelayer-row-svg .pagelayer-svg-bottom{width:100%;height:100px}
</style>
<div class=""pagelayer-row-holder pagelayer-row pagelayer-auto pagelayer-width-auto""><div class=""p-jzl6522 pagelayer-col pagelayer-col-6"" pagelayer-id=""jzl6522"">
<style pagelayer-style-id=""jzl6522"">.p-jzl6522{align-content: center !important}
.p-jzl6522 .pagelayer-col-holder > div:not(:last-child){margin-bottom: 15px}
.p-jzl6522 > .pagelayer-background-overlay{-webkit-transition: all 400ms !important; transition: all 400ms !important}
</style>
<div class=""pagelayer-col-holder""><div class=""p-xsb5673 pagelayer-share_grp pagelayer-share-type-icon-label pagelayer-social-bg-none pagelayer-scheme-official"" pagelayer-id=""xsb5673"">
<style pagelayer-style-id=""xsb5673"">.p-xsb5673{text-align: right}
.p-xsb5673 .pagelayer-share-content{min-height: 35px;-webkit-transition: all 400ms; transition: all 400ms}
.p-xsb5673 i{font-size: 27px}
.p-xsb5673 .pagelayer-icon-holder{font-size: 27px}
.p-xsb5673 .pagelayer-share-content i{-webkit-transition: all 400ms; transition: all 400ms}
.p-xsb5673 .pagelayer-icon-name{font-family: Roboto; font-size: 15px !important; font-style:  !important; font-weight: 500 !important; font-variant:  !important; text-decoration-line:  !important; text-decoration-style:  !important; line-height: em !important; text-transform:  !important; letter-spacing: px !important; word-spacing: px !important}
@media (max-width: 768px) and (min-width: 501px){.p-xsb5673{text-align: left}
.p-xsb5673 .pagelayer-share{padding-top: 10px; padding-bottom: 10px;padding-left: 10px; padding-right: 10px}
.p-xsb5673 i{font-size: 20px}
.p-xsb5673 .pagelayer-icon-holder{font-size: 20px}
.p-xsb5673 .pagelayer-icon-name{font-family: ; font-size: 13px !important; font-style:  !important; font-weight:  !important; font-variant:  !important; text-decoration-line:  !important; text-decoration-style:  !important; line-height: em !important; text-transform:  !important; letter-spacing: px !important; word-spacing: px !important}
}
@media (max-width: 500px){.p-xsb5673{text-align: left}
.p-xsb5673 .pagelayer-share{padding-top: 10px; padding-bottom: 10px;padding-left: 10px; padding-right: 10px}
.p-xsb5673 .pagelayer-share-content{min-height: NaNpx}
.p-xsb5673 i{font-size: 20px}
.p-xsb5673 .pagelayer-icon-holder{font-size: 20px}
.p-xsb5673 .pagelayer-icon-name{font-family: ; font-size: 13px !important; font-style:  !important; font-weight:  !important; font-variant:  !important; text-decoration-line:  !important; text-decoration-style:  !important; line-height: em !important; text-transform:  !important; letter-spacing: px !important; word-spacing: px !important}
}
</style><div class=""p-9mh2934 pagelayer-share"" pagelayer-id=""9mh2934"">
<a class=""pagelayer-ele-link"" href=""https://www.facebook.com/sharer/sharer.php?u=almuftionline.com/2022/02/22/8598/"" target=""_blank"" title=""fab fa-facebook-square"">
<div class=""pagelayer-share-content pagelayer-facebook-square"" data-icon=""fab fa-facebook-square"">
<div class=""pagelayer-icon-holder pagelayer-share-buttons"">
<i class=""pagelayer-social-fa fab fa-facebook-square""></i>
</div>
<div class=""pagelayer-icon-name"">
<span class=""pagelayer-icon-name-span"">Facebook</span>
</div>
</div>
</a></div><div class=""p-rai4926 pagelayer-share"" pagelayer-id=""rai4926"">
<a class=""pagelayer-ele-link"" href=""https://twitter.com/share?url=almuftionline.com/2022/02/22/8598/"" target=""_blank"" title=""fab fa-twitter-square"">
<div class=""pagelayer-share-content pagelayer-twitter-square"" data-icon=""fab fa-twitter-square"">
<div class=""pagelayer-icon-holder pagelayer-share-buttons"">
<i class=""pagelayer-social-fa fab fa-twitter-square""></i>
</div>
<div class=""pagelayer-icon-name"">
<span class=""pagelayer-icon-name-span"">Twitter</span>
</div>
</div>
</a></div><div class=""p-ndy3728 pagelayer-share"" pagelayer-id=""ndy3728"">
<a class=""pagelayer-ele-link"" href=""whatsapp://send?text=almuftionline.com/2022/02/22/8598/"" target=""_blank"" title=""fab fa-whatsapp"">
<div class=""pagelayer-share-content pagelayer-whatsapp"" data-icon=""fab fa-whatsapp"">
<div class=""pagelayer-icon-holder pagelayer-share-buttons"">
<i class=""pagelayer-social-fa fab fa-whatsapp""></i>
</div>
<div class=""pagelayer-icon-name"">
<span class=""pagelayer-icon-name-span"">WhatsApp</span>
</div>
</div>
</a></div></div></div></div></div></div><div class=""p-zqp4850 pagelayer-inner_row pagelayer-row-stretch-auto pagelayer-height-default"" pagelayer-id=""zqp4850"">
<style pagelayer-style-id=""zqp4850"">.p-zqp4850 .pagelayer-col-holder{padding: 10px}
.p-zqp4850 > .pagelayer-background-overlay{-webkit-transition: all 400ms !important; transition: all 400ms !important}
.p-zqp4850 .pagelayer-svg-top .pagelayer-shape-fill{fill:#227bc3}
.p-zqp4850 .pagelayer-row-svg .pagelayer-svg-top{width:100%;height:100px}
.p-zqp4850 .pagelayer-svg-bottom .pagelayer-shape-fill{fill:#e44993}
.p-zqp4850 .pagelayer-row-svg .pagelayer-svg-bottom{width:100%;height:100px}
</style>
<div class=""pagelayer-row-holder pagelayer-row pagelayer-auto pagelayer-width-auto""><div class=""p-q725202 pagelayer-col pagelayer-col-2"" pagelayer-id=""q725202"">
<style pagelayer-style-id=""q725202"">.p-q725202{align-content: center !important}
.p-q725202 .pagelayer-col-holder > div:not(:last-child){margin-bottom: 15px}
.p-q725202 > .pagelayer-background-overlay{-webkit-transition: all 400ms !important; transition: all 400ms !important}
</style>
<div class=""pagelayer-col-holder""><div class=""p-55r4448 pagelayer-post_nav"" pagelayer-id=""55r4448"">
<style pagelayer-style-id=""55r4448"">.p-55r4448 .pagelayer-post-nav-link{color:#adb5bd;font-family:  !important; font-size: 15px !important; font-style:  !important; font-weight:  !important; font-variant:  !important; text-decoration-line:  !important; text-decoration-style:  !important; line-height: em !important; text-transform:  !important; letter-spacing: px !important; word-spacing: px !important}
.p-55r4448 .pagelayer-post-nav-title{color:#000000;font-family:  !important; font-size: 18px !important; font-style:  !important; font-weight: bold !important; font-variant:  !important; text-decoration-line:  !important; text-decoration-style: Solid !important; line-height: em !important; text-transform:  !important; letter-spacing: px !important; word-spacing: px !important}
.p-55r4448 .pagelayer-post-nav-icon{color:#adb5bd;font-size:30px}
.p-55r4448 .pagelayer-post-nav-separator{display:none}
@media (max-width: 768px) and (min-width: 501px){.p-55r4448 .pagelayer-post-nav-link{font-family:  !important; font-size: 12px !important; font-style:  !important; font-weight:  !important; font-variant:  !important; text-decoration-line:  !important; text-decoration-style: Solid !important; line-height: em !important; text-transform:  !important; letter-spacing: px !important; word-spacing: px !important}
.p-55r4448 .pagelayer-post-nav-title{font-family:  !important; font-size: 15px !important; font-style:  !important; font-weight:  !important; font-variant:  !important; text-decoration-line:  !important; text-decoration-style: Solid !important; line-height: em !important; text-transform:  !important; letter-spacing: px !important; word-spacing: px !important}
}
@media (max-width: 500px){.p-55r4448 .pagelayer-post-nav-link{font-family:  !important; font-size: 12px !important; font-style:  !important; font-weight:  !important; font-variant:  !important; text-decoration-line:  !important; text-decoration-style: Solid !important; line-height: em !important; text-transform:  !important; letter-spacing: px !important; word-spacing: px !important}
.p-55r4448 .pagelayer-post-nav-title{font-family:  !important; font-size: 12px !important; font-style:  !important; font-weight:  !important; font-variant:  !important; text-decoration-line:  !important; text-decoration-style: Solid !important; line-height: em !important; text-transform:  !important; letter-spacing: px !important; word-spacing: px !important}
}
</style><div class=""pagelayer-post-nav-container"">
<div class=""pagelayer-prev-post"">
<a href=""https://almuftionline.com/2022/02/22/7762/"" rel=""prev""><span class=""pagelayer-post-nav-icon fa fa-chevron-left""></span>
<span class=""pagelayer-next-holder"">
<span class=""pagelayer-post-nav-link""> Previous</span><span class=""pagelayer-post-nav-title"">تخارج میں طے شدہ چیزیں وقت پر نہ دینے کی تلافی کیسے ہوگی؟</span>
</span></a>
</div>
<div class=""pagelayer-post-nav-separator""></div>
<div class=""pagelayer-next-post"">
<a href=""https://almuftionline.com/2022/02/22/8599/"" rel=""next""><span class=""pagelayer-next-holder"">
<span class=""pagelayer-post-nav-link""> Next</span><span class=""pagelayer-post-nav-title"">ایک بیٹا،اوربیوہ سمیت چاربیٹیوں میں میراث کی تقسیم</span>
</span>
<span class=""pagelayer-post-nav-icon fa fa-chevron-right""></span></a>
</div>
</div></div></div></div></div></div></div>"
2022-02-22,https://almuftionline.com/2022/02/22/7762/,تخارج میں طے شدہ چیزیں وقت پر نہ دینے کی تلافی کیسے ہوگی؟,"<p>میرے  والد  صاحب  کا  انتقال  2004ء  میں  ہوا  ،  میراث  کو  تقسیم  نہیں  کیا  گیا،  اس  وقت  میت  کے  ورثہ  میں  4  بیٹے،  ایک  بیٹی  اور  زوجہ  تھیں  اور  اب  بھی  سب  الحمدللہ  حیات  ہیں،  مشترک  میراث   کو  ہی  استعمال  کیا  جاتا  رہا  یہاں  تک  کے  2008ء  میں  میت  کی  بیٹی  (یعنی  میری  بہن)  کی  شادی  کا  وقت  آگیا۔اس  وقت  میں  کراچی  کے  ایک  مدرسے  میں  زیر  تعلیم  تھا  اور  وہاں  کے  دارالافتاء  کے  صدر  مفتی  صاحب  سے  پوچھ  کر  بہن  کے  ساتھ  تخارج  کا  معاملہ  طے  کیا  گیا  جس  کے  مطابق  بہن  میراث  میں  اپنا  حصہ  چھوڑ  دیں  گی،  لیکن  اس  کے  بدلے  انہیں  ان  کی  مرضی  کا  جہیز  دیا  جائے  گا۔  سب  راضی  ہو  گئے  اور  میں  بھی  کراچی  میں  تھاتو  ہر  معاملے  کو  بذات  خود  دیکھ  نہ  سکا۔</p><p>  اس  سال  بہن  سے  بات    بات  میں  یہ  حقیقت  سامنے  آئی  کہ       اس  وقت  بہن  نے جو  لسٹ  دی  تھی  اس  میں  سے  بعض  چیزیں  یا  تو  دی  ہی  نہیں  گئیں  یا  اس  معیار  سے  کم  کی  دی  گئیں  جو  بہن  کو  مطلوب  تھی۔  جن  کی  تفصیل  درج  ذیل  ہے:</p><ol>
<li>35000  کا چنیوٹی   صوفہ  سیٹ  مانگا  گیا  لیکن  19000  والا  صوفہ  دیا  گیا۔</li>
<li> چنیوٹی  ڈائننگ  سیٹ  مانگا  گیا  جو  دیا  ہی  نہیں  گیا  اس  وقت  اس  کی  قیمت  25000  تھی۔</li>
<li>کارپیٹ،  فینسی  ڈنر  سیٹ،  فینسی  رضائی،مائیکرو  ویو،  ٹی  وی،  ٹی  وی  ٹرالی،    ایک  عدد  سوٹ  بھی  مانگا  گیا  جو  نہیں  دیا  گیا  جن  کی  قیمت  اس  وقت  بالترتیب  2500،    9000،  5000،  5000،  5000 ،  2000،  اور  2500  تھی۔</li>
<li>دوسے  اڑھائی  تولہ  سونے  کا  سیٹ  بھی  مانگا  گیا  جونہیں  دیا  گیا۔</li>
</ol><p>اب  سوال  یہ  ہے  کہ  اس  کا  کیا  حل  کیا  جائے؟  نیز  اگر  اس  کی  تلافی  کی  جائےتو  کیا  ان  چیزوں  کی  اس  وقت  کی  قیمت  ادا  کی  جائے  گی،  یا  آج  کی  قیمت؟  یا  وہ  چیزیں  ہی  لے  کر  دینا  ہوں  گی؟نیز  جو  بھی  قیمت  طے  ہو  کیا  بہن  اس  میں  خوشی  سے  کمی  کر  سکتی  ہیں  یا  اس  کمی  کا  کوئی  اعتبار  نہیں  شرعا؟    </p>","<h4 class=""has-text-align-center"">اَلجَوَابْ بِاسْمِ مُلْہِمِ الصَّوَابْ

</h4><p>واضح رہے کہ تخارج، صلح کی ایک صورت ہے اور بیع یعنی خرید و فروخت کے حکم میں ہے۔ تخارج کا معاملہ اس وقت مکمل ہوتا ہے جب اپنا حصہ چھوڑنے والا وارث کہے کہ میں نے اپنا حصہ فلاں مال کے بدلے میں چھوڑ دیا، اور دوسرے ورثا اس مال کے بدلے اس کا حصہ لینے پر راضی ہوجائیں۔ اگر ورثا کے درمیان اس طرح باقاعدہ ایجاب و قبول نہ ہو، صرف وعدہ ہو تو اس سے تخارج مکمل نہیں ہوگا، اور اس وارث کا حصۂ میراث ختم نہیں ہوگا، وہ بدستور میراث میں شریک رہے گا۔</p><p>اس تمہید کے بعد آپ کے سوال کا جواب یہ ہے کہ:</p><p>اگر صورتِ مسئولہ میں آپ کی بہن نے مذکورہ چیزوں کے بدلے اپنا حصۂ میراث چھوڑا نہیں تھا، بلکہ مذکورہ چیزیں دینے کی شرط پر اپنا حصہ چھوڑنے کا صرف وعدہ کیا تھا، جیسا کہ سوال کے ان الفاظ ""بہن  کے  ساتھ  تخارج  کا  معاملہ  طے  کیا  گیا  جس  کے  مطابق  بہن  میراث  میں  اپنا  حصہ  چھوڑ  دیں  گی،  لیکن  اس  کے  بدلے  انہیں  ان  کی  مرضی  کا  جہیز  دیا  جائے  گا"" سے معلوم ہوتا ہے تو چونکہ بھائیوں نے اس کو مطلوبہ چیزیں نہیں دیں اور شرط پوری نہیں کی؛ اس لیے اس صورت میں تخارج کا معاملہ مکمل نہ ہونے کی وجہ سے بہن کا حصۂ میراث بدستور قائم ہوگا جو اب اسے دینا لازم ہوگا۔</p><p>اور اگر ان کے درمیان تخارج کا صرف وعدہ نہیں ہوا تھا، بلکہ باقاعدہ ایجاب و قبول ہوا تھا، اور بہن نے کہہ دیا تھا کہ میں نے ان چیزوں کے بدلے اپنا حصۂ میراث چھوڑ دیا ہے، تو پھر تخارج کا معاملہ تام ہوگیا تھا، اور آپ سب ورثا پر لازم تھا کہ بہن کو اس کی مطلوبہ چیزیں اسی وقت دیدیتے۔ لیکن آپ نے ایسا نہیں کیا، جس کی وجہ سے آپ سب ورثا گناہ گار ہوئے ہیں، اب آپ سب پر لازم ہے کہ اللہ تعالیٰ کے سامنے گڑگڑا کر توبہ و استغفار کریں، اپنی بہن سے معافی مانگیں اور ان کا حق ادا کردیں۔ ان کا حق ادا کرنے کی صورت یہ ہے کہ انہوں نے 35000 کا صوفہ مانگا تھا اور آپ نے انہیں 19000 ہزار کا صوفہ دیا تو اب انہیں صوفہ کے بقیہ 16000 روپیہ دیدیں۔ صوفہ کے علاوہ اسے اس کی مطلوبہ چیزیں بالکل نہیں دی گئیں، اس لیے اب  آپ سب پر لازم ہے کہ اسے دو سے اڑھائی تولہ سونا اور سوال میں ذکر کردہ دوسری چیزیں اسی معیار کی لے کر دیں جس معیار کی اس نے مانگی تھی، البتہ اگر جانبین ان چیزوں کے بجائے قیمت کی ادائیگی پر راضی ہو تو قیمت دینا بھی درست ہے، اور قیمت ادا کرنے کی صورت میں ادائیگی کے وقت کی قیمت معتبر ہوگی، 2008ء کی قیمت کا اعتبار نہیں ہوگا۔  </p><h6 class=""has-text-align-right"">حوالہ جات</h6><div style=""direction: rtl;font-family: Amiri;
    
     font-size: 13px; font-weight: 400;""><p>۔</p>
</div><p>عبداللہ ولی غفر اللہ لہٗ</p><p>  دار الافتاء جامعۃ الرشید کراچی</p><p>  20/رجب /1443ھ</p><h6 class=""has-text-align-center"">
واللہ سبحانہ وتعالی اعلم
</h6><figure class=""wp-block-table""><table><tbody><tr><td><h3>مجیب</h3></td><td>عبداللہ ولی</td><td><h3>مفتیان</h3></td><td>سیّد عابد شاہ صاحب / محمد حسین خلیل خیل صاحب</td></tr></tbody></table></figure>",76067,jameya-tur-rasheed,اقرار اور صلح  کا بیان,متفرّق مسائل,"<div class=""pagelayer-col-holder""><div class=""p-kgd1425 pagelayer-post_excerpt"" pagelayer-id=""kgd1425"">
<style pagelayer-style-id=""kgd1425"">.p-kgd1425 .pagelayer-post-excerpt{color:#adb5bd;font-family: ; font-size: 15px !important; font-style: Italic !important; font-weight: 500 !important; font-variant:  !important; text-decoration-line:  !important; text-decoration-style:  !important; line-height: 1.5em !important; text-transform:  !important; letter-spacing: px !important; word-spacing: px !important;margin-top:0px; margin-right:0px; margin-bottom:0px; margin-left:0px}
.p-kgd1425{text-align: left;margin-top: 0px; margin-right: 0px; margin-bottom: 0px; margin-left: 0px;padding-top: 0px; padding-right: 0px; padding-bottom: 0px; padding-left: 0px}
</style></div><div class=""p-4wb1030 pagelayer-featured_img"" pagelayer-id=""4wb1030"">
<style pagelayer-style-id=""4wb1030"">.p-4wb1030{text-align: center}
.p-4wb1030 img{filter: blur(0px) brightness(100%) contrast(100%) grayscale(0%) hue-rotate(0deg) opacity(100%) saturate(100%);box-shadow: 0px 24px 36px 0px rgba(0,0,0,0.10)  !important;-webkit-transition: all 400ms; transition: all 400ms}
.p-4wb1030 .pagelayer-featured-caption{color: #0986c0}
</style>
<div class=""pagelayer-featured-img""></div>
</div><div class=""p-f8n3612 pagelayer-inner_row pagelayer-row-stretch-auto pagelayer-height-default"" pagelayer-id=""f8n3612"">
<style pagelayer-style-id=""f8n3612"">.p-f8n3612 .pagelayer-col-holder{padding: 10px}
.p-f8n3612 > .pagelayer-background-overlay{-webkit-transition: all 400ms !important; transition: all 400ms !important}
.p-f8n3612 .pagelayer-svg-top .pagelayer-shape-fill{fill:#227bc3}
.p-f8n3612 .pagelayer-row-svg .pagelayer-svg-top{width:100%;height:100px}
.p-f8n3612 .pagelayer-svg-bottom .pagelayer-shape-fill{fill:#e44993}
.p-f8n3612 .pagelayer-row-svg .pagelayer-svg-bottom{width:100%;height:100px}
</style>
<div class=""pagelayer-row-holder pagelayer-row pagelayer-auto pagelayer-width-auto""><div class=""p-i795860 pagelayer-col pagelayer-col-4"" pagelayer-id=""i795860"">
<style pagelayer-style-id=""i795860"">.p-i795860{align-content: center !important}
.p-i795860 .pagelayer-col-holder > div:not(:last-child){margin-bottom: 15px}
.p-i795860 > .pagelayer-background-overlay{-webkit-transition: all 400ms !important; transition: all 400ms !important}
</style>
<div class=""pagelayer-col-holder""><div class=""p-qip3968 pagelayer-post_info"" pagelayer-id=""qip3968"">
<style pagelayer-style-id=""qip3968"">.p-qip3968 .pagelayer-post-info-vertical .pagelayer-post-info-list-container{margin-right:25px}
.p-qip3968 .pagelayer-post-info-horizontal .pagelayer-post-info-list-container{margin-bottom:25px}
.p-qip3968 .pagelayer-post-info-container{text-align:right}
.p-qip3968 .pagelayer-post-info-icon span{font-size:120%;color:#495057}
.p-qip3968 .pagelayer-post-info-list-container a{font-family: Roboto !important; font-size: 14px !important; font-style:  !important; font-weight: 500 !important; font-variant:  !important; text-decoration-line:  !important; text-decoration-style:  !important; line-height: 1.6em !important; text-transform:  !important; letter-spacing: px !important; word-spacing: px !important}
.p-qip3968 .pagelayer-post-info-label{color:#495057}
.p-qip3968 .pagelayer-post-info-label a{color:#495057}
.p-qip3968 .pagelayer-post-info-label:hover{color:#000000}
.p-qip3968 .pagelayer-post-info-label:hover a{color:#000000}
</style><div class=""pagelayer-post-info-container pagelayer-post-info-vertical""><div class=""p-xj43574 pagelayer-post_info_list"" pagelayer-id=""xj43574"">
<div class=""pagelayer-post-info-list-container"">
<a class=""pagelayer-post-info-list-link"" href=""https://almuftionline.com/2022/02/22/"">
<span class=""pagelayer-post-info-icon"">
<span class=""far fa-clock""></span>
</span>
<span class=""pagelayer-post-info-label pagelayer-date"">فروری 22, 2022</span>
</a>
</div></div></div></div></div></div><div class=""p-t2j1983 pagelayer-col pagelayer-col-7"" pagelayer-id=""t2j1983"">
<style pagelayer-style-id=""t2j1983"">.p-t2j1983{align-content: center !important}
.p-t2j1983 .pagelayer-col-holder > div:not(:last-child){margin-bottom: 15px}
.p-t2j1983 > .pagelayer-background-overlay{-webkit-transition: all 400ms !important; transition: all 400ms !important}
</style>
<div class=""pagelayer-col-holder""><div class=""p-dbq3916 pagelayer-post_info"" pagelayer-id=""dbq3916"">
<style pagelayer-style-id=""dbq3916"">.p-dbq3916 .pagelayer-post-info-container{text-align:right}
.p-dbq3916 .pagelayer-post-info-icon span{font-size:120%;color:#495057}
.p-dbq3916 .pagelayer-post-info-list-container a{font-family: Roboto !important; font-size: 14px !important; font-style:  !important; font-weight: 500 !important; font-variant:  !important; text-decoration-line:  !important; text-decoration-style:  !important; line-height: 1.6em !important; text-transform:  !important; letter-spacing: px !important; word-spacing: px !important}
.p-dbq3916 .pagelayer-post-info-label{color:#0072ff}
.p-dbq3916 .pagelayer-post-info-label a{color:#0072ff}
.p-dbq3916 .pagelayer-terms *{color:#f8952c !important;padding-top:5px; padding-right:10px; padding-bottom:5px; padding-left:10px;margin-top:0px; margin-right:5px; margin-bottom:0px; margin-left:5px;border-radius: 4px 4px 4px 4px; -webkit-border-radius:  4px 4px 4px 4px;-moz-border-radius: 4px 4px 4px 4px}
.p-dbq3916{padding-top: 0px; padding-right: 0px; padding-bottom: 0px; padding-left: 0px}
@media (max-width: 768px) and (min-width: 501px){.p-dbq3916 .pagelayer-post-info-container{text-align:left}
}
@media (max-width: 500px){.p-dbq3916 .pagelayer-post-info-container{text-align:left}
}
</style><div class=""pagelayer-post-info-container pagelayer-post-info-vertical""><div class=""p-wpv7212 pagelayer-post_info_list"" pagelayer-id=""wpv7212"">
<div class=""pagelayer-post-info-list-container"">
<span class=""pagelayer-post-info-icon"">
</span>
<span class=""pagelayer-post-info-label pagelayer-terms""> <a href=""https://almuftionline.com/category/fatwa/40/""> اقرار اور صلح  کا بیان </a></span>
</div></div></div></div></div></div></div></div><div class=""p-trw3096 pagelayer-inner_row pagelayer-row-stretch-auto pagelayer-height-default"" pagelayer-id=""trw3096"">
<style pagelayer-style-id=""trw3096"">.p-trw3096 .pagelayer-col-holder{padding: 10px}
.p-trw3096 > .pagelayer-background-overlay{-webkit-transition: all 400ms !important; transition: all 400ms !important}
.p-trw3096 .pagelayer-svg-top .pagelayer-shape-fill{fill:#227bc3}
.p-trw3096 .pagelayer-row-svg .pagelayer-svg-top{width:100%;height:100px}
.p-trw3096 .pagelayer-svg-bottom .pagelayer-shape-fill{fill:#e44993}
.p-trw3096 .pagelayer-row-svg .pagelayer-svg-bottom{width:100%;height:100px}
</style>
<div class=""pagelayer-row-holder pagelayer-row pagelayer-auto pagelayer-width-auto""><div class=""p-wwu6541 pagelayer-col pagelayer-col-2"" pagelayer-id=""wwu6541"">
<style pagelayer-style-id=""wwu6541"">.p-wwu6541{align-content: center !important}
.p-wwu6541 .pagelayer-col-holder > div:not(:last-child){margin-bottom: 15px}
.p-wwu6541 > .pagelayer-background-overlay{-webkit-transition: all 400ms !important; transition: all 400ms !important}
</style>
<div class=""pagelayer-col-holder""><div class=""p-ccj4284 pagelayer-post_content"" pagelayer-id=""ccj4284"">
<style pagelayer-style-id=""ccj4284"">.p-ccj4284{text-align: right}
</style><div class=""entry-content pagelayer-post-excerpt""><figure class=""wp-block-table""><table><tbody><tr><td>76067</td><td>اقرار اور صلح  کا بیان</td><td>متفرّق مسائل</td></tr></tbody></table></figure><div style=""direction:rtl;line-height: 2.5;""><h3 class=""has-text-align-center"">سوال</h3><p>میرے  والد  صاحب  کا  انتقال  2004ء  میں  ہوا  ،  میراث  کو  تقسیم  نہیں  کیا  گیا،  اس  وقت  میت  کے  ورثہ  میں  4  بیٹے،  ایک  بیٹی  اور  زوجہ  تھیں  اور  اب  بھی  سب  الحمدللہ  حیات  ہیں،  مشترک  میراث   کو  ہی  استعمال  کیا  جاتا  رہا  یہاں  تک  کے  2008ء  میں  میت  کی  بیٹی  (یعنی  میری  بہن)  کی  شادی  کا  وقت  آگیا۔اس  وقت  میں  کراچی  کے  ایک  مدرسے  میں  زیر  تعلیم  تھا  اور  وہاں  کے  دارالافتاء  کے  صدر  مفتی  صاحب  سے  پوچھ  کر  بہن  کے  ساتھ  تخارج  کا  معاملہ  طے  کیا  گیا  جس  کے  مطابق  بہن  میراث  میں  اپنا  حصہ  چھوڑ  دیں  گی،  لیکن  اس  کے  بدلے  انہیں  ان  کی  مرضی  کا  جہیز  دیا  جائے  گا۔  سب  راضی  ہو  گئے  اور  میں  بھی  کراچی  میں  تھاتو  ہر  معاملے  کو  بذات  خود  دیکھ  نہ  سکا۔</p>
<p>  اس  سال  بہن  سے  بات    بات  میں  یہ  حقیقت  سامنے  آئی  کہ       اس  وقت  بہن  نے جو  لسٹ  دی  تھی  اس  میں  سے  بعض  چیزیں  یا  تو  دی  ہی  نہیں  گئیں  یا  اس  معیار  سے  کم  کی  دی  گئیں  جو  بہن  کو  مطلوب  تھی۔  جن  کی  تفصیل  درج  ذیل  ہے:</p>
<ol>
<li>35000  کا چنیوٹی   صوفہ  سیٹ  مانگا  گیا  لیکن  19000  والا  صوفہ  دیا  گیا۔</li>
<li> چنیوٹی  ڈائننگ  سیٹ  مانگا  گیا  جو  دیا  ہی  نہیں  گیا  اس  وقت  اس  کی  قیمت  25000  تھی۔</li>
<li>کارپیٹ،  فینسی  ڈنر  سیٹ،  فینسی  رضائی،مائیکرو  ویو،  ٹی  وی،  ٹی  وی  ٹرالی،    ایک  عدد  سوٹ  بھی  مانگا  گیا  جو  نہیں  دیا  گیا  جن  کی  قیمت  اس  وقت  بالترتیب  2500،    9000،  5000،  5000،  5000 ،  2000،  اور  2500  تھی۔</li>
<li>دوسے  اڑھائی  تولہ  سونے  کا  سیٹ  بھی  مانگا  گیا  جونہیں  دیا  گیا۔</li>
</ol>
<p>اب  سوال  یہ  ہے  کہ  اس  کا  کیا  حل  کیا  جائے؟  نیز  اگر  اس  کی  تلافی  کی  جائےتو  کیا  ان  چیزوں  کی  اس  وقت  کی  قیمت  ادا  کی  جائے  گی،  یا  آج  کی  قیمت؟  یا  وہ  چیزیں  ہی  لے  کر  دینا  ہوں  گی؟نیز  جو  بھی  قیمت  طے  ہو  کیا  بہن  اس  میں  خوشی  سے  کمی  کر  سکتی  ہیں  یا  اس  کمی  کا  کوئی  اعتبار  نہیں  شرعا؟    </p>
<h4 class=""has-text-align-center"">اَلجَوَابْ بِاسْمِ مُلْہِمِ الصَّوَابْ

</h4><p>واضح رہے کہ تخارج، صلح کی ایک صورت ہے اور بیع یعنی خرید و فروخت کے حکم میں ہے۔ تخارج کا معاملہ اس وقت مکمل ہوتا ہے جب اپنا حصہ چھوڑنے والا وارث کہے کہ میں نے اپنا حصہ فلاں مال کے بدلے میں چھوڑ دیا، اور دوسرے ورثا اس مال کے بدلے اس کا حصہ لینے پر راضی ہوجائیں۔ اگر ورثا کے درمیان اس طرح باقاعدہ ایجاب و قبول نہ ہو، صرف وعدہ ہو تو اس سے تخارج مکمل نہیں ہوگا، اور اس وارث کا حصۂ میراث ختم نہیں ہوگا، وہ بدستور میراث میں شریک رہے گا۔</p>
<p>اس تمہید کے بعد آپ کے سوال کا جواب یہ ہے کہ:</p>
<p>اگر صورتِ مسئولہ میں آپ کی بہن نے مذکورہ چیزوں کے بدلے اپنا حصۂ میراث چھوڑا نہیں تھا، بلکہ مذکورہ چیزیں دینے کی شرط پر اپنا حصہ چھوڑنے کا صرف وعدہ کیا تھا، جیسا کہ سوال کے ان الفاظ ""بہن  کے  ساتھ  تخارج  کا  معاملہ  طے  کیا  گیا  جس  کے  مطابق  بہن  میراث  میں  اپنا  حصہ  چھوڑ  دیں  گی،  لیکن  اس  کے  بدلے  انہیں  ان  کی  مرضی  کا  جہیز  دیا  جائے  گا"" سے معلوم ہوتا ہے تو چونکہ بھائیوں نے اس کو مطلوبہ چیزیں نہیں دیں اور شرط پوری نہیں کی؛ اس لیے اس صورت میں تخارج کا معاملہ مکمل نہ ہونے کی وجہ سے بہن کا حصۂ میراث بدستور قائم ہوگا جو اب اسے دینا لازم ہوگا۔</p>
<p>اور اگر ان کے درمیان تخارج کا صرف وعدہ نہیں ہوا تھا، بلکہ باقاعدہ ایجاب و قبول ہوا تھا، اور بہن نے کہہ دیا تھا کہ میں نے ان چیزوں کے بدلے اپنا حصۂ میراث چھوڑ دیا ہے، تو پھر تخارج کا معاملہ تام ہوگیا تھا، اور آپ سب ورثا پر لازم تھا کہ بہن کو اس کی مطلوبہ چیزیں اسی وقت دیدیتے۔ لیکن آپ نے ایسا نہیں کیا، جس کی وجہ سے آپ سب ورثا گناہ گار ہوئے ہیں، اب آپ سب پر لازم ہے کہ اللہ تعالیٰ کے سامنے گڑگڑا کر توبہ و استغفار کریں، اپنی بہن سے معافی مانگیں اور ان کا حق ادا کردیں۔ ان کا حق ادا کرنے کی صورت یہ ہے کہ انہوں نے 35000 کا صوفہ مانگا تھا اور آپ نے انہیں 19000 ہزار کا صوفہ دیا تو اب انہیں صوفہ کے بقیہ 16000 روپیہ دیدیں۔ صوفہ کے علاوہ اسے اس کی مطلوبہ چیزیں بالکل نہیں دی گئیں، اس لیے اب  آپ سب پر لازم ہے کہ اسے دو سے اڑھائی تولہ سونا اور سوال میں ذکر کردہ دوسری چیزیں اسی معیار کی لے کر دیں جس معیار کی اس نے مانگی تھی، البتہ اگر جانبین ان چیزوں کے بجائے قیمت کی ادائیگی پر راضی ہو تو قیمت دینا بھی درست ہے، اور قیمت ادا کرنے کی صورت میں ادائیگی کے وقت کی قیمت معتبر ہوگی، 2008ء کی قیمت کا اعتبار نہیں ہوگا۔  </p>
</div><h6 class=""has-text-align-right"">حوالہ جات</h6><div style=""direction: rtl;font-family: Amiri;
    
     font-size: 13px; font-weight: 400;""><p>۔</p>
</div><p>عبداللہ ولی غفر اللہ لہٗ</p>
<p>  دار الافتاء جامعۃ الرشید کراچی</p>
<p>  20/رجب /1443ھ</p>
<h6 class=""has-text-align-center"">
واللہ سبحانہ وتعالی اعلم
</h6><figure class=""wp-block-table""><table><tbody><tr><td><h3>مجیب</h3></td><td>عبداللہ ولی</td><td><h3>مفتیان</h3></td><td>سیّد عابد شاہ صاحب / محمد حسین خلیل خیل صاحب</td></tr></tbody></table></figure></div></div></div></div></div></div><div class=""p-wl6689 pagelayer-inner_row pagelayer-row-stretch-auto pagelayer-height-default"" pagelayer-id=""wl6689"">
<style pagelayer-style-id=""wl6689"">.p-wl6689 .pagelayer-col-holder{padding: 10px}
.p-wl6689 > .pagelayer-background-overlay{-webkit-transition: all 400ms !important; transition: all 400ms !important}
.p-wl6689 .pagelayer-svg-top .pagelayer-shape-fill{fill:#227bc3}
.p-wl6689 .pagelayer-row-svg .pagelayer-svg-top{width:100%;height:100px}
.p-wl6689 .pagelayer-svg-bottom .pagelayer-shape-fill{fill:#e44993}
.p-wl6689 .pagelayer-row-svg .pagelayer-svg-bottom{width:100%;height:100px}
</style>
<div class=""pagelayer-row-holder pagelayer-row pagelayer-auto pagelayer-width-auto""><div class=""p-jzl6522 pagelayer-col pagelayer-col-6"" pagelayer-id=""jzl6522"">
<style pagelayer-style-id=""jzl6522"">.p-jzl6522{align-content: center !important}
.p-jzl6522 .pagelayer-col-holder > div:not(:last-child){margin-bottom: 15px}
.p-jzl6522 > .pagelayer-background-overlay{-webkit-transition: all 400ms !important; transition: all 400ms !important}
</style>
<div class=""pagelayer-col-holder""><div class=""p-xsb5673 pagelayer-share_grp pagelayer-share-type-icon-label pagelayer-social-bg-none pagelayer-scheme-official"" pagelayer-id=""xsb5673"">
<style pagelayer-style-id=""xsb5673"">.p-xsb5673{text-align: right}
.p-xsb5673 .pagelayer-share-content{min-height: 35px;-webkit-transition: all 400ms; transition: all 400ms}
.p-xsb5673 i{font-size: 27px}
.p-xsb5673 .pagelayer-icon-holder{font-size: 27px}
.p-xsb5673 .pagelayer-share-content i{-webkit-transition: all 400ms; transition: all 400ms}
.p-xsb5673 .pagelayer-icon-name{font-family: Roboto; font-size: 15px !important; font-style:  !important; font-weight: 500 !important; font-variant:  !important; text-decoration-line:  !important; text-decoration-style:  !important; line-height: em !important; text-transform:  !important; letter-spacing: px !important; word-spacing: px !important}
@media (max-width: 768px) and (min-width: 501px){.p-xsb5673{text-align: left}
.p-xsb5673 .pagelayer-share{padding-top: 10px; padding-bottom: 10px;padding-left: 10px; padding-right: 10px}
.p-xsb5673 i{font-size: 20px}
.p-xsb5673 .pagelayer-icon-holder{font-size: 20px}
.p-xsb5673 .pagelayer-icon-name{font-family: ; font-size: 13px !important; font-style:  !important; font-weight:  !important; font-variant:  !important; text-decoration-line:  !important; text-decoration-style:  !important; line-height: em !important; text-transform:  !important; letter-spacing: px !important; word-spacing: px !important}
}
@media (max-width: 500px){.p-xsb5673{text-align: left}
.p-xsb5673 .pagelayer-share{padding-top: 10px; padding-bottom: 10px;padding-left: 10px; padding-right: 10px}
.p-xsb5673 .pagelayer-share-content{min-height: NaNpx}
.p-xsb5673 i{font-size: 20px}
.p-xsb5673 .pagelayer-icon-holder{font-size: 20px}
.p-xsb5673 .pagelayer-icon-name{font-family: ; font-size: 13px !important; font-style:  !important; font-weight:  !important; font-variant:  !important; text-decoration-line:  !important; text-decoration-style:  !important; line-height: em !important; text-transform:  !important; letter-spacing: px !important; word-spacing: px !important}
}
</style><div class=""p-9mh2934 pagelayer-share"" pagelayer-id=""9mh2934"">
<a class=""pagelayer-ele-link"" href=""https://www.facebook.com/sharer/sharer.php?u=almuftionline.com/2022/02/22/7762/"" target=""_blank"" title=""fab fa-facebook-square"">
<div class=""pagelayer-share-content pagelayer-facebook-square"" data-icon=""fab fa-facebook-square"">
<div class=""pagelayer-icon-holder pagelayer-share-buttons"">
<i class=""pagelayer-social-fa fab fa-facebook-square""></i>
</div>
<div class=""pagelayer-icon-name"">
<span class=""pagelayer-icon-name-span"">Facebook</span>
</div>
</div>
</a></div><div class=""p-rai4926 pagelayer-share"" pagelayer-id=""rai4926"">
<a class=""pagelayer-ele-link"" href=""https://twitter.com/share?url=almuftionline.com/2022/02/22/7762/"" target=""_blank"" title=""fab fa-twitter-square"">
<div class=""pagelayer-share-content pagelayer-twitter-square"" data-icon=""fab fa-twitter-square"">
<div class=""pagelayer-icon-holder pagelayer-share-buttons"">
<i class=""pagelayer-social-fa fab fa-twitter-square""></i>
</div>
<div class=""pagelayer-icon-name"">
<span class=""pagelayer-icon-name-span"">Twitter</span>
</div>
</div>
</a></div><div class=""p-ndy3728 pagelayer-share"" pagelayer-id=""ndy3728"">
<a class=""pagelayer-ele-link"" href=""whatsapp://send?text=almuftionline.com/2022/02/22/7762/"" target=""_blank"" title=""fab fa-whatsapp"">
<div class=""pagelayer-share-content pagelayer-whatsapp"" data-icon=""fab fa-whatsapp"">
<div class=""pagelayer-icon-holder pagelayer-share-buttons"">
<i class=""pagelayer-social-fa fab fa-whatsapp""></i>
</div>
<div class=""pagelayer-icon-name"">
<span class=""pagelayer-icon-name-span"">WhatsApp</span>
</div>
</div>
</a></div></div></div></div></div></div><div class=""p-zqp4850 pagelayer-inner_row pagelayer-row-stretch-auto pagelayer-height-default"" pagelayer-id=""zqp4850"">
<style pagelayer-style-id=""zqp4850"">.p-zqp4850 .pagelayer-col-holder{padding: 10px}
.p-zqp4850 > .pagelayer-background-overlay{-webkit-transition: all 400ms !important; transition: all 400ms !important}
.p-zqp4850 .pagelayer-svg-top .pagelayer-shape-fill{fill:#227bc3}
.p-zqp4850 .pagelayer-row-svg .pagelayer-svg-top{width:100%;height:100px}
.p-zqp4850 .pagelayer-svg-bottom .pagelayer-shape-fill{fill:#e44993}
.p-zqp4850 .pagelayer-row-svg .pagelayer-svg-bottom{width:100%;height:100px}
</style>
<div class=""pagelayer-row-holder pagelayer-row pagelayer-auto pagelayer-width-auto""><div class=""p-q725202 pagelayer-col pagelayer-col-2"" pagelayer-id=""q725202"">
<style pagelayer-style-id=""q725202"">.p-q725202{align-content: center !important}
.p-q725202 .pagelayer-col-holder > div:not(:last-child){margin-bottom: 15px}
.p-q725202 > .pagelayer-background-overlay{-webkit-transition: all 400ms !important; transition: all 400ms !important}
</style>
<div class=""pagelayer-col-holder""><div class=""p-55r4448 pagelayer-post_nav"" pagelayer-id=""55r4448"">
<style pagelayer-style-id=""55r4448"">.p-55r4448 .pagelayer-post-nav-link{color:#adb5bd;font-family:  !important; font-size: 15px !important; font-style:  !important; font-weight:  !important; font-variant:  !important; text-decoration-line:  !important; text-decoration-style:  !important; line-height: em !important; text-transform:  !important; letter-spacing: px !important; word-spacing: px !important}
.p-55r4448 .pagelayer-post-nav-title{color:#000000;font-family:  !important; font-size: 18px !important; font-style:  !important; font-weight: bold !important; font-variant:  !important; text-decoration-line:  !important; text-decoration-style: Solid !important; line-height: em !important; text-transform:  !important; letter-spacing: px !important; word-spacing: px !important}
.p-55r4448 .pagelayer-post-nav-icon{color:#adb5bd;font-size:30px}
.p-55r4448 .pagelayer-post-nav-separator{display:none}
@media (max-width: 768px) and (min-width: 501px){.p-55r4448 .pagelayer-post-nav-link{font-family:  !important; font-size: 12px !important; font-style:  !important; font-weight:  !important; font-variant:  !important; text-decoration-line:  !important; text-decoration-style: Solid !important; line-height: em !important; text-transform:  !important; letter-spacing: px !important; word-spacing: px !important}
.p-55r4448 .pagelayer-post-nav-title{font-family:  !important; font-size: 15px !important; font-style:  !important; font-weight:  !important; font-variant:  !important; text-decoration-line:  !important; text-decoration-style: Solid !important; line-height: em !important; text-transform:  !important; letter-spacing: px !important; word-spacing: px !important}
}
@media (max-width: 500px){.p-55r4448 .pagelayer-post-nav-link{font-family:  !important; font-size: 12px !important; font-style:  !important; font-weight:  !important; font-variant:  !important; text-decoration-line:  !important; text-decoration-style: Solid !important; line-height: em !important; text-transform:  !important; letter-spacing: px !important; word-spacing: px !important}
.p-55r4448 .pagelayer-post-nav-title{font-family:  !important; font-size: 12px !important; font-style:  !important; font-weight:  !important; font-variant:  !important; text-decoration-line:  !important; text-decoration-style: Solid !important; line-height: em !important; text-transform:  !important; letter-spacing: px !important; word-spacing: px !important}
}
</style><div class=""pagelayer-post-nav-container"">
<div class=""pagelayer-prev-post"">
<a href=""https://almuftionline.com/2022/02/21/9311/"" rel=""prev""><span class=""pagelayer-post-nav-icon fa fa-chevron-left""></span>
<span class=""pagelayer-next-holder"">
<span class=""pagelayer-post-nav-link""> Previous</span><span class=""pagelayer-post-nav-title"">طلاق کا میسج غلطی سے  بھیجنے اور طلاق میں سبقت لسانی کا حکم</span>
</span></a>
</div>
<div class=""pagelayer-post-nav-separator""></div>
<div class=""pagelayer-next-post"">
<a href=""https://almuftionline.com/2022/02/22/8598/"" rel=""next""><span class=""pagelayer-next-holder"">
<span class=""pagelayer-post-nav-link""> Next</span><span class=""pagelayer-post-nav-title"">ایک وارث کوہبہ کردہ چیزدیگرورثامیں تقسیم نہیں ہوگی</span>
</span>
<span class=""pagelayer-post-nav-icon fa fa-chevron-right""></span></a>
</div>
</div></div></div></div></div></div></div>"
2022-02-21,https://almuftionline.com/2022/02/21/9311/,طلاق کا میسج غلطی سے  بھیجنے اور طلاق میں سبقت لسانی کا حکم,<p>میں نے اپنی بیوی کو رات کے وقت کال کی، اس نے کال نہ اٹھائی، میں نے پھر کال کی، اس نے پھر نہ اٹھائی، اس طرح میں نے تقریباً سو کالیں کی، مگر اس نے فون نہ اٹھایا، پھر میں نے اس کو میسج کیا کہ میں تمہیں طلاق دیتا ہوں، میں نے پھر دوسرا میسج کیا کہ میں تمہیں طلاق دیتا ہوں، پھر میں نے کال کی تو اس نے اٹھالی، اس کے بعد اس نے فون کاٹ دیا اور غلطی سے وہی سابقہ میسج دوبارہ بیوی کو سینڈ ہو گیا، حالانکہ میرا تیسری طلاق دینے کا کوئی ارادہ نہ تھا، میں اس پر حلفیہ بیان دے سکتا ہوں، اب میرے سسرال والے کہہ رہے ہیں کہ آپ فتوی لے آؤ تو ہم اپنی بیٹی کو بھیج دیں گے، لہذا آپ حضرات سے گزارش ہے کہ شریعت کی روشنی میں فتوی دے کر ممنون فرمائیں۔</p><p><strong>وضاحت: </strong>سائل نے فون پر بتایا کہ اصل میں فون بند ہونے کے بعد بھیجے گئے میسج اسکرین پر تھے، جس پر غلطی سے ہاتھ لگ کر دوبارہ میسج چلا گیا۔</p>,"<h4 class=""has-text-align-center"">اَلجَوَابْ بِاسْمِ مُلْہِمِ الصَّوَابْ

</h4><p>صورت مسئولہ میں جب آپ نے اپنی بیوی کو دو مرتبہ میسج کیا کہ میں آپ کو طلاق دیتا ہوں تو اس سے آپ کی بیوی پر دو طلاقیں رجعی واقع ہو گئیں، جن کا حکم یہ ہے کہ عدت کے اندر رجوع  کرنا اور عدت گزرنے کے بعد نئے مہر كے ساتھ گواہوں کی موجودگی میں دوبارہ نکاح کرنا جائزہے۔</p><p>جہاں تک تیسری طلاق کا تعلق ہے توچونکہ آپ کے نمبر سے تیسری طلاق کا میسج بیوی کوموصول  ہواہے، اس لیے قضاءً تو تیسری طلاق واقع ہوگئی، یعنی اگر عورت عدالت سے فیصلہ کروانے کے لیے چلی جائے تو قاضی ان تین میسجز کا اعتبار کر کے تین طلاق کے وقوع کا حکم لگائے گا، اور فریقین کے لیے اس پر عمل کرنا واجب ہو گا،اس میں آپ کی نیت یا غلطی سے میسج بھیجے جانے کا اعتبار نہیں کیا جائے گا، کیونکہ قاضی شرعی اعتبار سےظاہری صورتِ حال کے مطابق فیصلہ کرنے کا پابند ہوتا ہے۔</p><p>البتہ تیسری طلاق کے دیانتاً (اللہ اور بندے کے درمیان شرعی حکم) وقوع کا حکم یہ ہے کہ اگر  آپ اپنے بیان پر حلفیہ بیان دے سکتے ہیں، جیسا کہ سوال میں مذکور ہے تو عورت آپ سے اس بات پر قسم لےلے کہ آپ نے قصداً یہ میسج نہیں بھیجا، بلکہ غلطی سے ارسال ہو گیا تھا اور اس کو آپ کی بات پر اعتماد آجائے تو اس صورت میں  آپ کی بیوی  پردیانتاً تیسری طلاق واقع نہیں ہوگی اورآپ کی بیوی اس کے مطابق عمل کر سکتی ہے، فقہائے کرام رحمہم اللہ کی عبارات میں اس کی نظیر  طلاق کے الفاظ میں سبقت لسانی یعنی  بلا اختیارغلطی سے لفظِ طلاق زبان سے نکل جانے کی مذکور ہے، اس میں  فقہائے کرام رحمہم اللہ نے صراحت کی ہے کہ مخطی یعنی غلطی سے طلاق دینے والے کی طلاق قضاءً واقع ہوگی، دیانتاً نہیں ہو گی۔</p><p>جہاں تک ""المرٲة کالقاضی"" کے اصول کا تعلق ہے تو اس کی تفصیل یہ ہے کہ جب عورت کو خاوند کے دعوی پر کامل یقین ہو اور خارجی قرائن سے بھی اس کا دعوی خلافِ ظاہر نہ ہو (كذا في فتاوى قاضيخان على الهندية:<span dir=""LTR"">218/1</span>)تو عورت قضاء القاضی بعلمہ کے ضابطے پر عمل کر سکتی ہے، جیسا کہ حضرت مفتی رشید احمد صاحب رحمہ اللہ نے ایک سوال کے جواب میں اس کی اجازت دی ہے، چنانچہ عبارت ملاحظہ فرمائیں:</p><p>""اگر بیوی کو حقیقتِ امر کا کامل یقین ہو اور اس کا قلب پورے طور پر مطمئن ہو کہ شوہر نے سینکڑوں طلاقوں کی جھوٹی خبر دی ہے تو اس کا شوہر کے ساتھ تجدیدِ نکاح کرنا جائز ہے، اس لیے کہ طلاق کی جھوٹی خبر سے قضاءً وقوعِ طلاق کا حکم مظنہٴ تہمت ہونے کی بناء پر ہے۔۔۔۔۔عورت پر حقیقتِ حال واضح ہونے کی صورت میں اس کے حق میں مظنہٴ تہمت نہیں، لہذا اس کے لیے حرمت بھی ثابت نہ ہوگی، ""المرٲة کالقاضی"" کا مقتضی بھی یہی ہے، اس لیے قضاء بعلمہ میں یہ تفصیل ہے کہ خالص حدود اللہ میں جائز نہیں اورغیر حدود میں عند المتقدمین جائز ہے اور متاخرین نے فسادِ زمانہ کی وجہ سے اس کو ناجائز قرار دیا ہے، اس علت کا اثر صرف غير كے ليے قضاء پر پڑتا ہے، خود اپنی ذات کے لیے حکم معلوم کرنے پر اس کا کوئی اثر نہیں پڑتا، لہذا اپنے لیے اپنے علم کے مطابق عمل کرنا جائز ہے۔""</p><p>   <strong>(احسن الفتاوی: ج:5ص:161)</strong></p><p>فقہائے کرام رحمہم اللہ کی عبارات میں عورت کا اپنے علم کے مطابق عمل کرنے کی ایک نظیر خاوندسے تین طلاق کے الفاظ سننے کی بھی ہے، کیونکہ ایسی صورت میں عورت کے پاس گواہ نہ ہونے پر اگرچہ قاضی خاوند کے حق میں فیصلہ کر دے تو بھی عورت کے حق میں حلت ثابت نہ ہو گی، بلکہ عورت اپنے علم کے مطابق عمل کرنے کی پابند ہوگی۔ دوسری نظیرحرمتِ مصاہرت کے مسئلہ میں اگرخاونداپنے بیٹے کی بیوی کا بوسہ لے لے اور عدمِ شہوت کا دعوی کرے تو عورت اس سے قسم لے کر اس کے مطابق عمل کرسکتی ہے۔ بشرطیکہ دعوی خلافِ ظاہر نہ ہو اور اس کا دل  خاوندکی بات پرمکمل طور پر مطمئن ہو۔ اسی طرح جب عورت شوہرکے بیٹے کی پیشانی کا بوسہ لے لے اور پھر عدمِ شہوت کا دعوی کرے تو خاوند عورت سے قسم لے کر اس کواپنے پاس ٹھہرا سکتا ہے۔</p><p>يہ بھی واضح رہے کہ سوال میں ذکر کی گئی صورتِ حال میں چونکہ دو طلاقیں واقع ہو چکی ہیں، اس لیے آئندہ طلاق کے معاملے میں بہت احتیاط کی ضرورت ہو گی، لہذا اگر آئندہ مزید ایک طلاق بھی دے دی تو تین طلاقیں واقع ہونے کی وجہ سے حرمتِ مغلظہ ثابت ہو جائے گی اور پھربغیرحلالہ کے دوبارہ نکاح کرنا بھی جائز نہیں ہو گا۔</p><h6 class=""has-text-align-right"">حوالہ جات</h6><div style=""direction: rtl;font-family: Amiri;
    
     font-size: 13px; font-weight: 400;""><p><strong>الدر المختار وحاشية ابن عابدين (3/ 241) دار الفكر-بيروت:</strong></p>
<p>(أو مخطئا) بأن أراد التكلم بغير الطلاق فجرى على لسانه الطلاق أو تلفظ به غير عالم بمعناه أو غافلا أو ساهيا - أو بألفاظ مصحفة يقع قضاء فقط، بخلاف الهازل واللاعب فإنه يقع قضاء وديانة لأن الشارع جعل هزله به جدا فتح.</p>
<p><strong>قال ابن عابدين:</strong> (قوله بأن أراد التكلم بغير الطلاق) بأن أراد أن يقول: سبحان الله فجرى على لسانه أنت طالق تطلق لأنه صريح لا يحتاج إلى النية، لكن في القضاء كطلاق الهازل واللاعب ط عن المنح، وقوله كطلاق الهازل واللاعب مخالف لما قدمناه ولما يأتي قريبا.</p>
<p>وفي الفتح القدير عن الحاوي معزيا إلى الجامع الصغير أن أسدا سأل عمن أراد أن يقول زينب طالق فجرى على لسانه عمرة على أيهما يقع الطلاق؟ فقال: في القضاء تطلق التي سمى وفيما بينه وبين الله تعالى لا تطلق واحدة منهما، أما التي سمى فلأنه لم يردها، وأما غيرها فلأنها لو طلقت طلقت بمجرد النية.</p>
<p><strong>فتح القدير للكمال ابن الهمام (4/ 5)باب إيقاع الطلاق، </strong> <strong>دار الفكر:</strong></p>
<p>وفي النسفي قال أبو حنيفة: لا يجوز الغلط في الطلاق، وهو ما إذا أراد أن يقول اسق فسبق لسانه بالطلاق ولو كان بالعتاق يدين، وقال أبو يوسف: لا يجوز الغلط فيهما.</p>
<p>وفي الخلاصة أيضا: قالت لزوجها: اقرأ علي اعتدي أنت طالق ثلاثا ففعل طلقت ثلاثا في القضاء لا فيما بينه وبين الله تعالى إذا لم يعلم الزوج ولم ينو، وهذا يوافق ما في المنصوري، ويخالف مقتضى ما ذكره آنفا من مسألة التلقين بالعربية، <strong>والذي يظهر من الشرع أن لا يقع بلا قصد لفظ الطلاق عند الله تعالى، وقوله فيمن سبق لسانه واقع: أي في القضاء، وقد يشير إليه قوله ولو كان بالعتاق يدين، بخلاف الهازل لأنه مكابر باللفظ فيستحق التغليظ، وسيذكر في أنت طالق إذا نوى به الطلاق من الوثاق يدين فيما بينه وبين الله تعالى مع أنه أصرح صريح في الباب ثم لم يعارض ذلك قوله ولا يحتاج إلى النية لأن المعنى لا يحتاج إلى النية: يعني اللفظ بعد القصد إلى اللفظ.</strong></p>
<p><strong>والحاصل أنه إذا قصد السبب عالما بأنه سبب رتب الشرع حكمه عليه أراده أو لم يرده إلا إن أراد ما يحتمله. وأما أنه إذا لم يقصده أو لم يدر ما هو فيثبت الحكم عليه شرعا وهو غير راض بحكم اللفظ ولا باللفظ فمما ينبو عنه قواعد الشرع، وقد قال تعالى {لا يؤاخذكم الله باللغو في أيمانكم} [البقرة: 225] وفسر بأمرين: أن يحلف على أمر يظنه كما قال مع أنه قاصد للسبب عالم بحكمه فإلغاؤه لغلطه في ظن المحلوف عليه، والآخر أن يجري على لسانه بلا قصد إلى</strong> <strong>اليمين كلا والله بلى والله، فرفع حكمه الدنيوي من الكفارة لعدم قصده إليه، فهذا تشريع لعباده أن لا يرتبوا الأحكام على الأسباب التي لم تقصد، وكيف ولا فرق بينه وبين النائم عند العليم الخبير من حيث إنه </strong></p>
<p><strong>لا قصد له إلى اللفظ ولا حكمه وإنما لا يصدقه غير العليم وهو القاضي.وفي الحاوي معزیا إلى الجامع الصغیر أن أسدا سأل عمن أراد أن يقول: زينب طالق فجرى على لسانه عمرة على أيهما يقع الطلاق، فقال في القضاء: تطلق التي سماها، وفيما بينه وبين الله تعالى لا تطلق واحدة منهما، أما التي سماها فلأنه لم يردها، وأما غيرها فلأنها لو طلقت طلقت بمجرد النية فهذا صريح.</strong></p>
<p><strong>فتاوى قاضيخان على الهندية:(</strong><strong><span dir=""LTR"">218/1</span></strong><strong>) دارالفكر، بيروت:</strong></p>
<p>(قوله دين) أى تصح نيته في مابينه وبين ربه تعالى؛ لأنه نوى مايحتمله لفظه فيفتيه المفتي بعدم الوقوع، أما القاضي فلا يصدّقه ويقضي عليه بالوقوع؛ لأنه خلاف الظاهر بلا قرينة.</p>
<p><strong>المحيط البرهاني في الفقه النعماني (3/ 67)</strong> <strong>دار الكتب العلمية، بيروت</strong><strong>:</strong></p>
<p>في نكاح «المنتقى» في باب ما يبطل المهر بعقد أحد الزوجين: إذا قبل امرأة ابنه بشهوة، أو قبل الأب امرأة ابنه بشهوة وهي مكرهة، وأنكر الزوج أن يكون ذلك عن شهوة فالقول قول الزوج؛ لأنه ينكر بطلان ملكه، وإن صدقه الزوج أنه كان عن شهوة وقعت الفرقة ويجب المهر على الزوج.</p>
</div><p>محمد نعمان خالد</p><p>دارالافتاء جامعة الرشیدکراچی</p><p>یکم شعبان المعظم 1444ھ</p><h6 class=""has-text-align-center"">
واللہ سبحانہ وتعالی اعلم
</h6><figure class=""wp-block-table""><table><tbody><tr><td><h3>مجیب</h3></td><td>محمد نعمان خالد</td><td><h3>مفتیان</h3></td><td>مفتی محمد صاحب / سیّد عابد شاہ صاحب / سعید احمد حسن صاحب</td></tr></tbody></table></figure>",79633,jameya-tur-rasheed,طلاق کے احکام,تحریری طلاق  دینے کا بیان,"<div class=""pagelayer-col-holder""><div class=""p-kgd1425 pagelayer-post_excerpt"" pagelayer-id=""kgd1425"">
<style pagelayer-style-id=""kgd1425"">.p-kgd1425 .pagelayer-post-excerpt{color:#adb5bd;font-family: ; font-size: 15px !important; font-style: Italic !important; font-weight: 500 !important; font-variant:  !important; text-decoration-line:  !important; text-decoration-style:  !important; line-height: 1.5em !important; text-transform:  !important; letter-spacing: px !important; word-spacing: px !important;margin-top:0px; margin-right:0px; margin-bottom:0px; margin-left:0px}
.p-kgd1425{text-align: left;margin-top: 0px; margin-right: 0px; margin-bottom: 0px; margin-left: 0px;padding-top: 0px; padding-right: 0px; padding-bottom: 0px; padding-left: 0px}
</style></div><div class=""p-4wb1030 pagelayer-featured_img"" pagelayer-id=""4wb1030"">
<style pagelayer-style-id=""4wb1030"">.p-4wb1030{text-align: center}
.p-4wb1030 img{filter: blur(0px) brightness(100%) contrast(100%) grayscale(0%) hue-rotate(0deg) opacity(100%) saturate(100%);box-shadow: 0px 24px 36px 0px rgba(0,0,0,0.10)  !important;-webkit-transition: all 400ms; transition: all 400ms}
.p-4wb1030 .pagelayer-featured-caption{color: #0986c0}
</style>
<div class=""pagelayer-featured-img""></div>
</div><div class=""p-f8n3612 pagelayer-inner_row pagelayer-row-stretch-auto pagelayer-height-default"" pagelayer-id=""f8n3612"">
<style pagelayer-style-id=""f8n3612"">.p-f8n3612 .pagelayer-col-holder{padding: 10px}
.p-f8n3612 > .pagelayer-background-overlay{-webkit-transition: all 400ms !important; transition: all 400ms !important}
.p-f8n3612 .pagelayer-svg-top .pagelayer-shape-fill{fill:#227bc3}
.p-f8n3612 .pagelayer-row-svg .pagelayer-svg-top{width:100%;height:100px}
.p-f8n3612 .pagelayer-svg-bottom .pagelayer-shape-fill{fill:#e44993}
.p-f8n3612 .pagelayer-row-svg .pagelayer-svg-bottom{width:100%;height:100px}
</style>
<div class=""pagelayer-row-holder pagelayer-row pagelayer-auto pagelayer-width-auto""><div class=""p-i795860 pagelayer-col pagelayer-col-4"" pagelayer-id=""i795860"">
<style pagelayer-style-id=""i795860"">.p-i795860{align-content: center !important}
.p-i795860 .pagelayer-col-holder > div:not(:last-child){margin-bottom: 15px}
.p-i795860 > .pagelayer-background-overlay{-webkit-transition: all 400ms !important; transition: all 400ms !important}
</style>
<div class=""pagelayer-col-holder""><div class=""p-qip3968 pagelayer-post_info"" pagelayer-id=""qip3968"">
<style pagelayer-style-id=""qip3968"">.p-qip3968 .pagelayer-post-info-vertical .pagelayer-post-info-list-container{margin-right:25px}
.p-qip3968 .pagelayer-post-info-horizontal .pagelayer-post-info-list-container{margin-bottom:25px}
.p-qip3968 .pagelayer-post-info-container{text-align:right}
.p-qip3968 .pagelayer-post-info-icon span{font-size:120%;color:#495057}
.p-qip3968 .pagelayer-post-info-list-container a{font-family: Roboto !important; font-size: 14px !important; font-style:  !important; font-weight: 500 !important; font-variant:  !important; text-decoration-line:  !important; text-decoration-style:  !important; line-height: 1.6em !important; text-transform:  !important; letter-spacing: px !important; word-spacing: px !important}
.p-qip3968 .pagelayer-post-info-label{color:#495057}
.p-qip3968 .pagelayer-post-info-label a{color:#495057}
.p-qip3968 .pagelayer-post-info-label:hover{color:#000000}
.p-qip3968 .pagelayer-post-info-label:hover a{color:#000000}
</style><div class=""pagelayer-post-info-container pagelayer-post-info-vertical""><div class=""p-xj43574 pagelayer-post_info_list"" pagelayer-id=""xj43574"">
<div class=""pagelayer-post-info-list-container"">
<a class=""pagelayer-post-info-list-link"" href=""https://almuftionline.com/2022/02/21/"">
<span class=""pagelayer-post-info-icon"">
<span class=""far fa-clock""></span>
</span>
<span class=""pagelayer-post-info-label pagelayer-date"">فروری 21, 2022</span>
</a>
</div></div></div></div></div></div><div class=""p-t2j1983 pagelayer-col pagelayer-col-7"" pagelayer-id=""t2j1983"">
<style pagelayer-style-id=""t2j1983"">.p-t2j1983{align-content: center !important}
.p-t2j1983 .pagelayer-col-holder > div:not(:last-child){margin-bottom: 15px}
.p-t2j1983 > .pagelayer-background-overlay{-webkit-transition: all 400ms !important; transition: all 400ms !important}
</style>
<div class=""pagelayer-col-holder""><div class=""p-dbq3916 pagelayer-post_info"" pagelayer-id=""dbq3916"">
<style pagelayer-style-id=""dbq3916"">.p-dbq3916 .pagelayer-post-info-container{text-align:right}
.p-dbq3916 .pagelayer-post-info-icon span{font-size:120%;color:#495057}
.p-dbq3916 .pagelayer-post-info-list-container a{font-family: Roboto !important; font-size: 14px !important; font-style:  !important; font-weight: 500 !important; font-variant:  !important; text-decoration-line:  !important; text-decoration-style:  !important; line-height: 1.6em !important; text-transform:  !important; letter-spacing: px !important; word-spacing: px !important}
.p-dbq3916 .pagelayer-post-info-label{color:#0072ff}
.p-dbq3916 .pagelayer-post-info-label a{color:#0072ff}
.p-dbq3916 .pagelayer-terms *{color:#f8952c !important;padding-top:5px; padding-right:10px; padding-bottom:5px; padding-left:10px;margin-top:0px; margin-right:5px; margin-bottom:0px; margin-left:5px;border-radius: 4px 4px 4px 4px; -webkit-border-radius:  4px 4px 4px 4px;-moz-border-radius: 4px 4px 4px 4px}
.p-dbq3916{padding-top: 0px; padding-right: 0px; padding-bottom: 0px; padding-left: 0px}
@media (max-width: 768px) and (min-width: 501px){.p-dbq3916 .pagelayer-post-info-container{text-align:left}
}
@media (max-width: 500px){.p-dbq3916 .pagelayer-post-info-container{text-align:left}
}
</style><div class=""pagelayer-post-info-container pagelayer-post-info-vertical""><div class=""p-wpv7212 pagelayer-post_info_list"" pagelayer-id=""wpv7212"">
<div class=""pagelayer-post-info-list-container"">
<span class=""pagelayer-post-info-icon"">
</span>
<span class=""pagelayer-post-info-label pagelayer-terms""> <a href=""https://almuftionline.com/category/fatwa/19/""> طلاق کے احکام </a></span>
</div></div></div></div></div></div></div></div><div class=""p-trw3096 pagelayer-inner_row pagelayer-row-stretch-auto pagelayer-height-default"" pagelayer-id=""trw3096"">
<style pagelayer-style-id=""trw3096"">.p-trw3096 .pagelayer-col-holder{padding: 10px}
.p-trw3096 > .pagelayer-background-overlay{-webkit-transition: all 400ms !important; transition: all 400ms !important}
.p-trw3096 .pagelayer-svg-top .pagelayer-shape-fill{fill:#227bc3}
.p-trw3096 .pagelayer-row-svg .pagelayer-svg-top{width:100%;height:100px}
.p-trw3096 .pagelayer-svg-bottom .pagelayer-shape-fill{fill:#e44993}
.p-trw3096 .pagelayer-row-svg .pagelayer-svg-bottom{width:100%;height:100px}
</style>
<div class=""pagelayer-row-holder pagelayer-row pagelayer-auto pagelayer-width-auto""><div class=""p-wwu6541 pagelayer-col pagelayer-col-2"" pagelayer-id=""wwu6541"">
<style pagelayer-style-id=""wwu6541"">.p-wwu6541{align-content: center !important}
.p-wwu6541 .pagelayer-col-holder > div:not(:last-child){margin-bottom: 15px}
.p-wwu6541 > .pagelayer-background-overlay{-webkit-transition: all 400ms !important; transition: all 400ms !important}
</style>
<div class=""pagelayer-col-holder""><div class=""p-ccj4284 pagelayer-post_content"" pagelayer-id=""ccj4284"">
<style pagelayer-style-id=""ccj4284"">.p-ccj4284{text-align: right}
</style><div class=""entry-content pagelayer-post-excerpt""><figure class=""wp-block-table""><table><tbody><tr><td>79633</td><td>طلاق کے احکام</td><td>تحریری طلاق  دینے کا بیان</td></tr></tbody></table></figure><div style=""direction:rtl;line-height: 2.5;""><h3 class=""has-text-align-center"">سوال</h3><p>میں نے اپنی بیوی کو رات کے وقت کال کی، اس نے کال نہ اٹھائی، میں نے پھر کال کی، اس نے پھر نہ اٹھائی، اس طرح میں نے تقریباً سو کالیں کی، مگر اس نے فون نہ اٹھایا، پھر میں نے اس کو میسج کیا کہ میں تمہیں طلاق دیتا ہوں، میں نے پھر دوسرا میسج کیا کہ میں تمہیں طلاق دیتا ہوں، پھر میں نے کال کی تو اس نے اٹھالی، اس کے بعد اس نے فون کاٹ دیا اور غلطی سے وہی سابقہ میسج دوبارہ بیوی کو سینڈ ہو گیا، حالانکہ میرا تیسری طلاق دینے کا کوئی ارادہ نہ تھا، میں اس پر حلفیہ بیان دے سکتا ہوں، اب میرے سسرال والے کہہ رہے ہیں کہ آپ فتوی لے آؤ تو ہم اپنی بیٹی کو بھیج دیں گے، لہذا آپ حضرات سے گزارش ہے کہ شریعت کی روشنی میں فتوی دے کر ممنون فرمائیں۔</p>
<p><strong>وضاحت: </strong>سائل نے فون پر بتایا کہ اصل میں فون بند ہونے کے بعد بھیجے گئے میسج اسکرین پر تھے، جس پر غلطی سے ہاتھ لگ کر دوبارہ میسج چلا گیا۔</p>
<h4 class=""has-text-align-center"">اَلجَوَابْ بِاسْمِ مُلْہِمِ الصَّوَابْ

</h4><p>صورت مسئولہ میں جب آپ نے اپنی بیوی کو دو مرتبہ میسج کیا کہ میں آپ کو طلاق دیتا ہوں تو اس سے آپ کی بیوی پر دو طلاقیں رجعی واقع ہو گئیں، جن کا حکم یہ ہے کہ عدت کے اندر رجوع  کرنا اور عدت گزرنے کے بعد نئے مہر كے ساتھ گواہوں کی موجودگی میں دوبارہ نکاح کرنا جائزہے۔</p>
<p>جہاں تک تیسری طلاق کا تعلق ہے توچونکہ آپ کے نمبر سے تیسری طلاق کا میسج بیوی کوموصول  ہواہے، اس لیے قضاءً تو تیسری طلاق واقع ہوگئی، یعنی اگر عورت عدالت سے فیصلہ کروانے کے لیے چلی جائے تو قاضی ان تین میسجز کا اعتبار کر کے تین طلاق کے وقوع کا حکم لگائے گا، اور فریقین کے لیے اس پر عمل کرنا واجب ہو گا،اس میں آپ کی نیت یا غلطی سے میسج بھیجے جانے کا اعتبار نہیں کیا جائے گا، کیونکہ قاضی شرعی اعتبار سےظاہری صورتِ حال کے مطابق فیصلہ کرنے کا پابند ہوتا ہے۔</p>
<p>البتہ تیسری طلاق کے دیانتاً (اللہ اور بندے کے درمیان شرعی حکم) وقوع کا حکم یہ ہے کہ اگر  آپ اپنے بیان پر حلفیہ بیان دے سکتے ہیں، جیسا کہ سوال میں مذکور ہے تو عورت آپ سے اس بات پر قسم لےلے کہ آپ نے قصداً یہ میسج نہیں بھیجا، بلکہ غلطی سے ارسال ہو گیا تھا اور اس کو آپ کی بات پر اعتماد آجائے تو اس صورت میں  آپ کی بیوی  پردیانتاً تیسری طلاق واقع نہیں ہوگی اورآپ کی بیوی اس کے مطابق عمل کر سکتی ہے، فقہائے کرام رحمہم اللہ کی عبارات میں اس کی نظیر  طلاق کے الفاظ میں سبقت لسانی یعنی  بلا اختیارغلطی سے لفظِ طلاق زبان سے نکل جانے کی مذکور ہے، اس میں  فقہائے کرام رحمہم اللہ نے صراحت کی ہے کہ مخطی یعنی غلطی سے طلاق دینے والے کی طلاق قضاءً واقع ہوگی، دیانتاً نہیں ہو گی۔</p>
<p>جہاں تک ""المرٲة کالقاضی"" کے اصول کا تعلق ہے تو اس کی تفصیل یہ ہے کہ جب عورت کو خاوند کے دعوی پر کامل یقین ہو اور خارجی قرائن سے بھی اس کا دعوی خلافِ ظاہر نہ ہو (كذا في فتاوى قاضيخان على الهندية:<span dir=""LTR"">218/1</span>)تو عورت قضاء القاضی بعلمہ کے ضابطے پر عمل کر سکتی ہے، جیسا کہ حضرت مفتی رشید احمد صاحب رحمہ اللہ نے ایک سوال کے جواب میں اس کی اجازت دی ہے، چنانچہ عبارت ملاحظہ فرمائیں:</p>
<p>""اگر بیوی کو حقیقتِ امر کا کامل یقین ہو اور اس کا قلب پورے طور پر مطمئن ہو کہ شوہر نے سینکڑوں طلاقوں کی جھوٹی خبر دی ہے تو اس کا شوہر کے ساتھ تجدیدِ نکاح کرنا جائز ہے، اس لیے کہ طلاق کی جھوٹی خبر سے قضاءً وقوعِ طلاق کا حکم مظنہٴ تہمت ہونے کی بناء پر ہے۔۔۔۔۔عورت پر حقیقتِ حال واضح ہونے کی صورت میں اس کے حق میں مظنہٴ تہمت نہیں، لہذا اس کے لیے حرمت بھی ثابت نہ ہوگی، ""المرٲة کالقاضی"" کا مقتضی بھی یہی ہے، اس لیے قضاء بعلمہ میں یہ تفصیل ہے کہ خالص حدود اللہ میں جائز نہیں اورغیر حدود میں عند المتقدمین جائز ہے اور متاخرین نے فسادِ زمانہ کی وجہ سے اس کو ناجائز قرار دیا ہے، اس علت کا اثر صرف غير كے ليے قضاء پر پڑتا ہے، خود اپنی ذات کے لیے حکم معلوم کرنے پر اس کا کوئی اثر نہیں پڑتا، لہذا اپنے لیے اپنے علم کے مطابق عمل کرنا جائز ہے۔""</p>
<p>   <strong>(احسن الفتاوی: ج:5ص:161)</strong></p>
<p>فقہائے کرام رحمہم اللہ کی عبارات میں عورت کا اپنے علم کے مطابق عمل کرنے کی ایک نظیر خاوندسے تین طلاق کے الفاظ سننے کی بھی ہے، کیونکہ ایسی صورت میں عورت کے پاس گواہ نہ ہونے پر اگرچہ قاضی خاوند کے حق میں فیصلہ کر دے تو بھی عورت کے حق میں حلت ثابت نہ ہو گی، بلکہ عورت اپنے علم کے مطابق عمل کرنے کی پابند ہوگی۔ دوسری نظیرحرمتِ مصاہرت کے مسئلہ میں اگرخاونداپنے بیٹے کی بیوی کا بوسہ لے لے اور عدمِ شہوت کا دعوی کرے تو عورت اس سے قسم لے کر اس کے مطابق عمل کرسکتی ہے۔ بشرطیکہ دعوی خلافِ ظاہر نہ ہو اور اس کا دل  خاوندکی بات پرمکمل طور پر مطمئن ہو۔ اسی طرح جب عورت شوہرکے بیٹے کی پیشانی کا بوسہ لے لے اور پھر عدمِ شہوت کا دعوی کرے تو خاوند عورت سے قسم لے کر اس کواپنے پاس ٹھہرا سکتا ہے۔</p>
<p>يہ بھی واضح رہے کہ سوال میں ذکر کی گئی صورتِ حال میں چونکہ دو طلاقیں واقع ہو چکی ہیں، اس لیے آئندہ طلاق کے معاملے میں بہت احتیاط کی ضرورت ہو گی، لہذا اگر آئندہ مزید ایک طلاق بھی دے دی تو تین طلاقیں واقع ہونے کی وجہ سے حرمتِ مغلظہ ثابت ہو جائے گی اور پھربغیرحلالہ کے دوبارہ نکاح کرنا بھی جائز نہیں ہو گا۔</p>
</div><h6 class=""has-text-align-right"">حوالہ جات</h6><div style=""direction: rtl;font-family: Amiri;
    
     font-size: 13px; font-weight: 400;""><p><strong>الدر المختار وحاشية ابن عابدين (3/ 241) دار الفكر-بيروت:</strong></p>
<p>(أو مخطئا) بأن أراد التكلم بغير الطلاق فجرى على لسانه الطلاق أو تلفظ به غير عالم بمعناه أو غافلا أو ساهيا - أو بألفاظ مصحفة يقع قضاء فقط، بخلاف الهازل واللاعب فإنه يقع قضاء وديانة لأن الشارع جعل هزله به جدا فتح.</p>
<p><strong>قال ابن عابدين:</strong> (قوله بأن أراد التكلم بغير الطلاق) بأن أراد أن يقول: سبحان الله فجرى على لسانه أنت طالق تطلق لأنه صريح لا يحتاج إلى النية، لكن في القضاء كطلاق الهازل واللاعب ط عن المنح، وقوله كطلاق الهازل واللاعب مخالف لما قدمناه ولما يأتي قريبا.</p>
<p>وفي الفتح القدير عن الحاوي معزيا إلى الجامع الصغير أن أسدا سأل عمن أراد أن يقول زينب طالق فجرى على لسانه عمرة على أيهما يقع الطلاق؟ فقال: في القضاء تطلق التي سمى وفيما بينه وبين الله تعالى لا تطلق واحدة منهما، أما التي سمى فلأنه لم يردها، وأما غيرها فلأنها لو طلقت طلقت بمجرد النية.</p>
<p><strong>فتح القدير للكمال ابن الهمام (4/ 5)باب إيقاع الطلاق، </strong> <strong>دار الفكر:</strong></p>
<p>وفي النسفي قال أبو حنيفة: لا يجوز الغلط في الطلاق، وهو ما إذا أراد أن يقول اسق فسبق لسانه بالطلاق ولو كان بالعتاق يدين، وقال أبو يوسف: لا يجوز الغلط فيهما.</p>
<p>وفي الخلاصة أيضا: قالت لزوجها: اقرأ علي اعتدي أنت طالق ثلاثا ففعل طلقت ثلاثا في القضاء لا فيما بينه وبين الله تعالى إذا لم يعلم الزوج ولم ينو، وهذا يوافق ما في المنصوري، ويخالف مقتضى ما ذكره آنفا من مسألة التلقين بالعربية، <strong>والذي يظهر من الشرع أن لا يقع بلا قصد لفظ الطلاق عند الله تعالى، وقوله فيمن سبق لسانه واقع: أي في القضاء، وقد يشير إليه قوله ولو كان بالعتاق يدين، بخلاف الهازل لأنه مكابر باللفظ فيستحق التغليظ، وسيذكر في أنت طالق إذا نوى به الطلاق من الوثاق يدين فيما بينه وبين الله تعالى مع أنه أصرح صريح في الباب ثم لم يعارض ذلك قوله ولا يحتاج إلى النية لأن المعنى لا يحتاج إلى النية: يعني اللفظ بعد القصد إلى اللفظ.</strong></p>
<p><strong>والحاصل أنه إذا قصد السبب عالما بأنه سبب رتب الشرع حكمه عليه أراده أو لم يرده إلا إن أراد ما يحتمله. وأما أنه إذا لم يقصده أو لم يدر ما هو فيثبت الحكم عليه شرعا وهو غير راض بحكم اللفظ ولا باللفظ فمما ينبو عنه قواعد الشرع، وقد قال تعالى {لا يؤاخذكم الله باللغو في أيمانكم} [البقرة: 225] وفسر بأمرين: أن يحلف على أمر يظنه كما قال مع أنه قاصد للسبب عالم بحكمه فإلغاؤه لغلطه في ظن المحلوف عليه، والآخر أن يجري على لسانه بلا قصد إلى</strong> <strong>اليمين كلا والله بلى والله، فرفع حكمه الدنيوي من الكفارة لعدم قصده إليه، فهذا تشريع لعباده أن لا يرتبوا الأحكام على الأسباب التي لم تقصد، وكيف ولا فرق بينه وبين النائم عند العليم الخبير من حيث إنه </strong></p>
<p><strong>لا قصد له إلى اللفظ ولا حكمه وإنما لا يصدقه غير العليم وهو القاضي.وفي الحاوي معزیا إلى الجامع الصغیر أن أسدا سأل عمن أراد أن يقول: زينب طالق فجرى على لسانه عمرة على أيهما يقع الطلاق، فقال في القضاء: تطلق التي سماها، وفيما بينه وبين الله تعالى لا تطلق واحدة منهما، أما التي سماها فلأنه لم يردها، وأما غيرها فلأنها لو طلقت طلقت بمجرد النية فهذا صريح.</strong></p>
<p><strong>فتاوى قاضيخان على الهندية:(</strong><strong><span dir=""LTR"">218/1</span></strong><strong>) دارالفكر، بيروت:</strong></p>
<p>(قوله دين) أى تصح نيته في مابينه وبين ربه تعالى؛ لأنه نوى مايحتمله لفظه فيفتيه المفتي بعدم الوقوع، أما القاضي فلا يصدّقه ويقضي عليه بالوقوع؛ لأنه خلاف الظاهر بلا قرينة.</p>
<p><strong>المحيط البرهاني في الفقه النعماني (3/ 67)</strong> <strong>دار الكتب العلمية، بيروت</strong><strong>:</strong></p>
<p>في نكاح «المنتقى» في باب ما يبطل المهر بعقد أحد الزوجين: إذا قبل امرأة ابنه بشهوة، أو قبل الأب امرأة ابنه بشهوة وهي مكرهة، وأنكر الزوج أن يكون ذلك عن شهوة فالقول قول الزوج؛ لأنه ينكر بطلان ملكه، وإن صدقه الزوج أنه كان عن شهوة وقعت الفرقة ويجب المهر على الزوج.</p>
</div><p>محمد نعمان خالد</p>
<p>دارالافتاء جامعة الرشیدکراچی</p>
<p>یکم شعبان المعظم 1444ھ</p>
<h6 class=""has-text-align-center"">
واللہ سبحانہ وتعالی اعلم
</h6><figure class=""wp-block-table""><table><tbody><tr><td><h3>مجیب</h3></td><td>محمد نعمان خالد</td><td><h3>مفتیان</h3></td><td>مفتی محمد صاحب / سیّد عابد شاہ صاحب / سعید احمد حسن صاحب</td></tr></tbody></table></figure></div></div></div></div></div></div><div class=""p-wl6689 pagelayer-inner_row pagelayer-row-stretch-auto pagelayer-height-default"" pagelayer-id=""wl6689"">
<style pagelayer-style-id=""wl6689"">.p-wl6689 .pagelayer-col-holder{padding: 10px}
.p-wl6689 > .pagelayer-background-overlay{-webkit-transition: all 400ms !important; transition: all 400ms !important}
.p-wl6689 .pagelayer-svg-top .pagelayer-shape-fill{fill:#227bc3}
.p-wl6689 .pagelayer-row-svg .pagelayer-svg-top{width:100%;height:100px}
.p-wl6689 .pagelayer-svg-bottom .pagelayer-shape-fill{fill:#e44993}
.p-wl6689 .pagelayer-row-svg .pagelayer-svg-bottom{width:100%;height:100px}
</style>
<div class=""pagelayer-row-holder pagelayer-row pagelayer-auto pagelayer-width-auto""><div class=""p-jzl6522 pagelayer-col pagelayer-col-6"" pagelayer-id=""jzl6522"">
<style pagelayer-style-id=""jzl6522"">.p-jzl6522{align-content: center !important}
.p-jzl6522 .pagelayer-col-holder > div:not(:last-child){margin-bottom: 15px}
.p-jzl6522 > .pagelayer-background-overlay{-webkit-transition: all 400ms !important; transition: all 400ms !important}
</style>
<div class=""pagelayer-col-holder""><div class=""p-xsb5673 pagelayer-share_grp pagelayer-share-type-icon-label pagelayer-social-bg-none pagelayer-scheme-official"" pagelayer-id=""xsb5673"">
<style pagelayer-style-id=""xsb5673"">.p-xsb5673{text-align: right}
.p-xsb5673 .pagelayer-share-content{min-height: 35px;-webkit-transition: all 400ms; transition: all 400ms}
.p-xsb5673 i{font-size: 27px}
.p-xsb5673 .pagelayer-icon-holder{font-size: 27px}
.p-xsb5673 .pagelayer-share-content i{-webkit-transition: all 400ms; transition: all 400ms}
.p-xsb5673 .pagelayer-icon-name{font-family: Roboto; font-size: 15px !important; font-style:  !important; font-weight: 500 !important; font-variant:  !important; text-decoration-line:  !important; text-decoration-style:  !important; line-height: em !important; text-transform:  !important; letter-spacing: px !important; word-spacing: px !important}
@media (max-width: 768px) and (min-width: 501px){.p-xsb5673{text-align: left}
.p-xsb5673 .pagelayer-share{padding-top: 10px; padding-bottom: 10px;padding-left: 10px; padding-right: 10px}
.p-xsb5673 i{font-size: 20px}
.p-xsb5673 .pagelayer-icon-holder{font-size: 20px}
.p-xsb5673 .pagelayer-icon-name{font-family: ; font-size: 13px !important; font-style:  !important; font-weight:  !important; font-variant:  !important; text-decoration-line:  !important; text-decoration-style:  !important; line-height: em !important; text-transform:  !important; letter-spacing: px !important; word-spacing: px !important}
}
@media (max-width: 500px){.p-xsb5673{text-align: left}
.p-xsb5673 .pagelayer-share{padding-top: 10px; padding-bottom: 10px;padding-left: 10px; padding-right: 10px}
.p-xsb5673 .pagelayer-share-content{min-height: NaNpx}
.p-xsb5673 i{font-size: 20px}
.p-xsb5673 .pagelayer-icon-holder{font-size: 20px}
.p-xsb5673 .pagelayer-icon-name{font-family: ; font-size: 13px !important; font-style:  !important; font-weight:  !important; font-variant:  !important; text-decoration-line:  !important; text-decoration-style:  !important; line-height: em !important; text-transform:  !important; letter-spacing: px !important; word-spacing: px !important}
}
</style><div class=""p-9mh2934 pagelayer-share"" pagelayer-id=""9mh2934"">
<a class=""pagelayer-ele-link"" href=""https://www.facebook.com/sharer/sharer.php?u=almuftionline.com/2022/02/21/9311/"" target=""_blank"" title=""fab fa-facebook-square"">
<div class=""pagelayer-share-content pagelayer-facebook-square"" data-icon=""fab fa-facebook-square"">
<div class=""pagelayer-icon-holder pagelayer-share-buttons"">
<i class=""pagelayer-social-fa fab fa-facebook-square""></i>
</div>
<div class=""pagelayer-icon-name"">
<span class=""pagelayer-icon-name-span"">Facebook</span>
</div>
</div>
</a></div><div class=""p-rai4926 pagelayer-share"" pagelayer-id=""rai4926"">
<a class=""pagelayer-ele-link"" href=""https://twitter.com/share?url=almuftionline.com/2022/02/21/9311/"" target=""_blank"" title=""fab fa-twitter-square"">
<div class=""pagelayer-share-content pagelayer-twitter-square"" data-icon=""fab fa-twitter-square"">
<div class=""pagelayer-icon-holder pagelayer-share-buttons"">
<i class=""pagelayer-social-fa fab fa-twitter-square""></i>
</div>
<div class=""pagelayer-icon-name"">
<span class=""pagelayer-icon-name-span"">Twitter</span>
</div>
</div>
</a></div><div class=""p-ndy3728 pagelayer-share"" pagelayer-id=""ndy3728"">
<a class=""pagelayer-ele-link"" href=""whatsapp://send?text=almuftionline.com/2022/02/21/9311/"" target=""_blank"" title=""fab fa-whatsapp"">
<div class=""pagelayer-share-content pagelayer-whatsapp"" data-icon=""fab fa-whatsapp"">
<div class=""pagelayer-icon-holder pagelayer-share-buttons"">
<i class=""pagelayer-social-fa fab fa-whatsapp""></i>
</div>
<div class=""pagelayer-icon-name"">
<span class=""pagelayer-icon-name-span"">WhatsApp</span>
</div>
</div>
</a></div></div></div></div></div></div><div class=""p-zqp4850 pagelayer-inner_row pagelayer-row-stretch-auto pagelayer-height-default"" pagelayer-id=""zqp4850"">
<style pagelayer-style-id=""zqp4850"">.p-zqp4850 .pagelayer-col-holder{padding: 10px}
.p-zqp4850 > .pagelayer-background-overlay{-webkit-transition: all 400ms !important; transition: all 400ms !important}
.p-zqp4850 .pagelayer-svg-top .pagelayer-shape-fill{fill:#227bc3}
.p-zqp4850 .pagelayer-row-svg .pagelayer-svg-top{width:100%;height:100px}
.p-zqp4850 .pagelayer-svg-bottom .pagelayer-shape-fill{fill:#e44993}
.p-zqp4850 .pagelayer-row-svg .pagelayer-svg-bottom{width:100%;height:100px}
</style>
<div class=""pagelayer-row-holder pagelayer-row pagelayer-auto pagelayer-width-auto""><div class=""p-q725202 pagelayer-col pagelayer-col-2"" pagelayer-id=""q725202"">
<style pagelayer-style-id=""q725202"">.p-q725202{align-content: center !important}
.p-q725202 .pagelayer-col-holder > div:not(:last-child){margin-bottom: 15px}
.p-q725202 > .pagelayer-background-overlay{-webkit-transition: all 400ms !important; transition: all 400ms !important}
</style>
<div class=""pagelayer-col-holder""><div class=""p-55r4448 pagelayer-post_nav"" pagelayer-id=""55r4448"">
<style pagelayer-style-id=""55r4448"">.p-55r4448 .pagelayer-post-nav-link{color:#adb5bd;font-family:  !important; font-size: 15px !important; font-style:  !important; font-weight:  !important; font-variant:  !important; text-decoration-line:  !important; text-decoration-style:  !important; line-height: em !important; text-transform:  !important; letter-spacing: px !important; word-spacing: px !important}
.p-55r4448 .pagelayer-post-nav-title{color:#000000;font-family:  !important; font-size: 18px !important; font-style:  !important; font-weight: bold !important; font-variant:  !important; text-decoration-line:  !important; text-decoration-style: Solid !important; line-height: em !important; text-transform:  !important; letter-spacing: px !important; word-spacing: px !important}
.p-55r4448 .pagelayer-post-nav-icon{color:#adb5bd;font-size:30px}
.p-55r4448 .pagelayer-post-nav-separator{display:none}
@media (max-width: 768px) and (min-width: 501px){.p-55r4448 .pagelayer-post-nav-link{font-family:  !important; font-size: 12px !important; font-style:  !important; font-weight:  !important; font-variant:  !important; text-decoration-line:  !important; text-decoration-style: Solid !important; line-height: em !important; text-transform:  !important; letter-spacing: px !important; word-spacing: px !important}
.p-55r4448 .pagelayer-post-nav-title{font-family:  !important; font-size: 15px !important; font-style:  !important; font-weight:  !important; font-variant:  !important; text-decoration-line:  !important; text-decoration-style: Solid !important; line-height: em !important; text-transform:  !important; letter-spacing: px !important; word-spacing: px !important}
}
@media (max-width: 500px){.p-55r4448 .pagelayer-post-nav-link{font-family:  !important; font-size: 12px !important; font-style:  !important; font-weight:  !important; font-variant:  !important; text-decoration-line:  !important; text-decoration-style: Solid !important; line-height: em !important; text-transform:  !important; letter-spacing: px !important; word-spacing: px !important}
.p-55r4448 .pagelayer-post-nav-title{font-family:  !important; font-size: 12px !important; font-style:  !important; font-weight:  !important; font-variant:  !important; text-decoration-line:  !important; text-decoration-style: Solid !important; line-height: em !important; text-transform:  !important; letter-spacing: px !important; word-spacing: px !important}
}
</style><div class=""pagelayer-post-nav-container"">
<div class=""pagelayer-prev-post"">
<a href=""https://almuftionline.com/2022/02/21/9212/"" rel=""prev""><span class=""pagelayer-post-nav-icon fa fa-chevron-left""></span>
<span class=""pagelayer-next-holder"">
<span class=""pagelayer-post-nav-link""> Previous</span><span class=""pagelayer-post-nav-title"">تین طلاق کے کاغذ پر خلع کا کاغذ سمجھ کر دستخط کرنا</span>
</span></a>
</div>
<div class=""pagelayer-post-nav-separator""></div>
<div class=""pagelayer-next-post"">
<a href=""https://almuftionline.com/2022/02/22/7762/"" rel=""next""><span class=""pagelayer-next-holder"">
<span class=""pagelayer-post-nav-link""> Next</span><span class=""pagelayer-post-nav-title"">تخارج میں طے شدہ چیزیں وقت پر نہ دینے کی تلافی کیسے ہوگی؟</span>
</span>
<span class=""pagelayer-post-nav-icon fa fa-chevron-right""></span></a>
</div>
</div></div></div></div></div></div></div>"
2022-02-21,https://almuftionline.com/2022/02/21/9212/,تین طلاق کے کاغذ پر خلع کا کاغذ سمجھ کر دستخط کرنا,<p><strong>شوہر کا بیان: </strong>ميں نعمان عادل الله رب العزت كو حاضر ناظر جان كر جو بات كہوں گا، سچ کہوں گا۔</p><p>میری بیوی انعم نعمان نے مجھے سوتے ہوئے اٹھا کرکاغذات پر دستخط کروائے اور میرے علم میں قطعا نہیں تھا کہ اس میں کیا تحریر ہے؟ ہاں یہ میری غلطی ہے کہ مجھے پڑھنا چاہیے تھا۔ نیز میں نے نہ ان کو کاغذات بنوانے کا کہا اور نہ خود بنائے، بلکہ ان کی دوست نے بنوا کر بھیجے تھے۔ میں بالکل طلاق دینا نہیں چاہتا تھا، البتہ بخدا  یہ میرے علم میں تھا کہ یہ خلع کے کاغذات ہیں، میں نے اس پر دستخط اس لیے کیے تھے تاکہ اگر کورٹ کچہری جانا پڑا تو سمجھا کر معاملہ ٹھیک کر لوں گا۔ اس کا شرعی حکم بتایے، ہم ایک دوسرے سے بالکل علیحدگی نہیں چاہتے، اسی لیے تو میں نے دوسری بیوی کو طلاق دی تھی۔</p><p><strong>بيو</strong><strong>ی کا بیان</strong><strong>: </strong>میرے شوہر نے چھ ماہ قبل مجھ سے چھپ کر دوسرا نکاح کیا، جب مجھے اس نکاح کا علم ہوا تو میں اپنے والدین کے گھر چلی گئی، میرے شوہر منانے کے لیے آئے اور انہوں نے میرے سامنے دوسری بیوی کو دو تین طلاقیں دے دیں، اس کے بعد ہم اپنے گھر آگئے، لیکن میرے شوہر کا دوسری بیوی سے رابطہ رہا۔ اس کی وجہ سے ہمارے درمیان جھگڑے رہنے لگے، ایک دن کافی زیادہ جھگڑا ہوا، میں نے اپنی دوست کو فون کیا کہ مجھے خلع کے کاغذات بنا کر بھیج دیں، اس نےکاغذات بنا کر بھیج دیے، میں اللہ کو حاضر ناظر جان کر بول رہی ہوں کہ مجھے علم نہیں تھا کہ اس میں کیا لکھا ہے اور نہ ہی میرے شوہر کو علم تھا، میں نے اس کو سوتے میں اٹھا کر دستخظ کروائے تھے۔</p>,"<h4 class=""has-text-align-center"">اَلجَوَابْ بِاسْمِ مُلْہِمِ الصَّوَابْ

</h4><p>صورتِ مسئولہ میں اگر واقعتاً آپ کے علم میں نہیں تھا کہ مذکورہ کاغذ پر تین طلاق کے الفاظ لکھے ہیں اور نہ ہی آپ کی طلاق دینے کی نیت تھی، جیساکہ سوال میں آپ نے حلفاً ذکر کیا ہے تو اس صورت میں آپ کی بیوی پر  دیانتاً تین طلاقیں واقع نہیں ہوئیں، کیونکہ طلاق کے وقوع کےلیے  زبانی یا تحریری طور پر لفظِ طلاق کا صدورہونا ضروری ہے، جبکہ مذکورہ صورت میں آپ کو طلاق کے الفاظ کا علم نہ ہونے کی وجہ سے آپ کی طرف سے طلاق کا قصد اور ارادہ نہیں پایا گیا، لہذا عورت کو اگر آپ کے حلفیہ بیان پر یقین ہو تو وہ اس کے مطابق عمل کر سکتی ہے۔(اس مسئلے كی بناء در اصل قضاء القاضی بعلمہ ہے، جو کہ متقدمین کے نزدیک غیر حدود میں جائز ہے اور متاخرین نے اگرچہ فسادِ زمانہ کی وجہ سے اس کو ناجائز قرار دیا ہے، اس علت کا اثر صرف غير كے ليے قضاء پر پڑتا ہے، خود اپنی ذات کے لیے حکم معلوم کرنے پر اس کا کوئی اثر نہیں پڑتا، لہذا اپنے لیے اپنے علم کے مطابق عمل کرنا جائز ہے، کذا فی احسن الفتاوی: ج:5ص:161)</p><p> تاہم چونکہ آپ نے کاغذ پر خلع کے کاغذات سمجھ کر دستخط کیے ہیں اور خلع بھی طلاق کی ایک قسم ہے، اس لیے مسئولہ صورت میں ایک طلاقِ بائن واقع ہونے کا غلب اندیشہ ہے، جس سے نکاح ختم ہو جاتا ہے، اس لیے آپ نکاح کی تجدید کریں اور آئندہ کے لیے طلاق کے معاملے میں احتیاط کریں۔</p><h6 class=""has-text-align-right"">حوالہ جات</h6><div style=""direction: rtl;font-family: Amiri;
    
     font-size: 13px; font-weight: 400;""><p><strong>الفتاوى الهندية (1/ 379)</strong> <strong>دار الفكر،بيروت:</strong></p>
<p>وكذلك كل كتاب لم يكتبه بخطه ولم يمله بنفسه لا يقع به الطلاق إذا لم يقر أنه كتابه كذا في المحيط والله أعلم بالصواب.</p>
<p>    <strong>فتح القدير للكمال ابن الهمام (4/ 5)باب إيقاع الطلاق، </strong> <strong>دار الفكر:</strong></p>
<p>وفي الخلاصة أيضا: قالت لزوجها: اقرأ علي اعتدي أنت طالق ثلاثا ففعل طلقت ثلاثا في القضاء لا فيما بينه وبين الله تعالى إذا لم يعلم الزوج ولم ينو، وهذا يوافق ما في المنصوري، ويخالف مقتضى ما ذكره آنفا من مسألة التلقين بالعربية، <strong>والذي يظهر من الشرع أن لا يقع بلا قصد لفظ الطلاق عند الله تعالى، وقوله فيمن سبق لسانه واقع: أي في القضاء، وقد يشير إليه قوله ولو كان بالعتاق يدين، بخلاف الهازل لأنه مكابر باللفظ فيستحق التغليظ، وسيذكر في أنت طالق إذا نوى به الطلاق من الوثاق يدين فيما بينه وبين الله تعالى مع أنه أصرح صريح في الباب ثم لم يعارض ذلك قوله ولا يحتاج إلى النية لأن المعنى لا يحتاج إلى النية: يعني اللفظ بعد القصد إلى اللفظ.</strong></p>
<p><strong>والحاصل أنه إذا قصد السبب عالما بأنه سبب رتب الشرع حكمه عليه أراده أو لم يرده إلا إن أراد ما يحتمله. وأما أنه إذا لم يقصده أو لم يدر ما هو فيثبت الحكم عليه شرعا وهو غير راض بحكم اللفظ ولا باللفظ فمما ينبو عنه قواعد الشرع، وقد قال تعالى {لا يؤاخذكم الله باللغو في أيمانكم} [البقرة: 225] وفسر بأمرين: أن يحلف على أمر يظنه كما قال مع أنه قاصد للسبب عالم بحكمه فإلغاؤه لغلطه في ظن المحلوف عليه، والآخر أن يجري على لسانه بلا قصد إلى</strong> <strong>اليمين كلا والله بلى والله، فرفع حكمه الدنيوي من الكفارة لعدم قصده إليه، فهذا تشريع لعباده أن لا يرتبوا الأحكام على الأسباب التي لم تقصد، وكيف ولا فرق بينه وبين النائم عند العليم الخبير من حيث إنه لا قصد له إلى اللفظ ولا حكمه وإنما لا يصدقه غير العليم وهو القاضي.</strong></p>
<p> </p>
<p> </p>
<p><strong>تحفة الفقهاء (2/ 199)</strong> <strong>دار الكتب العلمية، بيروت:</strong></p>
<p>الخلع طلاق عندناوقال الشافعي هو فسخ في أحد القولين ولهذا قلنا إن من قال لامرأته خالعتك ولم يذكر العوض ونوى الطلاق كان طلاقا بائنا.</p>
<p><strong>الدر المختار معحاشية ابن عابدين (5/ 438)</strong> <strong>دار الفكر-بيروت:</strong></p>
<p><strong>(و) اعلم أن (الكتابة بعلمه كالقضاء بعلمه) في الأصح بحر فمن جوزه جوزها</strong> <strong>ومن لا فلا إلا أن المعتمد عدم حكمه بعلمه في زماننا أشباه وفيها الإمام يقضي بعلمه في حد قذف وقود وتعزير. قلت: فهل الإمام قيد كما قدمناه في الحدود؟ لم أره لكن في شرح الوهبانية للشرنبلالي والمختار الآن عدم حكمه بعلمه مطلقا كما لا يقضي بعلمه في الحدود الخالصة لله تعالى كزنا وخمر مطلقا غير أنه يعزر من به أثر السكر للتهمة وعن الإمام إن علم القاضي في طلاق وعتاق وغصب يثبت الحيلولة على وجه الحسبة لا القضاء.</strong></p>
<p> </p>
<p> </p>
</div><p>محمد نعمان خالد</p><p>دارالافتاء جامعة الرشیدکراچی</p><p>29/رجب المرجب 1444ھ</p><h6 class=""has-text-align-center"">
واللہ سبحانہ وتعالی اعلم
</h6><figure class=""wp-block-table""><table><tbody><tr><td><h3>مجیب</h3></td><td>محمد نعمان خالد</td><td><h3>مفتیان</h3></td><td>مفتی محمد صاحب / سیّد عابد شاہ صاحب / محمد حسین خلیل خیل صاحب</td></tr></tbody></table></figure>",79618,jameya-tur-rasheed,طلاق کے احکام,تحریری طلاق  دینے کا بیان,"<div class=""pagelayer-col-holder""><div class=""p-kgd1425 pagelayer-post_excerpt"" pagelayer-id=""kgd1425"">
<style pagelayer-style-id=""kgd1425"">.p-kgd1425 .pagelayer-post-excerpt{color:#adb5bd;font-family: ; font-size: 15px !important; font-style: Italic !important; font-weight: 500 !important; font-variant:  !important; text-decoration-line:  !important; text-decoration-style:  !important; line-height: 1.5em !important; text-transform:  !important; letter-spacing: px !important; word-spacing: px !important;margin-top:0px; margin-right:0px; margin-bottom:0px; margin-left:0px}
.p-kgd1425{text-align: left;margin-top: 0px; margin-right: 0px; margin-bottom: 0px; margin-left: 0px;padding-top: 0px; padding-right: 0px; padding-bottom: 0px; padding-left: 0px}
</style></div><div class=""p-4wb1030 pagelayer-featured_img"" pagelayer-id=""4wb1030"">
<style pagelayer-style-id=""4wb1030"">.p-4wb1030{text-align: center}
.p-4wb1030 img{filter: blur(0px) brightness(100%) contrast(100%) grayscale(0%) hue-rotate(0deg) opacity(100%) saturate(100%);box-shadow: 0px 24px 36px 0px rgba(0,0,0,0.10)  !important;-webkit-transition: all 400ms; transition: all 400ms}
.p-4wb1030 .pagelayer-featured-caption{color: #0986c0}
</style>
<div class=""pagelayer-featured-img""></div>
</div><div class=""p-f8n3612 pagelayer-inner_row pagelayer-row-stretch-auto pagelayer-height-default"" pagelayer-id=""f8n3612"">
<style pagelayer-style-id=""f8n3612"">.p-f8n3612 .pagelayer-col-holder{padding: 10px}
.p-f8n3612 > .pagelayer-background-overlay{-webkit-transition: all 400ms !important; transition: all 400ms !important}
.p-f8n3612 .pagelayer-svg-top .pagelayer-shape-fill{fill:#227bc3}
.p-f8n3612 .pagelayer-row-svg .pagelayer-svg-top{width:100%;height:100px}
.p-f8n3612 .pagelayer-svg-bottom .pagelayer-shape-fill{fill:#e44993}
.p-f8n3612 .pagelayer-row-svg .pagelayer-svg-bottom{width:100%;height:100px}
</style>
<div class=""pagelayer-row-holder pagelayer-row pagelayer-auto pagelayer-width-auto""><div class=""p-i795860 pagelayer-col pagelayer-col-4"" pagelayer-id=""i795860"">
<style pagelayer-style-id=""i795860"">.p-i795860{align-content: center !important}
.p-i795860 .pagelayer-col-holder > div:not(:last-child){margin-bottom: 15px}
.p-i795860 > .pagelayer-background-overlay{-webkit-transition: all 400ms !important; transition: all 400ms !important}
</style>
<div class=""pagelayer-col-holder""><div class=""p-qip3968 pagelayer-post_info"" pagelayer-id=""qip3968"">
<style pagelayer-style-id=""qip3968"">.p-qip3968 .pagelayer-post-info-vertical .pagelayer-post-info-list-container{margin-right:25px}
.p-qip3968 .pagelayer-post-info-horizontal .pagelayer-post-info-list-container{margin-bottom:25px}
.p-qip3968 .pagelayer-post-info-container{text-align:right}
.p-qip3968 .pagelayer-post-info-icon span{font-size:120%;color:#495057}
.p-qip3968 .pagelayer-post-info-list-container a{font-family: Roboto !important; font-size: 14px !important; font-style:  !important; font-weight: 500 !important; font-variant:  !important; text-decoration-line:  !important; text-decoration-style:  !important; line-height: 1.6em !important; text-transform:  !important; letter-spacing: px !important; word-spacing: px !important}
.p-qip3968 .pagelayer-post-info-label{color:#495057}
.p-qip3968 .pagelayer-post-info-label a{color:#495057}
.p-qip3968 .pagelayer-post-info-label:hover{color:#000000}
.p-qip3968 .pagelayer-post-info-label:hover a{color:#000000}
</style><div class=""pagelayer-post-info-container pagelayer-post-info-vertical""><div class=""p-xj43574 pagelayer-post_info_list"" pagelayer-id=""xj43574"">
<div class=""pagelayer-post-info-list-container"">
<a class=""pagelayer-post-info-list-link"" href=""https://almuftionline.com/2022/02/21/"">
<span class=""pagelayer-post-info-icon"">
<span class=""far fa-clock""></span>
</span>
<span class=""pagelayer-post-info-label pagelayer-date"">فروری 21, 2022</span>
</a>
</div></div></div></div></div></div><div class=""p-t2j1983 pagelayer-col pagelayer-col-7"" pagelayer-id=""t2j1983"">
<style pagelayer-style-id=""t2j1983"">.p-t2j1983{align-content: center !important}
.p-t2j1983 .pagelayer-col-holder > div:not(:last-child){margin-bottom: 15px}
.p-t2j1983 > .pagelayer-background-overlay{-webkit-transition: all 400ms !important; transition: all 400ms !important}
</style>
<div class=""pagelayer-col-holder""><div class=""p-dbq3916 pagelayer-post_info"" pagelayer-id=""dbq3916"">
<style pagelayer-style-id=""dbq3916"">.p-dbq3916 .pagelayer-post-info-container{text-align:right}
.p-dbq3916 .pagelayer-post-info-icon span{font-size:120%;color:#495057}
.p-dbq3916 .pagelayer-post-info-list-container a{font-family: Roboto !important; font-size: 14px !important; font-style:  !important; font-weight: 500 !important; font-variant:  !important; text-decoration-line:  !important; text-decoration-style:  !important; line-height: 1.6em !important; text-transform:  !important; letter-spacing: px !important; word-spacing: px !important}
.p-dbq3916 .pagelayer-post-info-label{color:#0072ff}
.p-dbq3916 .pagelayer-post-info-label a{color:#0072ff}
.p-dbq3916 .pagelayer-terms *{color:#f8952c !important;padding-top:5px; padding-right:10px; padding-bottom:5px; padding-left:10px;margin-top:0px; margin-right:5px; margin-bottom:0px; margin-left:5px;border-radius: 4px 4px 4px 4px; -webkit-border-radius:  4px 4px 4px 4px;-moz-border-radius: 4px 4px 4px 4px}
.p-dbq3916{padding-top: 0px; padding-right: 0px; padding-bottom: 0px; padding-left: 0px}
@media (max-width: 768px) and (min-width: 501px){.p-dbq3916 .pagelayer-post-info-container{text-align:left}
}
@media (max-width: 500px){.p-dbq3916 .pagelayer-post-info-container{text-align:left}
}
</style><div class=""pagelayer-post-info-container pagelayer-post-info-vertical""><div class=""p-wpv7212 pagelayer-post_info_list"" pagelayer-id=""wpv7212"">
<div class=""pagelayer-post-info-list-container"">
<span class=""pagelayer-post-info-icon"">
</span>
<span class=""pagelayer-post-info-label pagelayer-terms""> <a href=""https://almuftionline.com/category/fatwa/19/""> طلاق کے احکام </a></span>
</div></div></div></div></div></div></div></div><div class=""p-trw3096 pagelayer-inner_row pagelayer-row-stretch-auto pagelayer-height-default"" pagelayer-id=""trw3096"">
<style pagelayer-style-id=""trw3096"">.p-trw3096 .pagelayer-col-holder{padding: 10px}
.p-trw3096 > .pagelayer-background-overlay{-webkit-transition: all 400ms !important; transition: all 400ms !important}
.p-trw3096 .pagelayer-svg-top .pagelayer-shape-fill{fill:#227bc3}
.p-trw3096 .pagelayer-row-svg .pagelayer-svg-top{width:100%;height:100px}
.p-trw3096 .pagelayer-svg-bottom .pagelayer-shape-fill{fill:#e44993}
.p-trw3096 .pagelayer-row-svg .pagelayer-svg-bottom{width:100%;height:100px}
</style>
<div class=""pagelayer-row-holder pagelayer-row pagelayer-auto pagelayer-width-auto""><div class=""p-wwu6541 pagelayer-col pagelayer-col-2"" pagelayer-id=""wwu6541"">
<style pagelayer-style-id=""wwu6541"">.p-wwu6541{align-content: center !important}
.p-wwu6541 .pagelayer-col-holder > div:not(:last-child){margin-bottom: 15px}
.p-wwu6541 > .pagelayer-background-overlay{-webkit-transition: all 400ms !important; transition: all 400ms !important}
</style>
<div class=""pagelayer-col-holder""><div class=""p-ccj4284 pagelayer-post_content"" pagelayer-id=""ccj4284"">
<style pagelayer-style-id=""ccj4284"">.p-ccj4284{text-align: right}
</style><div class=""entry-content pagelayer-post-excerpt""><figure class=""wp-block-table""><table><tbody><tr><td>79618</td><td>طلاق کے احکام</td><td>تحریری طلاق  دینے کا بیان</td></tr></tbody></table></figure><div style=""direction:rtl;line-height: 2.5;""><h3 class=""has-text-align-center"">سوال</h3><p><strong>شوہر کا بیان: </strong>ميں نعمان عادل الله رب العزت كو حاضر ناظر جان كر جو بات كہوں گا، سچ کہوں گا۔</p>
<p>میری بیوی انعم نعمان نے مجھے سوتے ہوئے اٹھا کرکاغذات پر دستخط کروائے اور میرے علم میں قطعا نہیں تھا کہ اس میں کیا تحریر ہے؟ ہاں یہ میری غلطی ہے کہ مجھے پڑھنا چاہیے تھا۔ نیز میں نے نہ ان کو کاغذات بنوانے کا کہا اور نہ خود بنائے، بلکہ ان کی دوست نے بنوا کر بھیجے تھے۔ میں بالکل طلاق دینا نہیں چاہتا تھا، البتہ بخدا  یہ میرے علم میں تھا کہ یہ خلع کے کاغذات ہیں، میں نے اس پر دستخط اس لیے کیے تھے تاکہ اگر کورٹ کچہری جانا پڑا تو سمجھا کر معاملہ ٹھیک کر لوں گا۔ اس کا شرعی حکم بتایے، ہم ایک دوسرے سے بالکل علیحدگی نہیں چاہتے، اسی لیے تو میں نے دوسری بیوی کو طلاق دی تھی۔</p>
<p><strong>بيو</strong><strong>ی کا بیان</strong><strong>: </strong>میرے شوہر نے چھ ماہ قبل مجھ سے چھپ کر دوسرا نکاح کیا، جب مجھے اس نکاح کا علم ہوا تو میں اپنے والدین کے گھر چلی گئی، میرے شوہر منانے کے لیے آئے اور انہوں نے میرے سامنے دوسری بیوی کو دو تین طلاقیں دے دیں، اس کے بعد ہم اپنے گھر آگئے، لیکن میرے شوہر کا دوسری بیوی سے رابطہ رہا۔ اس کی وجہ سے ہمارے درمیان جھگڑے رہنے لگے، ایک دن کافی زیادہ جھگڑا ہوا، میں نے اپنی دوست کو فون کیا کہ مجھے خلع کے کاغذات بنا کر بھیج دیں، اس نےکاغذات بنا کر بھیج دیے، میں اللہ کو حاضر ناظر جان کر بول رہی ہوں کہ مجھے علم نہیں تھا کہ اس میں کیا لکھا ہے اور نہ ہی میرے شوہر کو علم تھا، میں نے اس کو سوتے میں اٹھا کر دستخظ کروائے تھے۔</p>
<h4 class=""has-text-align-center"">اَلجَوَابْ بِاسْمِ مُلْہِمِ الصَّوَابْ

</h4><p>صورتِ مسئولہ میں اگر واقعتاً آپ کے علم میں نہیں تھا کہ مذکورہ کاغذ پر تین طلاق کے الفاظ لکھے ہیں اور نہ ہی آپ کی طلاق دینے کی نیت تھی، جیساکہ سوال میں آپ نے حلفاً ذکر کیا ہے تو اس صورت میں آپ کی بیوی پر  دیانتاً تین طلاقیں واقع نہیں ہوئیں، کیونکہ طلاق کے وقوع کےلیے  زبانی یا تحریری طور پر لفظِ طلاق کا صدورہونا ضروری ہے، جبکہ مذکورہ صورت میں آپ کو طلاق کے الفاظ کا علم نہ ہونے کی وجہ سے آپ کی طرف سے طلاق کا قصد اور ارادہ نہیں پایا گیا، لہذا عورت کو اگر آپ کے حلفیہ بیان پر یقین ہو تو وہ اس کے مطابق عمل کر سکتی ہے۔(اس مسئلے كی بناء در اصل قضاء القاضی بعلمہ ہے، جو کہ متقدمین کے نزدیک غیر حدود میں جائز ہے اور متاخرین نے اگرچہ فسادِ زمانہ کی وجہ سے اس کو ناجائز قرار دیا ہے، اس علت کا اثر صرف غير كے ليے قضاء پر پڑتا ہے، خود اپنی ذات کے لیے حکم معلوم کرنے پر اس کا کوئی اثر نہیں پڑتا، لہذا اپنے لیے اپنے علم کے مطابق عمل کرنا جائز ہے، کذا فی احسن الفتاوی: ج:5ص:161)</p>
<p> تاہم چونکہ آپ نے کاغذ پر خلع کے کاغذات سمجھ کر دستخط کیے ہیں اور خلع بھی طلاق کی ایک قسم ہے، اس لیے مسئولہ صورت میں ایک طلاقِ بائن واقع ہونے کا غلب اندیشہ ہے، جس سے نکاح ختم ہو جاتا ہے، اس لیے آپ نکاح کی تجدید کریں اور آئندہ کے لیے طلاق کے معاملے میں احتیاط کریں۔</p>
</div><h6 class=""has-text-align-right"">حوالہ جات</h6><div style=""direction: rtl;font-family: Amiri;
    
     font-size: 13px; font-weight: 400;""><p><strong>الفتاوى الهندية (1/ 379)</strong> <strong>دار الفكر،بيروت:</strong></p>
<p>وكذلك كل كتاب لم يكتبه بخطه ولم يمله بنفسه لا يقع به الطلاق إذا لم يقر أنه كتابه كذا في المحيط والله أعلم بالصواب.</p>
<p>    <strong>فتح القدير للكمال ابن الهمام (4/ 5)باب إيقاع الطلاق، </strong> <strong>دار الفكر:</strong></p>
<p>وفي الخلاصة أيضا: قالت لزوجها: اقرأ علي اعتدي أنت طالق ثلاثا ففعل طلقت ثلاثا في القضاء لا فيما بينه وبين الله تعالى إذا لم يعلم الزوج ولم ينو، وهذا يوافق ما في المنصوري، ويخالف مقتضى ما ذكره آنفا من مسألة التلقين بالعربية، <strong>والذي يظهر من الشرع أن لا يقع بلا قصد لفظ الطلاق عند الله تعالى، وقوله فيمن سبق لسانه واقع: أي في القضاء، وقد يشير إليه قوله ولو كان بالعتاق يدين، بخلاف الهازل لأنه مكابر باللفظ فيستحق التغليظ، وسيذكر في أنت طالق إذا نوى به الطلاق من الوثاق يدين فيما بينه وبين الله تعالى مع أنه أصرح صريح في الباب ثم لم يعارض ذلك قوله ولا يحتاج إلى النية لأن المعنى لا يحتاج إلى النية: يعني اللفظ بعد القصد إلى اللفظ.</strong></p>
<p><strong>والحاصل أنه إذا قصد السبب عالما بأنه سبب رتب الشرع حكمه عليه أراده أو لم يرده إلا إن أراد ما يحتمله. وأما أنه إذا لم يقصده أو لم يدر ما هو فيثبت الحكم عليه شرعا وهو غير راض بحكم اللفظ ولا باللفظ فمما ينبو عنه قواعد الشرع، وقد قال تعالى {لا يؤاخذكم الله باللغو في أيمانكم} [البقرة: 225] وفسر بأمرين: أن يحلف على أمر يظنه كما قال مع أنه قاصد للسبب عالم بحكمه فإلغاؤه لغلطه في ظن المحلوف عليه، والآخر أن يجري على لسانه بلا قصد إلى</strong> <strong>اليمين كلا والله بلى والله، فرفع حكمه الدنيوي من الكفارة لعدم قصده إليه، فهذا تشريع لعباده أن لا يرتبوا الأحكام على الأسباب التي لم تقصد، وكيف ولا فرق بينه وبين النائم عند العليم الخبير من حيث إنه لا قصد له إلى اللفظ ولا حكمه وإنما لا يصدقه غير العليم وهو القاضي.</strong></p>
<p> </p>
<p> </p>
<p><strong>تحفة الفقهاء (2/ 199)</strong> <strong>دار الكتب العلمية، بيروت:</strong></p>
<p>الخلع طلاق عندناوقال الشافعي هو فسخ في أحد القولين ولهذا قلنا إن من قال لامرأته خالعتك ولم يذكر العوض ونوى الطلاق كان طلاقا بائنا.</p>
<p><strong>الدر المختار معحاشية ابن عابدين (5/ 438)</strong> <strong>دار الفكر-بيروت:</strong></p>
<p><strong>(و) اعلم أن (الكتابة بعلمه كالقضاء بعلمه) في الأصح بحر فمن جوزه جوزها</strong> <strong>ومن لا فلا إلا أن المعتمد عدم حكمه بعلمه في زماننا أشباه وفيها الإمام يقضي بعلمه في حد قذف وقود وتعزير. قلت: فهل الإمام قيد كما قدمناه في الحدود؟ لم أره لكن في شرح الوهبانية للشرنبلالي والمختار الآن عدم حكمه بعلمه مطلقا كما لا يقضي بعلمه في الحدود الخالصة لله تعالى كزنا وخمر مطلقا غير أنه يعزر من به أثر السكر للتهمة وعن الإمام إن علم القاضي في طلاق وعتاق وغصب يثبت الحيلولة على وجه الحسبة لا القضاء.</strong></p>
<p> </p>
<p> </p>
</div><p>محمد نعمان خالد</p>
<p>دارالافتاء جامعة الرشیدکراچی</p>
<p>29/رجب المرجب 1444ھ</p>
<h6 class=""has-text-align-center"">
واللہ سبحانہ وتعالی اعلم
</h6><figure class=""wp-block-table""><table><tbody><tr><td><h3>مجیب</h3></td><td>محمد نعمان خالد</td><td><h3>مفتیان</h3></td><td>مفتی محمد صاحب / سیّد عابد شاہ صاحب / محمد حسین خلیل خیل صاحب</td></tr></tbody></table></figure></div></div></div></div></div></div><div class=""p-wl6689 pagelayer-inner_row pagelayer-row-stretch-auto pagelayer-height-default"" pagelayer-id=""wl6689"">
<style pagelayer-style-id=""wl6689"">.p-wl6689 .pagelayer-col-holder{padding: 10px}
.p-wl6689 > .pagelayer-background-overlay{-webkit-transition: all 400ms !important; transition: all 400ms !important}
.p-wl6689 .pagelayer-svg-top .pagelayer-shape-fill{fill:#227bc3}
.p-wl6689 .pagelayer-row-svg .pagelayer-svg-top{width:100%;height:100px}
.p-wl6689 .pagelayer-svg-bottom .pagelayer-shape-fill{fill:#e44993}
.p-wl6689 .pagelayer-row-svg .pagelayer-svg-bottom{width:100%;height:100px}
</style>
<div class=""pagelayer-row-holder pagelayer-row pagelayer-auto pagelayer-width-auto""><div class=""p-jzl6522 pagelayer-col pagelayer-col-6"" pagelayer-id=""jzl6522"">
<style pagelayer-style-id=""jzl6522"">.p-jzl6522{align-content: center !important}
.p-jzl6522 .pagelayer-col-holder > div:not(:last-child){margin-bottom: 15px}
.p-jzl6522 > .pagelayer-background-overlay{-webkit-transition: all 400ms !important; transition: all 400ms !important}
</style>
<div class=""pagelayer-col-holder""><div class=""p-xsb5673 pagelayer-share_grp pagelayer-share-type-icon-label pagelayer-social-bg-none pagelayer-scheme-official"" pagelayer-id=""xsb5673"">
<style pagelayer-style-id=""xsb5673"">.p-xsb5673{text-align: right}
.p-xsb5673 .pagelayer-share-content{min-height: 35px;-webkit-transition: all 400ms; transition: all 400ms}
.p-xsb5673 i{font-size: 27px}
.p-xsb5673 .pagelayer-icon-holder{font-size: 27px}
.p-xsb5673 .pagelayer-share-content i{-webkit-transition: all 400ms; transition: all 400ms}
.p-xsb5673 .pagelayer-icon-name{font-family: Roboto; font-size: 15px !important; font-style:  !important; font-weight: 500 !important; font-variant:  !important; text-decoration-line:  !important; text-decoration-style:  !important; line-height: em !important; text-transform:  !important; letter-spacing: px !important; word-spacing: px !important}
@media (max-width: 768px) and (min-width: 501px){.p-xsb5673{text-align: left}
.p-xsb5673 .pagelayer-share{padding-top: 10px; padding-bottom: 10px;padding-left: 10px; padding-right: 10px}
.p-xsb5673 i{font-size: 20px}
.p-xsb5673 .pagelayer-icon-holder{font-size: 20px}
.p-xsb5673 .pagelayer-icon-name{font-family: ; font-size: 13px !important; font-style:  !important; font-weight:  !important; font-variant:  !important; text-decoration-line:  !important; text-decoration-style:  !important; line-height: em !important; text-transform:  !important; letter-spacing: px !important; word-spacing: px !important}
}
@media (max-width: 500px){.p-xsb5673{text-align: left}
.p-xsb5673 .pagelayer-share{padding-top: 10px; padding-bottom: 10px;padding-left: 10px; padding-right: 10px}
.p-xsb5673 .pagelayer-share-content{min-height: NaNpx}
.p-xsb5673 i{font-size: 20px}
.p-xsb5673 .pagelayer-icon-holder{font-size: 20px}
.p-xsb5673 .pagelayer-icon-name{font-family: ; font-size: 13px !important; font-style:  !important; font-weight:  !important; font-variant:  !important; text-decoration-line:  !important; text-decoration-style:  !important; line-height: em !important; text-transform:  !important; letter-spacing: px !important; word-spacing: px !important}
}
</style><div class=""p-9mh2934 pagelayer-share"" pagelayer-id=""9mh2934"">
<a class=""pagelayer-ele-link"" href=""https://www.facebook.com/sharer/sharer.php?u=almuftionline.com/2022/02/21/9212/"" target=""_blank"" title=""fab fa-facebook-square"">
<div class=""pagelayer-share-content pagelayer-facebook-square"" data-icon=""fab fa-facebook-square"">
<div class=""pagelayer-icon-holder pagelayer-share-buttons"">
<i class=""pagelayer-social-fa fab fa-facebook-square""></i>
</div>
<div class=""pagelayer-icon-name"">
<span class=""pagelayer-icon-name-span"">Facebook</span>
</div>
</div>
</a></div><div class=""p-rai4926 pagelayer-share"" pagelayer-id=""rai4926"">
<a class=""pagelayer-ele-link"" href=""https://twitter.com/share?url=almuftionline.com/2022/02/21/9212/"" target=""_blank"" title=""fab fa-twitter-square"">
<div class=""pagelayer-share-content pagelayer-twitter-square"" data-icon=""fab fa-twitter-square"">
<div class=""pagelayer-icon-holder pagelayer-share-buttons"">
<i class=""pagelayer-social-fa fab fa-twitter-square""></i>
</div>
<div class=""pagelayer-icon-name"">
<span class=""pagelayer-icon-name-span"">Twitter</span>
</div>
</div>
</a></div><div class=""p-ndy3728 pagelayer-share"" pagelayer-id=""ndy3728"">
<a class=""pagelayer-ele-link"" href=""whatsapp://send?text=almuftionline.com/2022/02/21/9212/"" target=""_blank"" title=""fab fa-whatsapp"">
<div class=""pagelayer-share-content pagelayer-whatsapp"" data-icon=""fab fa-whatsapp"">
<div class=""pagelayer-icon-holder pagelayer-share-buttons"">
<i class=""pagelayer-social-fa fab fa-whatsapp""></i>
</div>
<div class=""pagelayer-icon-name"">
<span class=""pagelayer-icon-name-span"">WhatsApp</span>
</div>
</div>
</a></div></div></div></div></div></div><div class=""p-zqp4850 pagelayer-inner_row pagelayer-row-stretch-auto pagelayer-height-default"" pagelayer-id=""zqp4850"">
<style pagelayer-style-id=""zqp4850"">.p-zqp4850 .pagelayer-col-holder{padding: 10px}
.p-zqp4850 > .pagelayer-background-overlay{-webkit-transition: all 400ms !important; transition: all 400ms !important}
.p-zqp4850 .pagelayer-svg-top .pagelayer-shape-fill{fill:#227bc3}
.p-zqp4850 .pagelayer-row-svg .pagelayer-svg-top{width:100%;height:100px}
.p-zqp4850 .pagelayer-svg-bottom .pagelayer-shape-fill{fill:#e44993}
.p-zqp4850 .pagelayer-row-svg .pagelayer-svg-bottom{width:100%;height:100px}
</style>
<div class=""pagelayer-row-holder pagelayer-row pagelayer-auto pagelayer-width-auto""><div class=""p-q725202 pagelayer-col pagelayer-col-2"" pagelayer-id=""q725202"">
<style pagelayer-style-id=""q725202"">.p-q725202{align-content: center !important}
.p-q725202 .pagelayer-col-holder > div:not(:last-child){margin-bottom: 15px}
.p-q725202 > .pagelayer-background-overlay{-webkit-transition: all 400ms !important; transition: all 400ms !important}
</style>
<div class=""pagelayer-col-holder""><div class=""p-55r4448 pagelayer-post_nav"" pagelayer-id=""55r4448"">
<style pagelayer-style-id=""55r4448"">.p-55r4448 .pagelayer-post-nav-link{color:#adb5bd;font-family:  !important; font-size: 15px !important; font-style:  !important; font-weight:  !important; font-variant:  !important; text-decoration-line:  !important; text-decoration-style:  !important; line-height: em !important; text-transform:  !important; letter-spacing: px !important; word-spacing: px !important}
.p-55r4448 .pagelayer-post-nav-title{color:#000000;font-family:  !important; font-size: 18px !important; font-style:  !important; font-weight: bold !important; font-variant:  !important; text-decoration-line:  !important; text-decoration-style: Solid !important; line-height: em !important; text-transform:  !important; letter-spacing: px !important; word-spacing: px !important}
.p-55r4448 .pagelayer-post-nav-icon{color:#adb5bd;font-size:30px}
.p-55r4448 .pagelayer-post-nav-separator{display:none}
@media (max-width: 768px) and (min-width: 501px){.p-55r4448 .pagelayer-post-nav-link{font-family:  !important; font-size: 12px !important; font-style:  !important; font-weight:  !important; font-variant:  !important; text-decoration-line:  !important; text-decoration-style: Solid !important; line-height: em !important; text-transform:  !important; letter-spacing: px !important; word-spacing: px !important}
.p-55r4448 .pagelayer-post-nav-title{font-family:  !important; font-size: 15px !important; font-style:  !important; font-weight:  !important; font-variant:  !important; text-decoration-line:  !important; text-decoration-style: Solid !important; line-height: em !important; text-transform:  !important; letter-spacing: px !important; word-spacing: px !important}
}
@media (max-width: 500px){.p-55r4448 .pagelayer-post-nav-link{font-family:  !important; font-size: 12px !important; font-style:  !important; font-weight:  !important; font-variant:  !important; text-decoration-line:  !important; text-decoration-style: Solid !important; line-height: em !important; text-transform:  !important; letter-spacing: px !important; word-spacing: px !important}
.p-55r4448 .pagelayer-post-nav-title{font-family:  !important; font-size: 12px !important; font-style:  !important; font-weight:  !important; font-variant:  !important; text-decoration-line:  !important; text-decoration-style: Solid !important; line-height: em !important; text-transform:  !important; letter-spacing: px !important; word-spacing: px !important}
}
</style><div class=""pagelayer-post-nav-container"">
<div class=""pagelayer-prev-post"">
<a href=""https://almuftionline.com/2022/02/21/9211/"" rel=""prev""><span class=""pagelayer-post-nav-icon fa fa-chevron-left""></span>
<span class=""pagelayer-next-holder"">
<span class=""pagelayer-post-nav-link""> Previous</span><span class=""pagelayer-post-nav-title"">رقم قرض دے کر بدلے میں سونا لینے کا حکم</span>
</span></a>
</div>
<div class=""pagelayer-post-nav-separator""></div>
<div class=""pagelayer-next-post"">
<a href=""https://almuftionline.com/2022/02/21/9311/"" rel=""next""><span class=""pagelayer-next-holder"">
<span class=""pagelayer-post-nav-link""> Next</span><span class=""pagelayer-post-nav-title"">طلاق کا میسج غلطی سے  بھیجنے اور طلاق میں سبقت لسانی کا حکم</span>
</span>
<span class=""pagelayer-post-nav-icon fa fa-chevron-right""></span></a>
</div>
</div></div></div></div></div></div></div>"
2022-02-21,https://almuftionline.com/2022/02/21/9211/,رقم قرض دے کر بدلے میں سونا لینے کا حکم,<p>زید کو پیسوں کی ضرورت تھی، وہ عمرو کے پاس گیا، اس سے کہا آپ کے پاس پیسے پڑے ہیں، آپ یہ پیسے مجھے قرض دے دو، میں بعد میں آپ کو لوٹا دوں گا۔ عمرو نے کہا، میں نے ان پیسوں کا سونا لینا ہے، زید نے کہا آپ ایسا کرو کہ ایک تولہ سونا کی قیمت مجھے دے دو، دو سال بعد میں تمہیں ایک تولہ سونا لے کر دوں گا، چنانچہ دونوں حضرات زرگر کے پاس گئے، اس سے سونے کا ریٹ پوچھا، اس نے بتایا کہ آج کا سونے کا ریٹ فی تولہ چوّن ہزار روپیہ ہے، عمرو نے زید کو چون ہزار روپے دے دیے اور یہ طے كيا کہ زید دوسال بعد ایک تولہ سونا عمرو کو دے دے گا، اب دو سال بعد جب ادائیگی کا وقت آیا تو زید نے کہا اگر یہ معاملہ درست ہے تو میں ایک تولہ سونا لے کر دینے کو تیار ہوں، سوال یہ ہے کہ کیا زید کے ذمہ شرعا تولہ لے کر دینا لازم ہے؟ جبکہ اُس وقت سونے کی قیمت چوّن ہزار روپے تھی اور آج کل دو لاکھ سے بھی اوپر ہے، از راہِ کرم تسلی بخش جواب دے کر ممنون فرمائیں۔</p>,"<h4 class=""has-text-align-center"">اَلجَوَابْ بِاسْمِ مُلْہِمِ الصَّوَابْ

</h4><p> صورتِ مسئولہ میں اگرعمرو نے سونے کے ریٹ کے حساب سےکرنسی (روپیہ) کی صورت میں قرض  دے کر وصولی کے وقت سونے کے ریٹ کے حساب سے روپیہ واپس لینا طے کیا ہو (جیسا کہ عام طور پر لوگوں میں معروف ہے) تو اس صورت میں یہ معاملہ قرض کا ہوا اور قرض کے بارے میں فقہائے کرام رحمہم اللہ نے یہ اصول لکھا ہے کہ""الديون تقضى بأمثالها"" یعنی قرض اپنی مثل کے ساتھ واپس لوٹائے جاتے ہیں۔ مطلب یہ کہ قرض جس جنس،کوالٹی اور جتنی مقدار میں دیا جائے گا اسی جنس، اسی کوالٹی اور اتنی ہی مقدار میں واپس لیا جائے گا، قرض کے طور پر دی گئی چیز کی جنس، کوالٹی اور مقدار وغیرہ میں کمی بیشی کی شرط لگانے سے معاملہ سودی ہو جائے گا، جس کی شرعاً بالکل اجازت نہیں۔البتہ اگر معاملہ کرتے وقت کمی بیشی اور جنس کی تبدیلی وغیرہ کی کوئی شرط نہ لگائی گئی ہو اور پھر ادائیگی کے وقت فریقین باہمی رضامندی سے بطورِ صلح قرض دی گئی رقم کے عوض کوئی اورجنس لینا طے کر لیں تو اس کی اجازت ہے، اسی طرح بغیر شرط کے مستقرض ادائیگی کے وقت اپنی خوشی سے اگر بطورِ ہبہ اضافی رقم دیدے تو یہ جائز ہے، اس کو سود نہیں کہا جائے گا، بلکہ یہ حسنِ ادائیگی کی قبیل سے ہو گا، جس کی حدیث میں بھی ترغیب دی گئی ہے۔</p><p>اوراگراس معاملے کو کرنسی کے عوض سونے کی خریدوفروخت قرار دیا جائے تو بھی یہ معاملہ درست نہیں، کیونکہ اگر یہ بیع مطلق ہو تو اس میں مبیع یعنی سونے کو بعد میں وقتِ مقرر پر لینا طے کیا گیا ہے، جبکہ فقہائے کرام رحمہم اللہ نے صراحت کی ہے کہ شرعاً مبیع کی تاجیل جائز نہیں۔ اور اگر اس کو بیع سلم قرار دیا جائے تو بھی درست نہیں، کیونکہ بیع سلم کے لیے خریدی گئی چیز کی مقدار اورکوالٹی وغیرہ طے کرنا ضروری ہے، جبکہ صورتِ مسئولہ میں سونے کی کوالٹی یعنی کیرٹ طے نہیں کیا گیا اور کیرٹ کی کمی بیشی سے کوالٹی میں فرق آتا ہے، کیونکہ جتنا کیرٹ کم ہو گا اتنی کھوٹ زیادہ اور خالص سونا کم ہوگا اور جتنا کیرٹ زیادہ ہو گا اتنا ہی خالص سونا زیادہ اور کھوٹ کم ہو گی اور پاکستان کی صرافہ مارکیٹوں میں پندرہ کیرٹ سے لے کر اکیس کیرٹ تک سونا فروخت کیا جا رہا ہے، جس کی وجہ سے زیور کی قیمت میں بھی اچھا خاصا فرق آجاتا ہے، اس لیے بیع سلم کی تکییف پر بھی یہ معاملہ ناجائز ہو گا۔</p><p>لہذا صورتِ مسئولہ میں زید کو شرعاً روپیہ کی جنس میں سے صرف دی گئی رقم ہی  واپس لینے کا حق حاصل ہے، اس کے عوض سونے  کا مطالبہ کرنا درست نہیں۔</p><h6 class=""has-text-align-right"">حوالہ جات</h6><div style=""direction: rtl;font-family: Amiri;
    
     font-size: 13px; font-weight: 400;""><p><strong>صحيح مسلم (3/ 1224)</strong> <strong>دار إحياء التراث العربي – بيروت:</strong></p>
<p><span dir=""LTR"">'' </span>عن عطاء بن يسار، عن أبي رافع، أن رسول الله صلى الله عليه وسلم استسلف من رجل بكراً، فقدمت عليه إبل من إبل الصدقة، فأمر أبا رافع أن يقضي الرجل بكره، فرجع إليه أبو رافع، فقال: لم أجد فيها إلا خياراً رباعياً، فقال: «أعطه إياه، إن خيار الناس أحسنهم قضاءً»''۔</p>
<p><strong>فتح القدير للكمال ابن الهمام (8/ 110)</strong> <strong>دار الفكر، بيروت:</strong></p>
<p>(لأن الديون تقضى بأمثالها) لا بأعيانها (إذ قبض الدين نفسه) أي قبض نفس الدين (لا يتصور) لأنه وصف ثابت في ذمة من عليه (إلا أنه جعل استيفاء العين حقه من وجه) استثناء من قوله لأن الديون تقضى بأمثالها: يعني أن الديون وإن كانت تقضى بأمثالها لا بأعيانها لما ذكرنا آنفا، إلا أن قبض المثل جعل استيفاء لعين حق الدائن من وجه ولهذا يجبر المديون على الأداء، ولو كان تملكا محضا لما أجبر عليه، وكذا إذا ظفر الدائن بجنس حقه حل له الأخذ.</p>
<p><strong>درر الحكام شرح غرر الأحكام (2/ 56) دار إحياء الكتب العربية:</strong></p>
<p>لو باع من الدائن عبدا بدينه وقبضه بر لأن قضاء الدين طريقة المقاصة لأن الديون تقضى بأمثالها لا بأعيانها وقد تحققت بالبيع فكأنه شرط القبض ليتقرر القضاء به.</p>
<p><strong>الهداية في شرح بداية المبتدي (3/ 61)</strong> <strong>دار احياء التراث العربي، بيروت:</strong></p>
<p>الربا هو الفضل المستحق لأحد المتعاقدين في المعاوضة الخالي عن عوض شرط فيه.</p>
<p><strong>الأصل المعروف بالمبسوط للشيباني (5/ 7)</strong> <strong>دار الفكر، بيروت:</strong></p>
<p>ولا بأس بالسلم في الفلوس عدداولا خير في السلم في اللحم لأنه مختلف في قول أبي حنيفة وأما في قول أبي يوسف ومحمد إذا أسلم في موضع منه معلوم وسمى صفة معلومة فهو جائز.</p>
<p><strong>تبيين الحقائق شرح كنز الدقائق وحاشية الشلبي (4/ 59) المطبعة الكبرى الأميرية - بولاق، القاهرة</strong><strong>:</strong></p>
<p><strong>(قوله: لا يجوز البيع إلى هذه الآجال) أي لجهالة الأجل وعلم بهذا التعليل أن المراد بالمؤجل هنا هو الثمن لا المبيع؛ لأن مجرد تأجيل المبيع مفسد ولو كان إلى أجل معلوم فلا يناسب تعليل فساد تأجيل المبيع لجهالة الأجل قاله الكمال ثم قال واعلم أن كون التأجيل في الثمن يصح إذا كان الأجل معلوما هو في الثمن الدين أما لو كان الثمن عينا فيفسد البيع بالأجل للمعنى الذي ذكرناه مفسدا لتأجيل المبيع اهـ</strong></p>
<p><strong>بدائع الصنائع في ترتيب الشرائع (5/ 208)</strong> <strong>دار الكتب العلمية</strong><strong>،بيروت:</strong></p>
<p><strong>(وأما) السلم في الفلوس عددا فجائز عند أبي حنيفة وأبي يوسف، وعند محمد لا يجوز بناء على أن الفلوس أثمان عنده فلا يجوز السلم فيها، كما لا يجوز السلم في الدراهم والدنانير، وعندهما ثمنيتها ليست بلازمة بل تحتمل الزوال؛ لأنها ثبتت بالاصطلاح فتزول بالاصطلاح،</strong> <strong>وإقدام العاقدين على عقد السلم فيها مع علمهما أنه لا صحة للسلم في الأثمان اتفاق منهما على إخراجها عن صفة الثمنية فتبطل ثمنيتها في حق العاقدين سابقا على العقد وتصير سلعا عددية فيصح السلم فيها كما في سائر السلع العددية كالنصال ونحوها.</strong></p>
<p><strong>(وأما) الذرعيات كالثياب، والبسط، والحصير، والبواري ونحوها فالقياس أن لا يجوز السلم فيها؛ لأنها ليست من ذوات الأمثال لتفاوت فاحش بين ثوب وثوب، ولهذا لم تضمن بالمثل في ضمان العدديات بل بالقيمة فأشبه السلم في اللآلئ والجواهر، إلا أنا استحسنا الجواز لقوله عز وجل في آية </strong></p>
<p><strong>الدين:{ولا تسأموا أن تكتبوه صغيرا أو كبيرا إلى أجله} [البقرة: 282] ، والمكيل والموزون لا يقال: فيه الصغير والكبير، وإنما يقال ذلك في الذرعيات، والعدديات، ولأن الناس تعاملوا السلم في الثياب لحاجتهم إلى ذلك فيكون إجماعا منهم على الجواز فيترك القياس بمقابلته</strong><strong>.</strong></p>
</div><p>محمد نعمان خالد</p><p>دارالافتاء جامعة الرشیدکراچی</p><p>29/رجب المرجب 1444ھ</p><h6 class=""has-text-align-center"">
واللہ سبحانہ وتعالی اعلم
</h6><figure class=""wp-block-table""><table><tbody><tr><td><h3>مجیب</h3></td><td>محمد نعمان خالد</td><td><h3>مفتیان</h3></td><td>سیّد عابد شاہ صاحب / محمد حسین خلیل خیل صاحب</td></tr></tbody></table></figure>",79617,jameya-tur-rasheed,خرید و فروخت اور دیگر معاملات میں  پابندی لگانے کے مسائل,متفرّق مسائل,"<div class=""pagelayer-col-holder""><div class=""p-kgd1425 pagelayer-post_excerpt"" pagelayer-id=""kgd1425"">
<style pagelayer-style-id=""kgd1425"">.p-kgd1425 .pagelayer-post-excerpt{color:#adb5bd;font-family: ; font-size: 15px !important; font-style: Italic !important; font-weight: 500 !important; font-variant:  !important; text-decoration-line:  !important; text-decoration-style:  !important; line-height: 1.5em !important; text-transform:  !important; letter-spacing: px !important; word-spacing: px !important;margin-top:0px; margin-right:0px; margin-bottom:0px; margin-left:0px}
.p-kgd1425{text-align: left;margin-top: 0px; margin-right: 0px; margin-bottom: 0px; margin-left: 0px;padding-top: 0px; padding-right: 0px; padding-bottom: 0px; padding-left: 0px}
</style></div><div class=""p-4wb1030 pagelayer-featured_img"" pagelayer-id=""4wb1030"">
<style pagelayer-style-id=""4wb1030"">.p-4wb1030{text-align: center}
.p-4wb1030 img{filter: blur(0px) brightness(100%) contrast(100%) grayscale(0%) hue-rotate(0deg) opacity(100%) saturate(100%);box-shadow: 0px 24px 36px 0px rgba(0,0,0,0.10)  !important;-webkit-transition: all 400ms; transition: all 400ms}
.p-4wb1030 .pagelayer-featured-caption{color: #0986c0}
</style>
<div class=""pagelayer-featured-img""></div>
</div><div class=""p-f8n3612 pagelayer-inner_row pagelayer-row-stretch-auto pagelayer-height-default"" pagelayer-id=""f8n3612"">
<style pagelayer-style-id=""f8n3612"">.p-f8n3612 .pagelayer-col-holder{padding: 10px}
.p-f8n3612 > .pagelayer-background-overlay{-webkit-transition: all 400ms !important; transition: all 400ms !important}
.p-f8n3612 .pagelayer-svg-top .pagelayer-shape-fill{fill:#227bc3}
.p-f8n3612 .pagelayer-row-svg .pagelayer-svg-top{width:100%;height:100px}
.p-f8n3612 .pagelayer-svg-bottom .pagelayer-shape-fill{fill:#e44993}
.p-f8n3612 .pagelayer-row-svg .pagelayer-svg-bottom{width:100%;height:100px}
</style>
<div class=""pagelayer-row-holder pagelayer-row pagelayer-auto pagelayer-width-auto""><div class=""p-i795860 pagelayer-col pagelayer-col-4"" pagelayer-id=""i795860"">
<style pagelayer-style-id=""i795860"">.p-i795860{align-content: center !important}
.p-i795860 .pagelayer-col-holder > div:not(:last-child){margin-bottom: 15px}
.p-i795860 > .pagelayer-background-overlay{-webkit-transition: all 400ms !important; transition: all 400ms !important}
</style>
<div class=""pagelayer-col-holder""><div class=""p-qip3968 pagelayer-post_info"" pagelayer-id=""qip3968"">
<style pagelayer-style-id=""qip3968"">.p-qip3968 .pagelayer-post-info-vertical .pagelayer-post-info-list-container{margin-right:25px}
.p-qip3968 .pagelayer-post-info-horizontal .pagelayer-post-info-list-container{margin-bottom:25px}
.p-qip3968 .pagelayer-post-info-container{text-align:right}
.p-qip3968 .pagelayer-post-info-icon span{font-size:120%;color:#495057}
.p-qip3968 .pagelayer-post-info-list-container a{font-family: Roboto !important; font-size: 14px !important; font-style:  !important; font-weight: 500 !important; font-variant:  !important; text-decoration-line:  !important; text-decoration-style:  !important; line-height: 1.6em !important; text-transform:  !important; letter-spacing: px !important; word-spacing: px !important}
.p-qip3968 .pagelayer-post-info-label{color:#495057}
.p-qip3968 .pagelayer-post-info-label a{color:#495057}
.p-qip3968 .pagelayer-post-info-label:hover{color:#000000}
.p-qip3968 .pagelayer-post-info-label:hover a{color:#000000}
</style><div class=""pagelayer-post-info-container pagelayer-post-info-vertical""><div class=""p-xj43574 pagelayer-post_info_list"" pagelayer-id=""xj43574"">
<div class=""pagelayer-post-info-list-container"">
<a class=""pagelayer-post-info-list-link"" href=""https://almuftionline.com/2022/02/21/"">
<span class=""pagelayer-post-info-icon"">
<span class=""far fa-clock""></span>
</span>
<span class=""pagelayer-post-info-label pagelayer-date"">فروری 21, 2022</span>
</a>
</div></div></div></div></div></div><div class=""p-t2j1983 pagelayer-col pagelayer-col-7"" pagelayer-id=""t2j1983"">
<style pagelayer-style-id=""t2j1983"">.p-t2j1983{align-content: center !important}
.p-t2j1983 .pagelayer-col-holder > div:not(:last-child){margin-bottom: 15px}
.p-t2j1983 > .pagelayer-background-overlay{-webkit-transition: all 400ms !important; transition: all 400ms !important}
</style>
<div class=""pagelayer-col-holder""><div class=""p-dbq3916 pagelayer-post_info"" pagelayer-id=""dbq3916"">
<style pagelayer-style-id=""dbq3916"">.p-dbq3916 .pagelayer-post-info-container{text-align:right}
.p-dbq3916 .pagelayer-post-info-icon span{font-size:120%;color:#495057}
.p-dbq3916 .pagelayer-post-info-list-container a{font-family: Roboto !important; font-size: 14px !important; font-style:  !important; font-weight: 500 !important; font-variant:  !important; text-decoration-line:  !important; text-decoration-style:  !important; line-height: 1.6em !important; text-transform:  !important; letter-spacing: px !important; word-spacing: px !important}
.p-dbq3916 .pagelayer-post-info-label{color:#0072ff}
.p-dbq3916 .pagelayer-post-info-label a{color:#0072ff}
.p-dbq3916 .pagelayer-terms *{color:#f8952c !important;padding-top:5px; padding-right:10px; padding-bottom:5px; padding-left:10px;margin-top:0px; margin-right:5px; margin-bottom:0px; margin-left:5px;border-radius: 4px 4px 4px 4px; -webkit-border-radius:  4px 4px 4px 4px;-moz-border-radius: 4px 4px 4px 4px}
.p-dbq3916{padding-top: 0px; padding-right: 0px; padding-bottom: 0px; padding-left: 0px}
@media (max-width: 768px) and (min-width: 501px){.p-dbq3916 .pagelayer-post-info-container{text-align:left}
}
@media (max-width: 500px){.p-dbq3916 .pagelayer-post-info-container{text-align:left}
}
</style><div class=""pagelayer-post-info-container pagelayer-post-info-vertical""><div class=""p-wpv7212 pagelayer-post_info_list"" pagelayer-id=""wpv7212"">
<div class=""pagelayer-post-info-list-container"">
<span class=""pagelayer-post-info-icon"">
</span>
<span class=""pagelayer-post-info-label pagelayer-terms""> <a href=""https://almuftionline.com/category/fatwa/33/""> خرید و فروخت اور دیگر معاملات میں  پابندی لگانے کے مسائل </a></span>
</div></div></div></div></div></div></div></div><div class=""p-trw3096 pagelayer-inner_row pagelayer-row-stretch-auto pagelayer-height-default"" pagelayer-id=""trw3096"">
<style pagelayer-style-id=""trw3096"">.p-trw3096 .pagelayer-col-holder{padding: 10px}
.p-trw3096 > .pagelayer-background-overlay{-webkit-transition: all 400ms !important; transition: all 400ms !important}
.p-trw3096 .pagelayer-svg-top .pagelayer-shape-fill{fill:#227bc3}
.p-trw3096 .pagelayer-row-svg .pagelayer-svg-top{width:100%;height:100px}
.p-trw3096 .pagelayer-svg-bottom .pagelayer-shape-fill{fill:#e44993}
.p-trw3096 .pagelayer-row-svg .pagelayer-svg-bottom{width:100%;height:100px}
</style>
<div class=""pagelayer-row-holder pagelayer-row pagelayer-auto pagelayer-width-auto""><div class=""p-wwu6541 pagelayer-col pagelayer-col-2"" pagelayer-id=""wwu6541"">
<style pagelayer-style-id=""wwu6541"">.p-wwu6541{align-content: center !important}
.p-wwu6541 .pagelayer-col-holder > div:not(:last-child){margin-bottom: 15px}
.p-wwu6541 > .pagelayer-background-overlay{-webkit-transition: all 400ms !important; transition: all 400ms !important}
</style>
<div class=""pagelayer-col-holder""><div class=""p-ccj4284 pagelayer-post_content"" pagelayer-id=""ccj4284"">
<style pagelayer-style-id=""ccj4284"">.p-ccj4284{text-align: right}
</style><div class=""entry-content pagelayer-post-excerpt""><figure class=""wp-block-table""><table><tbody><tr><td>79617</td><td>خرید و فروخت اور دیگر معاملات میں  پابندی لگانے کے مسائل</td><td>متفرّق مسائل</td></tr></tbody></table></figure><div style=""direction:rtl;line-height: 2.5;""><h3 class=""has-text-align-center"">سوال</h3><p>زید کو پیسوں کی ضرورت تھی، وہ عمرو کے پاس گیا، اس سے کہا آپ کے پاس پیسے پڑے ہیں، آپ یہ پیسے مجھے قرض دے دو، میں بعد میں آپ کو لوٹا دوں گا۔ عمرو نے کہا، میں نے ان پیسوں کا سونا لینا ہے، زید نے کہا آپ ایسا کرو کہ ایک تولہ سونا کی قیمت مجھے دے دو، دو سال بعد میں تمہیں ایک تولہ سونا لے کر دوں گا، چنانچہ دونوں حضرات زرگر کے پاس گئے، اس سے سونے کا ریٹ پوچھا، اس نے بتایا کہ آج کا سونے کا ریٹ فی تولہ چوّن ہزار روپیہ ہے، عمرو نے زید کو چون ہزار روپے دے دیے اور یہ طے كيا کہ زید دوسال بعد ایک تولہ سونا عمرو کو دے دے گا، اب دو سال بعد جب ادائیگی کا وقت آیا تو زید نے کہا اگر یہ معاملہ درست ہے تو میں ایک تولہ سونا لے کر دینے کو تیار ہوں، سوال یہ ہے کہ کیا زید کے ذمہ شرعا تولہ لے کر دینا لازم ہے؟ جبکہ اُس وقت سونے کی قیمت چوّن ہزار روپے تھی اور آج کل دو لاکھ سے بھی اوپر ہے، از راہِ کرم تسلی بخش جواب دے کر ممنون فرمائیں۔</p>
<h4 class=""has-text-align-center"">اَلجَوَابْ بِاسْمِ مُلْہِمِ الصَّوَابْ

</h4><p> صورتِ مسئولہ میں اگرعمرو نے سونے کے ریٹ کے حساب سےکرنسی (روپیہ) کی صورت میں قرض  دے کر وصولی کے وقت سونے کے ریٹ کے حساب سے روپیہ واپس لینا طے کیا ہو (جیسا کہ عام طور پر لوگوں میں معروف ہے) تو اس صورت میں یہ معاملہ قرض کا ہوا اور قرض کے بارے میں فقہائے کرام رحمہم اللہ نے یہ اصول لکھا ہے کہ""الديون تقضى بأمثالها"" یعنی قرض اپنی مثل کے ساتھ واپس لوٹائے جاتے ہیں۔ مطلب یہ کہ قرض جس جنس،کوالٹی اور جتنی مقدار میں دیا جائے گا اسی جنس، اسی کوالٹی اور اتنی ہی مقدار میں واپس لیا جائے گا، قرض کے طور پر دی گئی چیز کی جنس، کوالٹی اور مقدار وغیرہ میں کمی بیشی کی شرط لگانے سے معاملہ سودی ہو جائے گا، جس کی شرعاً بالکل اجازت نہیں۔البتہ اگر معاملہ کرتے وقت کمی بیشی اور جنس کی تبدیلی وغیرہ کی کوئی شرط نہ لگائی گئی ہو اور پھر ادائیگی کے وقت فریقین باہمی رضامندی سے بطورِ صلح قرض دی گئی رقم کے عوض کوئی اورجنس لینا طے کر لیں تو اس کی اجازت ہے، اسی طرح بغیر شرط کے مستقرض ادائیگی کے وقت اپنی خوشی سے اگر بطورِ ہبہ اضافی رقم دیدے تو یہ جائز ہے، اس کو سود نہیں کہا جائے گا، بلکہ یہ حسنِ ادائیگی کی قبیل سے ہو گا، جس کی حدیث میں بھی ترغیب دی گئی ہے۔</p>
<p>اوراگراس معاملے کو کرنسی کے عوض سونے کی خریدوفروخت قرار دیا جائے تو بھی یہ معاملہ درست نہیں، کیونکہ اگر یہ بیع مطلق ہو تو اس میں مبیع یعنی سونے کو بعد میں وقتِ مقرر پر لینا طے کیا گیا ہے، جبکہ فقہائے کرام رحمہم اللہ نے صراحت کی ہے کہ شرعاً مبیع کی تاجیل جائز نہیں۔ اور اگر اس کو بیع سلم قرار دیا جائے تو بھی درست نہیں، کیونکہ بیع سلم کے لیے خریدی گئی چیز کی مقدار اورکوالٹی وغیرہ طے کرنا ضروری ہے، جبکہ صورتِ مسئولہ میں سونے کی کوالٹی یعنی کیرٹ طے نہیں کیا گیا اور کیرٹ کی کمی بیشی سے کوالٹی میں فرق آتا ہے، کیونکہ جتنا کیرٹ کم ہو گا اتنی کھوٹ زیادہ اور خالص سونا کم ہوگا اور جتنا کیرٹ زیادہ ہو گا اتنا ہی خالص سونا زیادہ اور کھوٹ کم ہو گی اور پاکستان کی صرافہ مارکیٹوں میں پندرہ کیرٹ سے لے کر اکیس کیرٹ تک سونا فروخت کیا جا رہا ہے، جس کی وجہ سے زیور کی قیمت میں بھی اچھا خاصا فرق آجاتا ہے، اس لیے بیع سلم کی تکییف پر بھی یہ معاملہ ناجائز ہو گا۔</p>
<p>لہذا صورتِ مسئولہ میں زید کو شرعاً روپیہ کی جنس میں سے صرف دی گئی رقم ہی  واپس لینے کا حق حاصل ہے، اس کے عوض سونے  کا مطالبہ کرنا درست نہیں۔</p>
</div><h6 class=""has-text-align-right"">حوالہ جات</h6><div style=""direction: rtl;font-family: Amiri;
    
     font-size: 13px; font-weight: 400;""><p><strong>صحيح مسلم (3/ 1224)</strong> <strong>دار إحياء التراث العربي – بيروت:</strong></p>
<p><span dir=""LTR"">'' </span>عن عطاء بن يسار، عن أبي رافع، أن رسول الله صلى الله عليه وسلم استسلف من رجل بكراً، فقدمت عليه إبل من إبل الصدقة، فأمر أبا رافع أن يقضي الرجل بكره، فرجع إليه أبو رافع، فقال: لم أجد فيها إلا خياراً رباعياً، فقال: «أعطه إياه، إن خيار الناس أحسنهم قضاءً»''۔</p>
<p><strong>فتح القدير للكمال ابن الهمام (8/ 110)</strong> <strong>دار الفكر، بيروت:</strong></p>
<p>(لأن الديون تقضى بأمثالها) لا بأعيانها (إذ قبض الدين نفسه) أي قبض نفس الدين (لا يتصور) لأنه وصف ثابت في ذمة من عليه (إلا أنه جعل استيفاء العين حقه من وجه) استثناء من قوله لأن الديون تقضى بأمثالها: يعني أن الديون وإن كانت تقضى بأمثالها لا بأعيانها لما ذكرنا آنفا، إلا أن قبض المثل جعل استيفاء لعين حق الدائن من وجه ولهذا يجبر المديون على الأداء، ولو كان تملكا محضا لما أجبر عليه، وكذا إذا ظفر الدائن بجنس حقه حل له الأخذ.</p>
<p><strong>درر الحكام شرح غرر الأحكام (2/ 56) دار إحياء الكتب العربية:</strong></p>
<p>لو باع من الدائن عبدا بدينه وقبضه بر لأن قضاء الدين طريقة المقاصة لأن الديون تقضى بأمثالها لا بأعيانها وقد تحققت بالبيع فكأنه شرط القبض ليتقرر القضاء به.</p>
<p><strong>الهداية في شرح بداية المبتدي (3/ 61)</strong> <strong>دار احياء التراث العربي، بيروت:</strong></p>
<p>الربا هو الفضل المستحق لأحد المتعاقدين في المعاوضة الخالي عن عوض شرط فيه.</p>
<p><strong>الأصل المعروف بالمبسوط للشيباني (5/ 7)</strong> <strong>دار الفكر، بيروت:</strong></p>
<p>ولا بأس بالسلم في الفلوس عدداولا خير في السلم في اللحم لأنه مختلف في قول أبي حنيفة وأما في قول أبي يوسف ومحمد إذا أسلم في موضع منه معلوم وسمى صفة معلومة فهو جائز.</p>
<p><strong>تبيين الحقائق شرح كنز الدقائق وحاشية الشلبي (4/ 59) المطبعة الكبرى الأميرية - بولاق، القاهرة</strong><strong>:</strong></p>
<p><strong>(قوله: لا يجوز البيع إلى هذه الآجال) أي لجهالة الأجل وعلم بهذا التعليل أن المراد بالمؤجل هنا هو الثمن لا المبيع؛ لأن مجرد تأجيل المبيع مفسد ولو كان إلى أجل معلوم فلا يناسب تعليل فساد تأجيل المبيع لجهالة الأجل قاله الكمال ثم قال واعلم أن كون التأجيل في الثمن يصح إذا كان الأجل معلوما هو في الثمن الدين أما لو كان الثمن عينا فيفسد البيع بالأجل للمعنى الذي ذكرناه مفسدا لتأجيل المبيع اهـ</strong></p>
<p><strong>بدائع الصنائع في ترتيب الشرائع (5/ 208)</strong> <strong>دار الكتب العلمية</strong><strong>،بيروت:</strong></p>
<p><strong>(وأما) السلم في الفلوس عددا فجائز عند أبي حنيفة وأبي يوسف، وعند محمد لا يجوز بناء على أن الفلوس أثمان عنده فلا يجوز السلم فيها، كما لا يجوز السلم في الدراهم والدنانير، وعندهما ثمنيتها ليست بلازمة بل تحتمل الزوال؛ لأنها ثبتت بالاصطلاح فتزول بالاصطلاح،</strong> <strong>وإقدام العاقدين على عقد السلم فيها مع علمهما أنه لا صحة للسلم في الأثمان اتفاق منهما على إخراجها عن صفة الثمنية فتبطل ثمنيتها في حق العاقدين سابقا على العقد وتصير سلعا عددية فيصح السلم فيها كما في سائر السلع العددية كالنصال ونحوها.</strong></p>
<p><strong>(وأما) الذرعيات كالثياب، والبسط، والحصير، والبواري ونحوها فالقياس أن لا يجوز السلم فيها؛ لأنها ليست من ذوات الأمثال لتفاوت فاحش بين ثوب وثوب، ولهذا لم تضمن بالمثل في ضمان العدديات بل بالقيمة فأشبه السلم في اللآلئ والجواهر، إلا أنا استحسنا الجواز لقوله عز وجل في آية </strong></p>
<p><strong>الدين:{ولا تسأموا أن تكتبوه صغيرا أو كبيرا إلى أجله} [البقرة: 282] ، والمكيل والموزون لا يقال: فيه الصغير والكبير، وإنما يقال ذلك في الذرعيات، والعدديات، ولأن الناس تعاملوا السلم في الثياب لحاجتهم إلى ذلك فيكون إجماعا منهم على الجواز فيترك القياس بمقابلته</strong><strong>.</strong></p>
</div><p>محمد نعمان خالد</p>
<p>دارالافتاء جامعة الرشیدکراچی</p>
<p>29/رجب المرجب 1444ھ</p>
<h6 class=""has-text-align-center"">
واللہ سبحانہ وتعالی اعلم
</h6><figure class=""wp-block-table""><table><tbody><tr><td><h3>مجیب</h3></td><td>محمد نعمان خالد</td><td><h3>مفتیان</h3></td><td>سیّد عابد شاہ صاحب / محمد حسین خلیل خیل صاحب</td></tr></tbody></table></figure></div></div></div></div></div></div><div class=""p-wl6689 pagelayer-inner_row pagelayer-row-stretch-auto pagelayer-height-default"" pagelayer-id=""wl6689"">
<style pagelayer-style-id=""wl6689"">.p-wl6689 .pagelayer-col-holder{padding: 10px}
.p-wl6689 > .pagelayer-background-overlay{-webkit-transition: all 400ms !important; transition: all 400ms !important}
.p-wl6689 .pagelayer-svg-top .pagelayer-shape-fill{fill:#227bc3}
.p-wl6689 .pagelayer-row-svg .pagelayer-svg-top{width:100%;height:100px}
.p-wl6689 .pagelayer-svg-bottom .pagelayer-shape-fill{fill:#e44993}
.p-wl6689 .pagelayer-row-svg .pagelayer-svg-bottom{width:100%;height:100px}
</style>
<div class=""pagelayer-row-holder pagelayer-row pagelayer-auto pagelayer-width-auto""><div class=""p-jzl6522 pagelayer-col pagelayer-col-6"" pagelayer-id=""jzl6522"">
<style pagelayer-style-id=""jzl6522"">.p-jzl6522{align-content: center !important}
.p-jzl6522 .pagelayer-col-holder > div:not(:last-child){margin-bottom: 15px}
.p-jzl6522 > .pagelayer-background-overlay{-webkit-transition: all 400ms !important; transition: all 400ms !important}
</style>
<div class=""pagelayer-col-holder""><div class=""p-xsb5673 pagelayer-share_grp pagelayer-share-type-icon-label pagelayer-social-bg-none pagelayer-scheme-official"" pagelayer-id=""xsb5673"">
<style pagelayer-style-id=""xsb5673"">.p-xsb5673{text-align: right}
.p-xsb5673 .pagelayer-share-content{min-height: 35px;-webkit-transition: all 400ms; transition: all 400ms}
.p-xsb5673 i{font-size: 27px}
.p-xsb5673 .pagelayer-icon-holder{font-size: 27px}
.p-xsb5673 .pagelayer-share-content i{-webkit-transition: all 400ms; transition: all 400ms}
.p-xsb5673 .pagelayer-icon-name{font-family: Roboto; font-size: 15px !important; font-style:  !important; font-weight: 500 !important; font-variant:  !important; text-decoration-line:  !important; text-decoration-style:  !important; line-height: em !important; text-transform:  !important; letter-spacing: px !important; word-spacing: px !important}
@media (max-width: 768px) and (min-width: 501px){.p-xsb5673{text-align: left}
.p-xsb5673 .pagelayer-share{padding-top: 10px; padding-bottom: 10px;padding-left: 10px; padding-right: 10px}
.p-xsb5673 i{font-size: 20px}
.p-xsb5673 .pagelayer-icon-holder{font-size: 20px}
.p-xsb5673 .pagelayer-icon-name{font-family: ; font-size: 13px !important; font-style:  !important; font-weight:  !important; font-variant:  !important; text-decoration-line:  !important; text-decoration-style:  !important; line-height: em !important; text-transform:  !important; letter-spacing: px !important; word-spacing: px !important}
}
@media (max-width: 500px){.p-xsb5673{text-align: left}
.p-xsb5673 .pagelayer-share{padding-top: 10px; padding-bottom: 10px;padding-left: 10px; padding-right: 10px}
.p-xsb5673 .pagelayer-share-content{min-height: NaNpx}
.p-xsb5673 i{font-size: 20px}
.p-xsb5673 .pagelayer-icon-holder{font-size: 20px}
.p-xsb5673 .pagelayer-icon-name{font-family: ; font-size: 13px !important; font-style:  !important; font-weight:  !important; font-variant:  !important; text-decoration-line:  !important; text-decoration-style:  !important; line-height: em !important; text-transform:  !important; letter-spacing: px !important; word-spacing: px !important}
}
</style><div class=""p-9mh2934 pagelayer-share"" pagelayer-id=""9mh2934"">
<a class=""pagelayer-ele-link"" href=""https://www.facebook.com/sharer/sharer.php?u=almuftionline.com/2022/02/21/9211/"" target=""_blank"" title=""fab fa-facebook-square"">
<div class=""pagelayer-share-content pagelayer-facebook-square"" data-icon=""fab fa-facebook-square"">
<div class=""pagelayer-icon-holder pagelayer-share-buttons"">
<i class=""pagelayer-social-fa fab fa-facebook-square""></i>
</div>
<div class=""pagelayer-icon-name"">
<span class=""pagelayer-icon-name-span"">Facebook</span>
</div>
</div>
</a></div><div class=""p-rai4926 pagelayer-share"" pagelayer-id=""rai4926"">
<a class=""pagelayer-ele-link"" href=""https://twitter.com/share?url=almuftionline.com/2022/02/21/9211/"" target=""_blank"" title=""fab fa-twitter-square"">
<div class=""pagelayer-share-content pagelayer-twitter-square"" data-icon=""fab fa-twitter-square"">
<div class=""pagelayer-icon-holder pagelayer-share-buttons"">
<i class=""pagelayer-social-fa fab fa-twitter-square""></i>
</div>
<div class=""pagelayer-icon-name"">
<span class=""pagelayer-icon-name-span"">Twitter</span>
</div>
</div>
</a></div><div class=""p-ndy3728 pagelayer-share"" pagelayer-id=""ndy3728"">
<a class=""pagelayer-ele-link"" href=""whatsapp://send?text=almuftionline.com/2022/02/21/9211/"" target=""_blank"" title=""fab fa-whatsapp"">
<div class=""pagelayer-share-content pagelayer-whatsapp"" data-icon=""fab fa-whatsapp"">
<div class=""pagelayer-icon-holder pagelayer-share-buttons"">
<i class=""pagelayer-social-fa fab fa-whatsapp""></i>
</div>
<div class=""pagelayer-icon-name"">
<span class=""pagelayer-icon-name-span"">WhatsApp</span>
</div>
</div>
</a></div></div></div></div></div></div><div class=""p-zqp4850 pagelayer-inner_row pagelayer-row-stretch-auto pagelayer-height-default"" pagelayer-id=""zqp4850"">
<style pagelayer-style-id=""zqp4850"">.p-zqp4850 .pagelayer-col-holder{padding: 10px}
.p-zqp4850 > .pagelayer-background-overlay{-webkit-transition: all 400ms !important; transition: all 400ms !important}
.p-zqp4850 .pagelayer-svg-top .pagelayer-shape-fill{fill:#227bc3}
.p-zqp4850 .pagelayer-row-svg .pagelayer-svg-top{width:100%;height:100px}
.p-zqp4850 .pagelayer-svg-bottom .pagelayer-shape-fill{fill:#e44993}
.p-zqp4850 .pagelayer-row-svg .pagelayer-svg-bottom{width:100%;height:100px}
</style>
<div class=""pagelayer-row-holder pagelayer-row pagelayer-auto pagelayer-width-auto""><div class=""p-q725202 pagelayer-col pagelayer-col-2"" pagelayer-id=""q725202"">
<style pagelayer-style-id=""q725202"">.p-q725202{align-content: center !important}
.p-q725202 .pagelayer-col-holder > div:not(:last-child){margin-bottom: 15px}
.p-q725202 > .pagelayer-background-overlay{-webkit-transition: all 400ms !important; transition: all 400ms !important}
</style>
<div class=""pagelayer-col-holder""><div class=""p-55r4448 pagelayer-post_nav"" pagelayer-id=""55r4448"">
<style pagelayer-style-id=""55r4448"">.p-55r4448 .pagelayer-post-nav-link{color:#adb5bd;font-family:  !important; font-size: 15px !important; font-style:  !important; font-weight:  !important; font-variant:  !important; text-decoration-line:  !important; text-decoration-style:  !important; line-height: em !important; text-transform:  !important; letter-spacing: px !important; word-spacing: px !important}
.p-55r4448 .pagelayer-post-nav-title{color:#000000;font-family:  !important; font-size: 18px !important; font-style:  !important; font-weight: bold !important; font-variant:  !important; text-decoration-line:  !important; text-decoration-style: Solid !important; line-height: em !important; text-transform:  !important; letter-spacing: px !important; word-spacing: px !important}
.p-55r4448 .pagelayer-post-nav-icon{color:#adb5bd;font-size:30px}
.p-55r4448 .pagelayer-post-nav-separator{display:none}
@media (max-width: 768px) and (min-width: 501px){.p-55r4448 .pagelayer-post-nav-link{font-family:  !important; font-size: 12px !important; font-style:  !important; font-weight:  !important; font-variant:  !important; text-decoration-line:  !important; text-decoration-style: Solid !important; line-height: em !important; text-transform:  !important; letter-spacing: px !important; word-spacing: px !important}
.p-55r4448 .pagelayer-post-nav-title{font-family:  !important; font-size: 15px !important; font-style:  !important; font-weight:  !important; font-variant:  !important; text-decoration-line:  !important; text-decoration-style: Solid !important; line-height: em !important; text-transform:  !important; letter-spacing: px !important; word-spacing: px !important}
}
@media (max-width: 500px){.p-55r4448 .pagelayer-post-nav-link{font-family:  !important; font-size: 12px !important; font-style:  !important; font-weight:  !important; font-variant:  !important; text-decoration-line:  !important; text-decoration-style: Solid !important; line-height: em !important; text-transform:  !important; letter-spacing: px !important; word-spacing: px !important}
.p-55r4448 .pagelayer-post-nav-title{font-family:  !important; font-size: 12px !important; font-style:  !important; font-weight:  !important; font-variant:  !important; text-decoration-line:  !important; text-decoration-style: Solid !important; line-height: em !important; text-transform:  !important; letter-spacing: px !important; word-spacing: px !important}
}
</style><div class=""pagelayer-post-nav-container"">
<div class=""pagelayer-prev-post"">
<a href=""https://almuftionline.com/2022/02/21/8390/"" rel=""prev""><span class=""pagelayer-post-nav-icon fa fa-chevron-left""></span>
<span class=""pagelayer-next-holder"">
<span class=""pagelayer-post-nav-link""> Previous</span><span class=""pagelayer-post-nav-title"">درخواست اجراء سرٹیفیکیٹ برائے شرعی وراثت نامہ</span>
</span></a>
</div>
<div class=""pagelayer-post-nav-separator""></div>
<div class=""pagelayer-next-post"">
<a href=""https://almuftionline.com/2022/02/21/9212/"" rel=""next""><span class=""pagelayer-next-holder"">
<span class=""pagelayer-post-nav-link""> Next</span><span class=""pagelayer-post-nav-title"">تین طلاق کے کاغذ پر خلع کا کاغذ سمجھ کر دستخط کرنا</span>
</span>
<span class=""pagelayer-post-nav-icon fa fa-chevron-right""></span></a>
</div>
</div></div></div></div></div></div></div>"
2022-02-21,https://almuftionline.com/2022/02/21/8390/,درخواست اجراء سرٹیفیکیٹ برائے شرعی وراثت نامہ,"<p>محترم مفتی صاحب!</p><p>گزارش ہے کہ ہمیں اپنےمکان 2/7 ایریا <span dir=""LTR"">5-D</span> نیو کراچی کا شرعی حصہ بنوانا ہے، یہ مکان میری والدہ حسن جہاں بیگم کی زیر ملکیت تھا، جن کی صرف دو اولاد تھیں، ایک بیٹا اور ایک بیٹی:</p><ul>
<li>بیٹے کا نام شیخ سمیرم محبوب( مرحوم)</li>
<li>بیٹی کا نام سمیرا انیس (حیات)</li>
</ul><p>اب جبکہشیخ سمیرم محبوب صاحب کا انتقال ہوچکا ہے تو ان کے لواحقین میں ایک بیوہ، دو بیٹے اور تین بیٹیاں ہیں۔ ایک بہن سمیرا انیس زوجہ انیس لودھی ہیں جن کی کوئی اولاد نہیں ہے۔</p><p>آپ سے گزارش ہے کہ آپ مدرسے کے لیٹر پیڈ پر اس مکان میں تمام ورثاء کا شرعی حصہ بتادیں۔</p>","<h4 class=""has-text-align-center"">اَلجَوَابْ بِاسْمِ مُلْہِمِ الصَّوَابْ

</h4><p>مرحومہ حسن جہاں کے انتقال کے وقت ان کا ایک بیٹا اور ایک بیٹی موجود تھے، پھر بعد میں ایک بیٹا کا انتقال ہوا، لہذا دونوں میتوں کے ورثاء میں مکان حسب ذیل تقسیم ہوگا:</p><p>مرحومہ حسن جہاں کے مذکورہ گھر کو 12 حصوں میں  تقسیم کیا جائے جن میں سے 4 حصے حسن جہاں کی بیٹی سمیرا انیس کو، 1 حصہ شیخ سمیرم محبوب کی بیوہ کو، 2 حصے سمیرم کے بڑے بیٹے کو، 2 حصے سمیرم کے چھوٹے بیٹے کو، اور ایک ایک حصہ سمیرم کی ہر ایک بیٹی کو دیا جائے گا۔</p><p>فیصد کے اعتبار سے تقسیم یوں ہوگی کہ حسن جہاں کی مکان سے ان کی بیٹی مسمات سمیراانیس کو ٪33<span dir=""LTR"">3</span>3<span dir=""LTR"">33.</span>فیصد، اور شیخ سمیرم محبوب کی بیوہ کو ٪33<span dir=""LTR"">.33</span>8فیصد،شیخ سمیرم محبوب کے بڑے بیٹے کو <span dir=""LTR"">16.6666%</span>فیصد، اور چھوٹے بیٹے کو <span dir=""LTR"">16.6666%</span>فیصد،اور ہر ایک بیٹی کو علیحدہ علیحدہ ٪<span dir=""LTR"">.3333</span>8 فیصددیا جائے۔</p><h6 class=""has-text-align-right"">حوالہ جات</h6><div style=""direction: rtl;font-family: Amiri;
    
     font-size: 13px; font-weight: 400;""></div><p>   محمدنصیر</p><p> دارالافتا ءجامعۃالرشید کراچی</p><p><span dir=""RTL""> 19،رجب المرجب،1443ھ</span></p><h6 class=""has-text-align-center"">
واللہ سبحانہ وتعالی اعلم
</h6><figure class=""wp-block-table""><table><tbody><tr><td><h3>مجیب</h3></td><td>محمد نصیر ولد عبد الرؤوف</td><td><h3>مفتیان</h3></td><td>سیّد عابد شاہ صاحب / سعید احمد حسن صاحب</td></tr></tbody></table></figure>",76061,jameya-tur-rasheed,میراث کے مسائل,میراث کے متفرق مسائل,"<div class=""pagelayer-col-holder""><div class=""p-kgd1425 pagelayer-post_excerpt"" pagelayer-id=""kgd1425"">
<style pagelayer-style-id=""kgd1425"">.p-kgd1425 .pagelayer-post-excerpt{color:#adb5bd;font-family: ; font-size: 15px !important; font-style: Italic !important; font-weight: 500 !important; font-variant:  !important; text-decoration-line:  !important; text-decoration-style:  !important; line-height: 1.5em !important; text-transform:  !important; letter-spacing: px !important; word-spacing: px !important;margin-top:0px; margin-right:0px; margin-bottom:0px; margin-left:0px}
.p-kgd1425{text-align: left;margin-top: 0px; margin-right: 0px; margin-bottom: 0px; margin-left: 0px;padding-top: 0px; padding-right: 0px; padding-bottom: 0px; padding-left: 0px}
</style></div><div class=""p-4wb1030 pagelayer-featured_img"" pagelayer-id=""4wb1030"">
<style pagelayer-style-id=""4wb1030"">.p-4wb1030{text-align: center}
.p-4wb1030 img{filter: blur(0px) brightness(100%) contrast(100%) grayscale(0%) hue-rotate(0deg) opacity(100%) saturate(100%);box-shadow: 0px 24px 36px 0px rgba(0,0,0,0.10)  !important;-webkit-transition: all 400ms; transition: all 400ms}
.p-4wb1030 .pagelayer-featured-caption{color: #0986c0}
</style>
<div class=""pagelayer-featured-img""></div>
</div><div class=""p-f8n3612 pagelayer-inner_row pagelayer-row-stretch-auto pagelayer-height-default"" pagelayer-id=""f8n3612"">
<style pagelayer-style-id=""f8n3612"">.p-f8n3612 .pagelayer-col-holder{padding: 10px}
.p-f8n3612 > .pagelayer-background-overlay{-webkit-transition: all 400ms !important; transition: all 400ms !important}
.p-f8n3612 .pagelayer-svg-top .pagelayer-shape-fill{fill:#227bc3}
.p-f8n3612 .pagelayer-row-svg .pagelayer-svg-top{width:100%;height:100px}
.p-f8n3612 .pagelayer-svg-bottom .pagelayer-shape-fill{fill:#e44993}
.p-f8n3612 .pagelayer-row-svg .pagelayer-svg-bottom{width:100%;height:100px}
</style>
<div class=""pagelayer-row-holder pagelayer-row pagelayer-auto pagelayer-width-auto""><div class=""p-i795860 pagelayer-col pagelayer-col-4"" pagelayer-id=""i795860"">
<style pagelayer-style-id=""i795860"">.p-i795860{align-content: center !important}
.p-i795860 .pagelayer-col-holder > div:not(:last-child){margin-bottom: 15px}
.p-i795860 > .pagelayer-background-overlay{-webkit-transition: all 400ms !important; transition: all 400ms !important}
</style>
<div class=""pagelayer-col-holder""><div class=""p-qip3968 pagelayer-post_info"" pagelayer-id=""qip3968"">
<style pagelayer-style-id=""qip3968"">.p-qip3968 .pagelayer-post-info-vertical .pagelayer-post-info-list-container{margin-right:25px}
.p-qip3968 .pagelayer-post-info-horizontal .pagelayer-post-info-list-container{margin-bottom:25px}
.p-qip3968 .pagelayer-post-info-container{text-align:right}
.p-qip3968 .pagelayer-post-info-icon span{font-size:120%;color:#495057}
.p-qip3968 .pagelayer-post-info-list-container a{font-family: Roboto !important; font-size: 14px !important; font-style:  !important; font-weight: 500 !important; font-variant:  !important; text-decoration-line:  !important; text-decoration-style:  !important; line-height: 1.6em !important; text-transform:  !important; letter-spacing: px !important; word-spacing: px !important}
.p-qip3968 .pagelayer-post-info-label{color:#495057}
.p-qip3968 .pagelayer-post-info-label a{color:#495057}
.p-qip3968 .pagelayer-post-info-label:hover{color:#000000}
.p-qip3968 .pagelayer-post-info-label:hover a{color:#000000}
</style><div class=""pagelayer-post-info-container pagelayer-post-info-vertical""><div class=""p-xj43574 pagelayer-post_info_list"" pagelayer-id=""xj43574"">
<div class=""pagelayer-post-info-list-container"">
<a class=""pagelayer-post-info-list-link"" href=""https://almuftionline.com/2022/02/21/"">
<span class=""pagelayer-post-info-icon"">
<span class=""far fa-clock""></span>
</span>
<span class=""pagelayer-post-info-label pagelayer-date"">فروری 21, 2022</span>
</a>
</div></div></div></div></div></div><div class=""p-t2j1983 pagelayer-col pagelayer-col-7"" pagelayer-id=""t2j1983"">
<style pagelayer-style-id=""t2j1983"">.p-t2j1983{align-content: center !important}
.p-t2j1983 .pagelayer-col-holder > div:not(:last-child){margin-bottom: 15px}
.p-t2j1983 > .pagelayer-background-overlay{-webkit-transition: all 400ms !important; transition: all 400ms !important}
</style>
<div class=""pagelayer-col-holder""><div class=""p-dbq3916 pagelayer-post_info"" pagelayer-id=""dbq3916"">
<style pagelayer-style-id=""dbq3916"">.p-dbq3916 .pagelayer-post-info-container{text-align:right}
.p-dbq3916 .pagelayer-post-info-icon span{font-size:120%;color:#495057}
.p-dbq3916 .pagelayer-post-info-list-container a{font-family: Roboto !important; font-size: 14px !important; font-style:  !important; font-weight: 500 !important; font-variant:  !important; text-decoration-line:  !important; text-decoration-style:  !important; line-height: 1.6em !important; text-transform:  !important; letter-spacing: px !important; word-spacing: px !important}
.p-dbq3916 .pagelayer-post-info-label{color:#0072ff}
.p-dbq3916 .pagelayer-post-info-label a{color:#0072ff}
.p-dbq3916 .pagelayer-terms *{color:#f8952c !important;padding-top:5px; padding-right:10px; padding-bottom:5px; padding-left:10px;margin-top:0px; margin-right:5px; margin-bottom:0px; margin-left:5px;border-radius: 4px 4px 4px 4px; -webkit-border-radius:  4px 4px 4px 4px;-moz-border-radius: 4px 4px 4px 4px}
.p-dbq3916{padding-top: 0px; padding-right: 0px; padding-bottom: 0px; padding-left: 0px}
@media (max-width: 768px) and (min-width: 501px){.p-dbq3916 .pagelayer-post-info-container{text-align:left}
}
@media (max-width: 500px){.p-dbq3916 .pagelayer-post-info-container{text-align:left}
}
</style><div class=""pagelayer-post-info-container pagelayer-post-info-vertical""><div class=""p-wpv7212 pagelayer-post_info_list"" pagelayer-id=""wpv7212"">
<div class=""pagelayer-post-info-list-container"">
<span class=""pagelayer-post-info-icon"">
</span>
<span class=""pagelayer-post-info-label pagelayer-terms""> <a href=""https://almuftionline.com/category/fatwa/53/""> میراث کے مسائل </a></span>
</div></div></div></div></div></div></div></div><div class=""p-trw3096 pagelayer-inner_row pagelayer-row-stretch-auto pagelayer-height-default"" pagelayer-id=""trw3096"">
<style pagelayer-style-id=""trw3096"">.p-trw3096 .pagelayer-col-holder{padding: 10px}
.p-trw3096 > .pagelayer-background-overlay{-webkit-transition: all 400ms !important; transition: all 400ms !important}
.p-trw3096 .pagelayer-svg-top .pagelayer-shape-fill{fill:#227bc3}
.p-trw3096 .pagelayer-row-svg .pagelayer-svg-top{width:100%;height:100px}
.p-trw3096 .pagelayer-svg-bottom .pagelayer-shape-fill{fill:#e44993}
.p-trw3096 .pagelayer-row-svg .pagelayer-svg-bottom{width:100%;height:100px}
</style>
<div class=""pagelayer-row-holder pagelayer-row pagelayer-auto pagelayer-width-auto""><div class=""p-wwu6541 pagelayer-col pagelayer-col-2"" pagelayer-id=""wwu6541"">
<style pagelayer-style-id=""wwu6541"">.p-wwu6541{align-content: center !important}
.p-wwu6541 .pagelayer-col-holder > div:not(:last-child){margin-bottom: 15px}
.p-wwu6541 > .pagelayer-background-overlay{-webkit-transition: all 400ms !important; transition: all 400ms !important}
</style>
<div class=""pagelayer-col-holder""><div class=""p-ccj4284 pagelayer-post_content"" pagelayer-id=""ccj4284"">
<style pagelayer-style-id=""ccj4284"">.p-ccj4284{text-align: right}
</style><div class=""entry-content pagelayer-post-excerpt""><figure class=""wp-block-table""><table><tbody><tr><td>76061</td><td>میراث کے مسائل</td><td>میراث کے متفرق مسائل</td></tr></tbody></table></figure><div style=""direction:rtl;line-height: 2.5;""><h3 class=""has-text-align-center"">سوال</h3><p>محترم مفتی صاحب!</p>
<p>گزارش ہے کہ ہمیں اپنےمکان 2/7 ایریا <span dir=""LTR"">5-D</span> نیو کراچی کا شرعی حصہ بنوانا ہے، یہ مکان میری والدہ حسن جہاں بیگم کی زیر ملکیت تھا، جن کی صرف دو اولاد تھیں، ایک بیٹا اور ایک بیٹی:</p>
<ul>
<li>بیٹے کا نام شیخ سمیرم محبوب( مرحوم)</li>
<li>بیٹی کا نام سمیرا انیس (حیات)</li>
</ul>
<p>اب جبکہشیخ سمیرم محبوب صاحب کا انتقال ہوچکا ہے تو ان کے لواحقین میں ایک بیوہ، دو بیٹے اور تین بیٹیاں ہیں۔ ایک بہن سمیرا انیس زوجہ انیس لودھی ہیں جن کی کوئی اولاد نہیں ہے۔</p>
<p>آپ سے گزارش ہے کہ آپ مدرسے کے لیٹر پیڈ پر اس مکان میں تمام ورثاء کا شرعی حصہ بتادیں۔</p>
<h4 class=""has-text-align-center"">اَلجَوَابْ بِاسْمِ مُلْہِمِ الصَّوَابْ

</h4><p>مرحومہ حسن جہاں کے انتقال کے وقت ان کا ایک بیٹا اور ایک بیٹی موجود تھے، پھر بعد میں ایک بیٹا کا انتقال ہوا، لہذا دونوں میتوں کے ورثاء میں مکان حسب ذیل تقسیم ہوگا:</p>
<p>مرحومہ حسن جہاں کے مذکورہ گھر کو 12 حصوں میں  تقسیم کیا جائے جن میں سے 4 حصے حسن جہاں کی بیٹی سمیرا انیس کو، 1 حصہ شیخ سمیرم محبوب کی بیوہ کو، 2 حصے سمیرم کے بڑے بیٹے کو، 2 حصے سمیرم کے چھوٹے بیٹے کو، اور ایک ایک حصہ سمیرم کی ہر ایک بیٹی کو دیا جائے گا۔</p>
<p>فیصد کے اعتبار سے تقسیم یوں ہوگی کہ حسن جہاں کی مکان سے ان کی بیٹی مسمات سمیراانیس کو ٪33<span dir=""LTR"">3</span>3<span dir=""LTR"">33.</span>فیصد، اور شیخ سمیرم محبوب کی بیوہ کو ٪33<span dir=""LTR"">.33</span>8فیصد،شیخ سمیرم محبوب کے بڑے بیٹے کو <span dir=""LTR"">16.6666%</span>فیصد، اور چھوٹے بیٹے کو <span dir=""LTR"">16.6666%</span>فیصد،اور ہر ایک بیٹی کو علیحدہ علیحدہ ٪<span dir=""LTR"">.3333</span>8 فیصددیا جائے۔</p>
</div><h6 class=""has-text-align-right"">حوالہ جات</h6><div style=""direction: rtl;font-family: Amiri;
    
     font-size: 13px; font-weight: 400;""></div><p>   محمدنصیر</p>
<p> دارالافتا ءجامعۃالرشید کراچی</p>
<p><span dir=""RTL""> 19،رجب المرجب،1443ھ</span></p>
<h6 class=""has-text-align-center"">
واللہ سبحانہ وتعالی اعلم
</h6><figure class=""wp-block-table""><table><tbody><tr><td><h3>مجیب</h3></td><td>محمد نصیر ولد عبد الرؤوف</td><td><h3>مفتیان</h3></td><td>سیّد عابد شاہ صاحب / سعید احمد حسن صاحب</td></tr></tbody></table></figure></div></div></div></div></div></div><div class=""p-wl6689 pagelayer-inner_row pagelayer-row-stretch-auto pagelayer-height-default"" pagelayer-id=""wl6689"">
<style pagelayer-style-id=""wl6689"">.p-wl6689 .pagelayer-col-holder{padding: 10px}
.p-wl6689 > .pagelayer-background-overlay{-webkit-transition: all 400ms !important; transition: all 400ms !important}
.p-wl6689 .pagelayer-svg-top .pagelayer-shape-fill{fill:#227bc3}
.p-wl6689 .pagelayer-row-svg .pagelayer-svg-top{width:100%;height:100px}
.p-wl6689 .pagelayer-svg-bottom .pagelayer-shape-fill{fill:#e44993}
.p-wl6689 .pagelayer-row-svg .pagelayer-svg-bottom{width:100%;height:100px}
</style>
<div class=""pagelayer-row-holder pagelayer-row pagelayer-auto pagelayer-width-auto""><div class=""p-jzl6522 pagelayer-col pagelayer-col-6"" pagelayer-id=""jzl6522"">
<style pagelayer-style-id=""jzl6522"">.p-jzl6522{align-content: center !important}
.p-jzl6522 .pagelayer-col-holder > div:not(:last-child){margin-bottom: 15px}
.p-jzl6522 > .pagelayer-background-overlay{-webkit-transition: all 400ms !important; transition: all 400ms !important}
</style>
<div class=""pagelayer-col-holder""><div class=""p-xsb5673 pagelayer-share_grp pagelayer-share-type-icon-label pagelayer-social-bg-none pagelayer-scheme-official"" pagelayer-id=""xsb5673"">
<style pagelayer-style-id=""xsb5673"">.p-xsb5673{text-align: right}
.p-xsb5673 .pagelayer-share-content{min-height: 35px;-webkit-transition: all 400ms; transition: all 400ms}
.p-xsb5673 i{font-size: 27px}
.p-xsb5673 .pagelayer-icon-holder{font-size: 27px}
.p-xsb5673 .pagelayer-share-content i{-webkit-transition: all 400ms; transition: all 400ms}
.p-xsb5673 .pagelayer-icon-name{font-family: Roboto; font-size: 15px !important; font-style:  !important; font-weight: 500 !important; font-variant:  !important; text-decoration-line:  !important; text-decoration-style:  !important; line-height: em !important; text-transform:  !important; letter-spacing: px !important; word-spacing: px !important}
@media (max-width: 768px) and (min-width: 501px){.p-xsb5673{text-align: left}
.p-xsb5673 .pagelayer-share{padding-top: 10px; padding-bottom: 10px;padding-left: 10px; padding-right: 10px}
.p-xsb5673 i{font-size: 20px}
.p-xsb5673 .pagelayer-icon-holder{font-size: 20px}
.p-xsb5673 .pagelayer-icon-name{font-family: ; font-size: 13px !important; font-style:  !important; font-weight:  !important; font-variant:  !important; text-decoration-line:  !important; text-decoration-style:  !important; line-height: em !important; text-transform:  !important; letter-spacing: px !important; word-spacing: px !important}
}
@media (max-width: 500px){.p-xsb5673{text-align: left}
.p-xsb5673 .pagelayer-share{padding-top: 10px; padding-bottom: 10px;padding-left: 10px; padding-right: 10px}
.p-xsb5673 .pagelayer-share-content{min-height: NaNpx}
.p-xsb5673 i{font-size: 20px}
.p-xsb5673 .pagelayer-icon-holder{font-size: 20px}
.p-xsb5673 .pagelayer-icon-name{font-family: ; font-size: 13px !important; font-style:  !important; font-weight:  !important; font-variant:  !important; text-decoration-line:  !important; text-decoration-style:  !important; line-height: em !important; text-transform:  !important; letter-spacing: px !important; word-spacing: px !important}
}
</style><div class=""p-9mh2934 pagelayer-share"" pagelayer-id=""9mh2934"">
<a class=""pagelayer-ele-link"" href=""https://www.facebook.com/sharer/sharer.php?u=almuftionline.com/2022/02/21/8390/"" target=""_blank"" title=""fab fa-facebook-square"">
<div class=""pagelayer-share-content pagelayer-facebook-square"" data-icon=""fab fa-facebook-square"">
<div class=""pagelayer-icon-holder pagelayer-share-buttons"">
<i class=""pagelayer-social-fa fab fa-facebook-square""></i>
</div>
<div class=""pagelayer-icon-name"">
<span class=""pagelayer-icon-name-span"">Facebook</span>
</div>
</div>
</a></div><div class=""p-rai4926 pagelayer-share"" pagelayer-id=""rai4926"">
<a class=""pagelayer-ele-link"" href=""https://twitter.com/share?url=almuftionline.com/2022/02/21/8390/"" target=""_blank"" title=""fab fa-twitter-square"">
<div class=""pagelayer-share-content pagelayer-twitter-square"" data-icon=""fab fa-twitter-square"">
<div class=""pagelayer-icon-holder pagelayer-share-buttons"">
<i class=""pagelayer-social-fa fab fa-twitter-square""></i>
</div>
<div class=""pagelayer-icon-name"">
<span class=""pagelayer-icon-name-span"">Twitter</span>
</div>
</div>
</a></div><div class=""p-ndy3728 pagelayer-share"" pagelayer-id=""ndy3728"">
<a class=""pagelayer-ele-link"" href=""whatsapp://send?text=almuftionline.com/2022/02/21/8390/"" target=""_blank"" title=""fab fa-whatsapp"">
<div class=""pagelayer-share-content pagelayer-whatsapp"" data-icon=""fab fa-whatsapp"">
<div class=""pagelayer-icon-holder pagelayer-share-buttons"">
<i class=""pagelayer-social-fa fab fa-whatsapp""></i>
</div>
<div class=""pagelayer-icon-name"">
<span class=""pagelayer-icon-name-span"">WhatsApp</span>
</div>
</div>
</a></div></div></div></div></div></div><div class=""p-zqp4850 pagelayer-inner_row pagelayer-row-stretch-auto pagelayer-height-default"" pagelayer-id=""zqp4850"">
<style pagelayer-style-id=""zqp4850"">.p-zqp4850 .pagelayer-col-holder{padding: 10px}
.p-zqp4850 > .pagelayer-background-overlay{-webkit-transition: all 400ms !important; transition: all 400ms !important}
.p-zqp4850 .pagelayer-svg-top .pagelayer-shape-fill{fill:#227bc3}
.p-zqp4850 .pagelayer-row-svg .pagelayer-svg-top{width:100%;height:100px}
.p-zqp4850 .pagelayer-svg-bottom .pagelayer-shape-fill{fill:#e44993}
.p-zqp4850 .pagelayer-row-svg .pagelayer-svg-bottom{width:100%;height:100px}
</style>
<div class=""pagelayer-row-holder pagelayer-row pagelayer-auto pagelayer-width-auto""><div class=""p-q725202 pagelayer-col pagelayer-col-2"" pagelayer-id=""q725202"">
<style pagelayer-style-id=""q725202"">.p-q725202{align-content: center !important}
.p-q725202 .pagelayer-col-holder > div:not(:last-child){margin-bottom: 15px}
.p-q725202 > .pagelayer-background-overlay{-webkit-transition: all 400ms !important; transition: all 400ms !important}
</style>
<div class=""pagelayer-col-holder""><div class=""p-55r4448 pagelayer-post_nav"" pagelayer-id=""55r4448"">
<style pagelayer-style-id=""55r4448"">.p-55r4448 .pagelayer-post-nav-link{color:#adb5bd;font-family:  !important; font-size: 15px !important; font-style:  !important; font-weight:  !important; font-variant:  !important; text-decoration-line:  !important; text-decoration-style:  !important; line-height: em !important; text-transform:  !important; letter-spacing: px !important; word-spacing: px !important}
.p-55r4448 .pagelayer-post-nav-title{color:#000000;font-family:  !important; font-size: 18px !important; font-style:  !important; font-weight: bold !important; font-variant:  !important; text-decoration-line:  !important; text-decoration-style: Solid !important; line-height: em !important; text-transform:  !important; letter-spacing: px !important; word-spacing: px !important}
.p-55r4448 .pagelayer-post-nav-icon{color:#adb5bd;font-size:30px}
.p-55r4448 .pagelayer-post-nav-separator{display:none}
@media (max-width: 768px) and (min-width: 501px){.p-55r4448 .pagelayer-post-nav-link{font-family:  !important; font-size: 12px !important; font-style:  !important; font-weight:  !important; font-variant:  !important; text-decoration-line:  !important; text-decoration-style: Solid !important; line-height: em !important; text-transform:  !important; letter-spacing: px !important; word-spacing: px !important}
.p-55r4448 .pagelayer-post-nav-title{font-family:  !important; font-size: 15px !important; font-style:  !important; font-weight:  !important; font-variant:  !important; text-decoration-line:  !important; text-decoration-style: Solid !important; line-height: em !important; text-transform:  !important; letter-spacing: px !important; word-spacing: px !important}
}
@media (max-width: 500px){.p-55r4448 .pagelayer-post-nav-link{font-family:  !important; font-size: 12px !important; font-style:  !important; font-weight:  !important; font-variant:  !important; text-decoration-line:  !important; text-decoration-style: Solid !important; line-height: em !important; text-transform:  !important; letter-spacing: px !important; word-spacing: px !important}
.p-55r4448 .pagelayer-post-nav-title{font-family:  !important; font-size: 12px !important; font-style:  !important; font-weight:  !important; font-variant:  !important; text-decoration-line:  !important; text-decoration-style: Solid !important; line-height: em !important; text-transform:  !important; letter-spacing: px !important; word-spacing: px !important}
}
</style><div class=""pagelayer-post-nav-container"">
<div class=""pagelayer-prev-post"">
<a href=""https://almuftionline.com/2022/02/21/6831/"" rel=""prev""><span class=""pagelayer-post-nav-icon fa fa-chevron-left""></span>
<span class=""pagelayer-next-holder"">
<span class=""pagelayer-post-nav-link""> Previous</span><span class=""pagelayer-post-nav-title"">حاملہ بیوی  کو حالت حمل میں والدین یا بھائی کے گھر چھوڑنا</span>
</span></a>
</div>
<div class=""pagelayer-post-nav-separator""></div>
<div class=""pagelayer-next-post"">
<a href=""https://almuftionline.com/2022/02/21/9211/"" rel=""next""><span class=""pagelayer-next-holder"">
<span class=""pagelayer-post-nav-link""> Next</span><span class=""pagelayer-post-nav-title"">رقم قرض دے کر بدلے میں سونا لینے کا حکم</span>
</span>
<span class=""pagelayer-post-nav-icon fa fa-chevron-right""></span></a>
</div>
</div></div></div></div></div></div></div>"
2022-02-21,https://almuftionline.com/2022/02/21/6831/,حاملہ بیوی  کو حالت حمل میں والدین یا بھائی کے گھر چھوڑنا,<p>کیا فرماتے ہیں مفتیان کرام اس مسئلہ کے بارے میں کہ  ہمارے خاندان میں کئی سالوں سے یہ رواج ہے کہ اگر کسی عورت کو حمل ٹھہر جائے، تو اس کا خاوند اس کو  بچوں سمیت باپ کے گھر چھوڑ آتا ہے، اگر باپ موجود نہ ہو  تو بھائی کے گھر چھوڑ آتا  ہے، اور جب تک بچہ کی پیدائش نہ ہوجائے، بیوی اور بچوں کے سارے اخراجات باپ یا بھائی اٹھاتے ہیں، اس رواج کے بارے میں شریعت کیا کہتی ہے، کیا اس طرح کرنا صحیح ہے؟</p>,"<h4 class=""has-text-align-center"">اَلجَوَابْ بِاسْمِ مُلْہِمِ الصَّوَابْ

</h4><p>شریعتِ مطہرہ نے بیوی اور بچوں کا نان و نفقہ شوہر کے ذمہ واجب قرار دیا ہے۔ صورتِ مسئولہ میں ذکر کردہ رواج ، جس میں شوہر حاملہ بیوی کو بچوں سمیت والد  یا بھائی کے گھر چھوڑ آتا ہے، اور بیوی بچوں کے سارے اخراجات  والد  یا بھائی اٹھاتے ہیں، اگر وہ  لوگ خوشی سے کرتے ہیں  پھر تو اس میں کوئی حرج نہیں۔ لیکن اگر وہ رسم و رواج کی وجہ سے مجبوری میں کرتے ہیں تو یہ سب کرنا   درست  نہیں  ۔  لہذا اس  رسم و رواج کو ختم کرنے کی ضرورت ہے۔</p><h6 class=""has-text-align-right"">حوالہ جات</h6><div style=""direction: rtl;font-family: Amiri;
    
     font-size: 13px; font-weight: 400;""><p>قال العلامۃ الحصکفی رحمہ اللہ تعالی:</p>
<p>(ونفقة الغير تجب على الغير بأسباب ثلاثة: زوجية، وقرابة، وملك) بدأ بالأول لمناسبة ما مر أو؛ لأنها أصل الولد (فتجب للزوجة) بنكاح صحيح، فلو بان فساده أو بطلانه رجع بما أخذته من النفقة بحر (على زوجها) ؛ لأنها جزاء الاحتباس، وكل محبوس لمنفعة غيره يلزمه نفقته.</p>
<p> (الدر المختار:3/572)</p>
<p>و فی الھندیۃ:</p>
<p>إن كانت المرأة تطيق الجماع،  فلها النفقة. سواء كان الزوج يطيق الجماع، أو لا يطيق، كذا في المحيط. (1/546)</p>
</div><p>عبدالعظیم</p><p><span dir=""RTL"">دارالافتاء، جامعۃالرشید ،کراچی</span></p><p><span dir=""RTL"">19/رجب 1443 ھ         </span></p><h6 class=""has-text-align-center"">
واللہ سبحانہ وتعالی اعلم
</h6><figure class=""wp-block-table""><table><tbody><tr><td><h3>مجیب</h3></td><td>عبدالعظیم بن راحب خشک</td><td><h3>مفتیان</h3></td><td> فیصل احمد صاحب / شہبازعلی صاحب</td></tr></tbody></table></figure>",76734,jameya-tur-rasheed,نان نفقہ کے مسائل,بیوی کا نان نفقہ اور سکنہ ) رہائش (کے مسائل,"<div class=""pagelayer-col-holder""><div class=""p-kgd1425 pagelayer-post_excerpt"" pagelayer-id=""kgd1425"">
<style pagelayer-style-id=""kgd1425"">.p-kgd1425 .pagelayer-post-excerpt{color:#adb5bd;font-family: ; font-size: 15px !important; font-style: Italic !important; font-weight: 500 !important; font-variant:  !important; text-decoration-line:  !important; text-decoration-style:  !important; line-height: 1.5em !important; text-transform:  !important; letter-spacing: px !important; word-spacing: px !important;margin-top:0px; margin-right:0px; margin-bottom:0px; margin-left:0px}
.p-kgd1425{text-align: left;margin-top: 0px; margin-right: 0px; margin-bottom: 0px; margin-left: 0px;padding-top: 0px; padding-right: 0px; padding-bottom: 0px; padding-left: 0px}
</style></div><div class=""p-4wb1030 pagelayer-featured_img"" pagelayer-id=""4wb1030"">
<style pagelayer-style-id=""4wb1030"">.p-4wb1030{text-align: center}
.p-4wb1030 img{filter: blur(0px) brightness(100%) contrast(100%) grayscale(0%) hue-rotate(0deg) opacity(100%) saturate(100%);box-shadow: 0px 24px 36px 0px rgba(0,0,0,0.10)  !important;-webkit-transition: all 400ms; transition: all 400ms}
.p-4wb1030 .pagelayer-featured-caption{color: #0986c0}
</style>
<div class=""pagelayer-featured-img""></div>
</div><div class=""p-f8n3612 pagelayer-inner_row pagelayer-row-stretch-auto pagelayer-height-default"" pagelayer-id=""f8n3612"">
<style pagelayer-style-id=""f8n3612"">.p-f8n3612 .pagelayer-col-holder{padding: 10px}
.p-f8n3612 > .pagelayer-background-overlay{-webkit-transition: all 400ms !important; transition: all 400ms !important}
.p-f8n3612 .pagelayer-svg-top .pagelayer-shape-fill{fill:#227bc3}
.p-f8n3612 .pagelayer-row-svg .pagelayer-svg-top{width:100%;height:100px}
.p-f8n3612 .pagelayer-svg-bottom .pagelayer-shape-fill{fill:#e44993}
.p-f8n3612 .pagelayer-row-svg .pagelayer-svg-bottom{width:100%;height:100px}
</style>
<div class=""pagelayer-row-holder pagelayer-row pagelayer-auto pagelayer-width-auto""><div class=""p-i795860 pagelayer-col pagelayer-col-4"" pagelayer-id=""i795860"">
<style pagelayer-style-id=""i795860"">.p-i795860{align-content: center !important}
.p-i795860 .pagelayer-col-holder > div:not(:last-child){margin-bottom: 15px}
.p-i795860 > .pagelayer-background-overlay{-webkit-transition: all 400ms !important; transition: all 400ms !important}
</style>
<div class=""pagelayer-col-holder""><div class=""p-qip3968 pagelayer-post_info"" pagelayer-id=""qip3968"">
<style pagelayer-style-id=""qip3968"">.p-qip3968 .pagelayer-post-info-vertical .pagelayer-post-info-list-container{margin-right:25px}
.p-qip3968 .pagelayer-post-info-horizontal .pagelayer-post-info-list-container{margin-bottom:25px}
.p-qip3968 .pagelayer-post-info-container{text-align:right}
.p-qip3968 .pagelayer-post-info-icon span{font-size:120%;color:#495057}
.p-qip3968 .pagelayer-post-info-list-container a{font-family: Roboto !important; font-size: 14px !important; font-style:  !important; font-weight: 500 !important; font-variant:  !important; text-decoration-line:  !important; text-decoration-style:  !important; line-height: 1.6em !important; text-transform:  !important; letter-spacing: px !important; word-spacing: px !important}
.p-qip3968 .pagelayer-post-info-label{color:#495057}
.p-qip3968 .pagelayer-post-info-label a{color:#495057}
.p-qip3968 .pagelayer-post-info-label:hover{color:#000000}
.p-qip3968 .pagelayer-post-info-label:hover a{color:#000000}
</style><div class=""pagelayer-post-info-container pagelayer-post-info-vertical""><div class=""p-xj43574 pagelayer-post_info_list"" pagelayer-id=""xj43574"">
<div class=""pagelayer-post-info-list-container"">
<a class=""pagelayer-post-info-list-link"" href=""https://almuftionline.com/2022/02/21/"">
<span class=""pagelayer-post-info-icon"">
<span class=""far fa-clock""></span>
</span>
<span class=""pagelayer-post-info-label pagelayer-date"">فروری 21, 2022</span>
</a>
</div></div></div></div></div></div><div class=""p-t2j1983 pagelayer-col pagelayer-col-7"" pagelayer-id=""t2j1983"">
<style pagelayer-style-id=""t2j1983"">.p-t2j1983{align-content: center !important}
.p-t2j1983 .pagelayer-col-holder > div:not(:last-child){margin-bottom: 15px}
.p-t2j1983 > .pagelayer-background-overlay{-webkit-transition: all 400ms !important; transition: all 400ms !important}
</style>
<div class=""pagelayer-col-holder""><div class=""p-dbq3916 pagelayer-post_info"" pagelayer-id=""dbq3916"">
<style pagelayer-style-id=""dbq3916"">.p-dbq3916 .pagelayer-post-info-container{text-align:right}
.p-dbq3916 .pagelayer-post-info-icon span{font-size:120%;color:#495057}
.p-dbq3916 .pagelayer-post-info-list-container a{font-family: Roboto !important; font-size: 14px !important; font-style:  !important; font-weight: 500 !important; font-variant:  !important; text-decoration-line:  !important; text-decoration-style:  !important; line-height: 1.6em !important; text-transform:  !important; letter-spacing: px !important; word-spacing: px !important}
.p-dbq3916 .pagelayer-post-info-label{color:#0072ff}
.p-dbq3916 .pagelayer-post-info-label a{color:#0072ff}
.p-dbq3916 .pagelayer-terms *{color:#f8952c !important;padding-top:5px; padding-right:10px; padding-bottom:5px; padding-left:10px;margin-top:0px; margin-right:5px; margin-bottom:0px; margin-left:5px;border-radius: 4px 4px 4px 4px; -webkit-border-radius:  4px 4px 4px 4px;-moz-border-radius: 4px 4px 4px 4px}
.p-dbq3916{padding-top: 0px; padding-right: 0px; padding-bottom: 0px; padding-left: 0px}
@media (max-width: 768px) and (min-width: 501px){.p-dbq3916 .pagelayer-post-info-container{text-align:left}
}
@media (max-width: 500px){.p-dbq3916 .pagelayer-post-info-container{text-align:left}
}
</style><div class=""pagelayer-post-info-container pagelayer-post-info-vertical""><div class=""p-wpv7212 pagelayer-post_info_list"" pagelayer-id=""wpv7212"">
<div class=""pagelayer-post-info-list-container"">
<span class=""pagelayer-post-info-icon"">
</span>
<span class=""pagelayer-post-info-label pagelayer-terms""> <a href=""https://almuftionline.com/category/fatwa/21/""> نان نفقہ کے مسائل </a></span>
</div></div></div></div></div></div></div></div><div class=""p-trw3096 pagelayer-inner_row pagelayer-row-stretch-auto pagelayer-height-default"" pagelayer-id=""trw3096"">
<style pagelayer-style-id=""trw3096"">.p-trw3096 .pagelayer-col-holder{padding: 10px}
.p-trw3096 > .pagelayer-background-overlay{-webkit-transition: all 400ms !important; transition: all 400ms !important}
.p-trw3096 .pagelayer-svg-top .pagelayer-shape-fill{fill:#227bc3}
.p-trw3096 .pagelayer-row-svg .pagelayer-svg-top{width:100%;height:100px}
.p-trw3096 .pagelayer-svg-bottom .pagelayer-shape-fill{fill:#e44993}
.p-trw3096 .pagelayer-row-svg .pagelayer-svg-bottom{width:100%;height:100px}
</style>
<div class=""pagelayer-row-holder pagelayer-row pagelayer-auto pagelayer-width-auto""><div class=""p-wwu6541 pagelayer-col pagelayer-col-2"" pagelayer-id=""wwu6541"">
<style pagelayer-style-id=""wwu6541"">.p-wwu6541{align-content: center !important}
.p-wwu6541 .pagelayer-col-holder > div:not(:last-child){margin-bottom: 15px}
.p-wwu6541 > .pagelayer-background-overlay{-webkit-transition: all 400ms !important; transition: all 400ms !important}
</style>
<div class=""pagelayer-col-holder""><div class=""p-ccj4284 pagelayer-post_content"" pagelayer-id=""ccj4284"">
<style pagelayer-style-id=""ccj4284"">.p-ccj4284{text-align: right}
</style><div class=""entry-content pagelayer-post-excerpt""><figure class=""wp-block-table""><table><tbody><tr><td>76734</td><td>نان نفقہ کے مسائل</td><td>بیوی کا نان نفقہ اور سکنہ ) رہائش (کے مسائل</td></tr></tbody></table></figure><div style=""direction:rtl;line-height: 2.5;""><h3 class=""has-text-align-center"">سوال</h3><p>کیا فرماتے ہیں مفتیان کرام اس مسئلہ کے بارے میں کہ  ہمارے خاندان میں کئی سالوں سے یہ رواج ہے کہ اگر کسی عورت کو حمل ٹھہر جائے، تو اس کا خاوند اس کو  بچوں سمیت باپ کے گھر چھوڑ آتا ہے، اگر باپ موجود نہ ہو  تو بھائی کے گھر چھوڑ آتا  ہے، اور جب تک بچہ کی پیدائش نہ ہوجائے، بیوی اور بچوں کے سارے اخراجات باپ یا بھائی اٹھاتے ہیں، اس رواج کے بارے میں شریعت کیا کہتی ہے، کیا اس طرح کرنا صحیح ہے؟</p>
<h4 class=""has-text-align-center"">اَلجَوَابْ بِاسْمِ مُلْہِمِ الصَّوَابْ

</h4><p>شریعتِ مطہرہ نے بیوی اور بچوں کا نان و نفقہ شوہر کے ذمہ واجب قرار دیا ہے۔ صورتِ مسئولہ میں ذکر کردہ رواج ، جس میں شوہر حاملہ بیوی کو بچوں سمیت والد  یا بھائی کے گھر چھوڑ آتا ہے، اور بیوی بچوں کے سارے اخراجات  والد  یا بھائی اٹھاتے ہیں، اگر وہ  لوگ خوشی سے کرتے ہیں  پھر تو اس میں کوئی حرج نہیں۔ لیکن اگر وہ رسم و رواج کی وجہ سے مجبوری میں کرتے ہیں تو یہ سب کرنا   درست  نہیں  ۔  لہذا اس  رسم و رواج کو ختم کرنے کی ضرورت ہے۔</p>
</div><h6 class=""has-text-align-right"">حوالہ جات</h6><div style=""direction: rtl;font-family: Amiri;
    
     font-size: 13px; font-weight: 400;""><p>قال العلامۃ الحصکفی رحمہ اللہ تعالی:</p>
<p>(ونفقة الغير تجب على الغير بأسباب ثلاثة: زوجية، وقرابة، وملك) بدأ بالأول لمناسبة ما مر أو؛ لأنها أصل الولد (فتجب للزوجة) بنكاح صحيح، فلو بان فساده أو بطلانه رجع بما أخذته من النفقة بحر (على زوجها) ؛ لأنها جزاء الاحتباس، وكل محبوس لمنفعة غيره يلزمه نفقته.</p>
<p> (الدر المختار:3/572)</p>
<p>و فی الھندیۃ:</p>
<p>إن كانت المرأة تطيق الجماع،  فلها النفقة. سواء كان الزوج يطيق الجماع، أو لا يطيق، كذا في المحيط. (1/546)</p>
</div><p>عبدالعظیم</p>
<p><span dir=""RTL"">دارالافتاء، جامعۃالرشید ،کراچی</span></p>
<p><span dir=""RTL"">19/رجب 1443 ھ         </span></p>
<h6 class=""has-text-align-center"">
واللہ سبحانہ وتعالی اعلم
</h6><figure class=""wp-block-table""><table><tbody><tr><td><h3>مجیب</h3></td><td>عبدالعظیم بن راحب خشک</td><td><h3>مفتیان</h3></td><td> فیصل احمد صاحب / شہبازعلی صاحب</td></tr></tbody></table></figure></div></div></div></div></div></div><div class=""p-wl6689 pagelayer-inner_row pagelayer-row-stretch-auto pagelayer-height-default"" pagelayer-id=""wl6689"">
<style pagelayer-style-id=""wl6689"">.p-wl6689 .pagelayer-col-holder{padding: 10px}
.p-wl6689 > .pagelayer-background-overlay{-webkit-transition: all 400ms !important; transition: all 400ms !important}
.p-wl6689 .pagelayer-svg-top .pagelayer-shape-fill{fill:#227bc3}
.p-wl6689 .pagelayer-row-svg .pagelayer-svg-top{width:100%;height:100px}
.p-wl6689 .pagelayer-svg-bottom .pagelayer-shape-fill{fill:#e44993}
.p-wl6689 .pagelayer-row-svg .pagelayer-svg-bottom{width:100%;height:100px}
</style>
<div class=""pagelayer-row-holder pagelayer-row pagelayer-auto pagelayer-width-auto""><div class=""p-jzl6522 pagelayer-col pagelayer-col-6"" pagelayer-id=""jzl6522"">
<style pagelayer-style-id=""jzl6522"">.p-jzl6522{align-content: center !important}
.p-jzl6522 .pagelayer-col-holder > div:not(:last-child){margin-bottom: 15px}
.p-jzl6522 > .pagelayer-background-overlay{-webkit-transition: all 400ms !important; transition: all 400ms !important}
</style>
<div class=""pagelayer-col-holder""><div class=""p-xsb5673 pagelayer-share_grp pagelayer-share-type-icon-label pagelayer-social-bg-none pagelayer-scheme-official"" pagelayer-id=""xsb5673"">
<style pagelayer-style-id=""xsb5673"">.p-xsb5673{text-align: right}
.p-xsb5673 .pagelayer-share-content{min-height: 35px;-webkit-transition: all 400ms; transition: all 400ms}
.p-xsb5673 i{font-size: 27px}
.p-xsb5673 .pagelayer-icon-holder{font-size: 27px}
.p-xsb5673 .pagelayer-share-content i{-webkit-transition: all 400ms; transition: all 400ms}
.p-xsb5673 .pagelayer-icon-name{font-family: Roboto; font-size: 15px !important; font-style:  !important; font-weight: 500 !important; font-variant:  !important; text-decoration-line:  !important; text-decoration-style:  !important; line-height: em !important; text-transform:  !important; letter-spacing: px !important; word-spacing: px !important}
@media (max-width: 768px) and (min-width: 501px){.p-xsb5673{text-align: left}
.p-xsb5673 .pagelayer-share{padding-top: 10px; padding-bottom: 10px;padding-left: 10px; padding-right: 10px}
.p-xsb5673 i{font-size: 20px}
.p-xsb5673 .pagelayer-icon-holder{font-size: 20px}
.p-xsb5673 .pagelayer-icon-name{font-family: ; font-size: 13px !important; font-style:  !important; font-weight:  !important; font-variant:  !important; text-decoration-line:  !important; text-decoration-style:  !important; line-height: em !important; text-transform:  !important; letter-spacing: px !important; word-spacing: px !important}
}
@media (max-width: 500px){.p-xsb5673{text-align: left}
.p-xsb5673 .pagelayer-share{padding-top: 10px; padding-bottom: 10px;padding-left: 10px; padding-right: 10px}
.p-xsb5673 .pagelayer-share-content{min-height: NaNpx}
.p-xsb5673 i{font-size: 20px}
.p-xsb5673 .pagelayer-icon-holder{font-size: 20px}
.p-xsb5673 .pagelayer-icon-name{font-family: ; font-size: 13px !important; font-style:  !important; font-weight:  !important; font-variant:  !important; text-decoration-line:  !important; text-decoration-style:  !important; line-height: em !important; text-transform:  !important; letter-spacing: px !important; word-spacing: px !important}
}
</style><div class=""p-9mh2934 pagelayer-share"" pagelayer-id=""9mh2934"">
<a class=""pagelayer-ele-link"" href=""https://www.facebook.com/sharer/sharer.php?u=almuftionline.com/2022/02/21/6831/"" target=""_blank"" title=""fab fa-facebook-square"">
<div class=""pagelayer-share-content pagelayer-facebook-square"" data-icon=""fab fa-facebook-square"">
<div class=""pagelayer-icon-holder pagelayer-share-buttons"">
<i class=""pagelayer-social-fa fab fa-facebook-square""></i>
</div>
<div class=""pagelayer-icon-name"">
<span class=""pagelayer-icon-name-span"">Facebook</span>
</div>
</div>
</a></div><div class=""p-rai4926 pagelayer-share"" pagelayer-id=""rai4926"">
<a class=""pagelayer-ele-link"" href=""https://twitter.com/share?url=almuftionline.com/2022/02/21/6831/"" target=""_blank"" title=""fab fa-twitter-square"">
<div class=""pagelayer-share-content pagelayer-twitter-square"" data-icon=""fab fa-twitter-square"">
<div class=""pagelayer-icon-holder pagelayer-share-buttons"">
<i class=""pagelayer-social-fa fab fa-twitter-square""></i>
</div>
<div class=""pagelayer-icon-name"">
<span class=""pagelayer-icon-name-span"">Twitter</span>
</div>
</div>
</a></div><div class=""p-ndy3728 pagelayer-share"" pagelayer-id=""ndy3728"">
<a class=""pagelayer-ele-link"" href=""whatsapp://send?text=almuftionline.com/2022/02/21/6831/"" target=""_blank"" title=""fab fa-whatsapp"">
<div class=""pagelayer-share-content pagelayer-whatsapp"" data-icon=""fab fa-whatsapp"">
<div class=""pagelayer-icon-holder pagelayer-share-buttons"">
<i class=""pagelayer-social-fa fab fa-whatsapp""></i>
</div>
<div class=""pagelayer-icon-name"">
<span class=""pagelayer-icon-name-span"">WhatsApp</span>
</div>
</div>
</a></div></div></div></div></div></div><div class=""p-zqp4850 pagelayer-inner_row pagelayer-row-stretch-auto pagelayer-height-default"" pagelayer-id=""zqp4850"">
<style pagelayer-style-id=""zqp4850"">.p-zqp4850 .pagelayer-col-holder{padding: 10px}
.p-zqp4850 > .pagelayer-background-overlay{-webkit-transition: all 400ms !important; transition: all 400ms !important}
.p-zqp4850 .pagelayer-svg-top .pagelayer-shape-fill{fill:#227bc3}
.p-zqp4850 .pagelayer-row-svg .pagelayer-svg-top{width:100%;height:100px}
.p-zqp4850 .pagelayer-svg-bottom .pagelayer-shape-fill{fill:#e44993}
.p-zqp4850 .pagelayer-row-svg .pagelayer-svg-bottom{width:100%;height:100px}
</style>
<div class=""pagelayer-row-holder pagelayer-row pagelayer-auto pagelayer-width-auto""><div class=""p-q725202 pagelayer-col pagelayer-col-2"" pagelayer-id=""q725202"">
<style pagelayer-style-id=""q725202"">.p-q725202{align-content: center !important}
.p-q725202 .pagelayer-col-holder > div:not(:last-child){margin-bottom: 15px}
.p-q725202 > .pagelayer-background-overlay{-webkit-transition: all 400ms !important; transition: all 400ms !important}
</style>
<div class=""pagelayer-col-holder""><div class=""p-55r4448 pagelayer-post_nav"" pagelayer-id=""55r4448"">
<style pagelayer-style-id=""55r4448"">.p-55r4448 .pagelayer-post-nav-link{color:#adb5bd;font-family:  !important; font-size: 15px !important; font-style:  !important; font-weight:  !important; font-variant:  !important; text-decoration-line:  !important; text-decoration-style:  !important; line-height: em !important; text-transform:  !important; letter-spacing: px !important; word-spacing: px !important}
.p-55r4448 .pagelayer-post-nav-title{color:#000000;font-family:  !important; font-size: 18px !important; font-style:  !important; font-weight: bold !important; font-variant:  !important; text-decoration-line:  !important; text-decoration-style: Solid !important; line-height: em !important; text-transform:  !important; letter-spacing: px !important; word-spacing: px !important}
.p-55r4448 .pagelayer-post-nav-icon{color:#adb5bd;font-size:30px}
.p-55r4448 .pagelayer-post-nav-separator{display:none}
@media (max-width: 768px) and (min-width: 501px){.p-55r4448 .pagelayer-post-nav-link{font-family:  !important; font-size: 12px !important; font-style:  !important; font-weight:  !important; font-variant:  !important; text-decoration-line:  !important; text-decoration-style: Solid !important; line-height: em !important; text-transform:  !important; letter-spacing: px !important; word-spacing: px !important}
.p-55r4448 .pagelayer-post-nav-title{font-family:  !important; font-size: 15px !important; font-style:  !important; font-weight:  !important; font-variant:  !important; text-decoration-line:  !important; text-decoration-style: Solid !important; line-height: em !important; text-transform:  !important; letter-spacing: px !important; word-spacing: px !important}
}
@media (max-width: 500px){.p-55r4448 .pagelayer-post-nav-link{font-family:  !important; font-size: 12px !important; font-style:  !important; font-weight:  !important; font-variant:  !important; text-decoration-line:  !important; text-decoration-style: Solid !important; line-height: em !important; text-transform:  !important; letter-spacing: px !important; word-spacing: px !important}
.p-55r4448 .pagelayer-post-nav-title{font-family:  !important; font-size: 12px !important; font-style:  !important; font-weight:  !important; font-variant:  !important; text-decoration-line:  !important; text-decoration-style: Solid !important; line-height: em !important; text-transform:  !important; letter-spacing: px !important; word-spacing: px !important}
}
</style><div class=""pagelayer-post-nav-container"">
<div class=""pagelayer-prev-post"">
<a href=""https://almuftionline.com/2022/02/21/6734/"" rel=""prev""><span class=""pagelayer-post-nav-icon fa fa-chevron-left""></span>
<span class=""pagelayer-next-holder"">
<span class=""pagelayer-post-nav-link""> Previous</span><span class=""pagelayer-post-nav-title"">نماز کی نیت کے الفاظ زبان سے ادا کرنا</span>
</span></a>
</div>
<div class=""pagelayer-post-nav-separator""></div>
<div class=""pagelayer-next-post"">
<a href=""https://almuftionline.com/2022/02/21/8390/"" rel=""next""><span class=""pagelayer-next-holder"">
<span class=""pagelayer-post-nav-link""> Next</span><span class=""pagelayer-post-nav-title"">درخواست اجراء سرٹیفیکیٹ برائے شرعی وراثت نامہ</span>
</span>
<span class=""pagelayer-post-nav-icon fa fa-chevron-right""></span></a>
</div>
</div></div></div></div></div></div></div>"
2022-02-21,https://almuftionline.com/2022/02/21/6734/,نماز کی نیت کے الفاظ زبان سے ادا کرنا,<p> کیا زبان سے نیت کے الفاظ اداکرنا ضروری ہیں؟ اور نماز کی نیت کس طرح کی جائے؟</p>,"<h4 class=""has-text-align-center"">اَلجَوَابْ بِاسْمِ مُلْہِمِ الصَّوَابْ

</h4><ol>
<li>دل کے ارادے کا نام نیت ہے۔ نماز کی نیت کے الفاظ زبان سے ادا کرنا ضروری نہیں، البتہ بعض اوقات انسان کا دل دنیاوی امور اور خیالات میں مشغول رہتا ہے، اس لیے ان دنیاوی خیالات سے چھٹکارا حاصل کرنے اور دل کو حاضر کرنے کے لیے زبان سے نیت کے الفاظ ادا کر لیے جائیں تو بہتر ہے، تاکہ زبان دل کو حاضر کرنے میں معاون بن جائے۔</li>
<li>نیت درج ذیل طریقے سے کی جائے گی:</li>
</ol><ol>
<li>نمازی اگر منفرد ہے تو دل میں یہ ارادہ کر لے کہ وہ فلاں وقت (مثلاً فجر، ظہر یا عصر) کی فلاں نماز (فرض، سنت یا نفل) پڑھ رہا ہے۔</li>
<li>اگر مقتدی ہے تو وہ یہ نیت کرے کہ وہ فلاں وقت کی نماز ادا کر رہا ہے اور اس موجود امام کے اقتدا کر رہا ہے۔</li>
<li>اگر نمازی خود امام ہے تو وہ منفرد کی طرح اپنے نماز کی نیت کرلیں اور ساتھ میں یہ نیت بھی کر لیں کہ میں ان تمام لوگوں کی نیت کر رہا ہوں جو میری اقتدا کرلے۔</li>
</ol><h6 class=""has-text-align-right"">حوالہ جات</h6><div style=""direction: rtl;font-family: Amiri;
    
     font-size: 13px; font-weight: 400;""><p>الدر المختار شرح تنوير الأبصار وجامع البحار (ص59):</p>
<p>أي عمل القلب (أن يعلم) عند الارادة (بداهة) بلا تأمل (‌أي ‌صلاة ‌يصلي) فلو لم يعلم إلا بتأمل لم يجز (والتلفظ) عند الارادة (بها مستحب) هو المختار، وتكون بلفظ الماضي ولو فارسيا لانه الاغلب في الانشاءات، وتصح بالحال. قهستاني (وقيل سنة) يعني أحبه السلف أو سنه علماؤنا إذ لم ينقل عن المصطفى ولا الصحابة ولا التابعين، بل قيل بدعة، وفي المحيط يقول: اللهم إني أريد أن أصلي صلاة كذا فيسرها لي وتقبلها مني، وسيجئ في الحج (وجاز تقديمها على التكبيرة) ولو قبل الوقت.</p>
<p>الهداية في شرح بداية المبتدي (1/ 46):</p>
<p>قال: "" وينوي الصلاة التي يدخل فيها بنية لا يفصل بينها وبين التحريمة بعمل "" والأصل فيه قوله عليه الصلاة والسلام "" الأعمال بالنيات "" ولأن ابتداء الصلاة بالقيام وهو متردد بين العادة والعبادة ولا يقع التمييز بالنية والمتقدم على التكبير كالقائم عنده إذا لم يوجد ما يقطعه وهو عمل لا يليق بالصلاة ولا معتبرة بالمتأخرة منها عنه لأن ما مضى لا يقع عبادة لعدم النية وفي الصوم جوزت للضرورة والنية هي الإرادة والشرط أن يعلم بقلبه ‌أي ‌صلاة ‌يصلي أما الذكر باللسان فلا معتبر به ويحسن ذلك لاجتماع عزيمته ثم إن كانت الصلاة نفلا يكفيه مطلق النية وكذا إن كانت سنة في الصحيح وإن كانت فرضا فلا بد من تعيين الفرض كالظهر مثلا لاختلاف الفروض "" وإن كان مقتديا بغيره ينوي الصلاة ومتابعته "" لأنه يلزمه فساد الصلاة من جهته فلا بد من التزامه.</p>
<p>مراقي الفلاح شرح نور الإيضاح (ص110):</p>
<p>نية ‌المقتدي ‌المتابعة مقارنة لتحريمته"" إما مقارنة حقيقية أو حكمية كما تقدم فينوي الصلاة والمتابعة أيضا.</p>
<p>الدر المختار شرح تنوير الأبصار وجامع البحار (ص60):</p>
<p>(وينوي) ‌المقتدي (‌المتابعة) لم يقل أيضا، لانه لو نوى الاقتداء بالامام أو الشروع في صلاة الامام ولم يعين الصلاة صح في الاصح، وإن لم يعلم بها لجعله نفسه تبعا لصلاة الامام، بخلاف ما لو نوى صلاة الامام وإن انتظر تكبيره في الاصح لعدم نية الاقتداء إلا في جمعة وجنازة وعيد على المختار، لاختصاصها بالجماعة. (ولو نوى فرض الوقت) مع بقائه (جاز إلا في الجمعة)</p>
<p>الفتاوى الهندية (1/ 66):</p>
<p><span dir=""RTL"">والإمام </span><span dir=""RTL"">‌</span><span dir=""RTL"">ينوي </span><span dir=""RTL"">‌</span><span dir=""RTL"">ما </span><span dir=""RTL"">‌</span><span dir=""RTL"">ينوي </span><span dir=""RTL"">‌</span><span dir=""RTL"">المنفرد ولا يحتاج إلى نية الإمامة حتى لو نوى أن لا يؤم فلانا فجاء فلان واقتدى به جاز. هكذا في فتاوى قاضي خان ولا يصير إماما للنساء إلا بالنية. هكذا في المحيط. ولو كان مقتديا ينوي ما ينوي المنفرد وينوي الاقتداء أيضا؛ لأن الاقتداء لا يجوز بدون النية. كذا في فتاوى قاضي خان.</span></p>
</div><p>ناصر خان مندوخیل</p><p>دارالافتاء جامعۃ الرشید کراچی</p><p><span dir=""LTR"">20 </span> رجب 1443 ھ</p><h6 class=""has-text-align-center"">
واللہ سبحانہ وتعالی اعلم
</h6><figure class=""wp-block-table""><table><tbody><tr><td><h3>مجیب</h3></td><td>ناصر خان بن نذیر خان</td><td><h3>مفتیان</h3></td><td> آفتاب احمد صاحب    / سعید احمد حسن صاحب</td></tr></tbody></table></figure>",76065,jameya-tur-rasheed,نماز کا بیان,نماز کی شرائط کا بیان,"<div class=""pagelayer-col-holder""><div class=""p-kgd1425 pagelayer-post_excerpt"" pagelayer-id=""kgd1425"">
<style pagelayer-style-id=""kgd1425"">.p-kgd1425 .pagelayer-post-excerpt{color:#adb5bd;font-family: ; font-size: 15px !important; font-style: Italic !important; font-weight: 500 !important; font-variant:  !important; text-decoration-line:  !important; text-decoration-style:  !important; line-height: 1.5em !important; text-transform:  !important; letter-spacing: px !important; word-spacing: px !important;margin-top:0px; margin-right:0px; margin-bottom:0px; margin-left:0px}
.p-kgd1425{text-align: left;margin-top: 0px; margin-right: 0px; margin-bottom: 0px; margin-left: 0px;padding-top: 0px; padding-right: 0px; padding-bottom: 0px; padding-left: 0px}
</style></div><div class=""p-4wb1030 pagelayer-featured_img"" pagelayer-id=""4wb1030"">
<style pagelayer-style-id=""4wb1030"">.p-4wb1030{text-align: center}
.p-4wb1030 img{filter: blur(0px) brightness(100%) contrast(100%) grayscale(0%) hue-rotate(0deg) opacity(100%) saturate(100%);box-shadow: 0px 24px 36px 0px rgba(0,0,0,0.10)  !important;-webkit-transition: all 400ms; transition: all 400ms}
.p-4wb1030 .pagelayer-featured-caption{color: #0986c0}
</style>
<div class=""pagelayer-featured-img""></div>
</div><div class=""p-f8n3612 pagelayer-inner_row pagelayer-row-stretch-auto pagelayer-height-default"" pagelayer-id=""f8n3612"">
<style pagelayer-style-id=""f8n3612"">.p-f8n3612 .pagelayer-col-holder{padding: 10px}
.p-f8n3612 > .pagelayer-background-overlay{-webkit-transition: all 400ms !important; transition: all 400ms !important}
.p-f8n3612 .pagelayer-svg-top .pagelayer-shape-fill{fill:#227bc3}
.p-f8n3612 .pagelayer-row-svg .pagelayer-svg-top{width:100%;height:100px}
.p-f8n3612 .pagelayer-svg-bottom .pagelayer-shape-fill{fill:#e44993}
.p-f8n3612 .pagelayer-row-svg .pagelayer-svg-bottom{width:100%;height:100px}
</style>
<div class=""pagelayer-row-holder pagelayer-row pagelayer-auto pagelayer-width-auto""><div class=""p-i795860 pagelayer-col pagelayer-col-4"" pagelayer-id=""i795860"">
<style pagelayer-style-id=""i795860"">.p-i795860{align-content: center !important}
.p-i795860 .pagelayer-col-holder > div:not(:last-child){margin-bottom: 15px}
.p-i795860 > .pagelayer-background-overlay{-webkit-transition: all 400ms !important; transition: all 400ms !important}
</style>
<div class=""pagelayer-col-holder""><div class=""p-qip3968 pagelayer-post_info"" pagelayer-id=""qip3968"">
<style pagelayer-style-id=""qip3968"">.p-qip3968 .pagelayer-post-info-vertical .pagelayer-post-info-list-container{margin-right:25px}
.p-qip3968 .pagelayer-post-info-horizontal .pagelayer-post-info-list-container{margin-bottom:25px}
.p-qip3968 .pagelayer-post-info-container{text-align:right}
.p-qip3968 .pagelayer-post-info-icon span{font-size:120%;color:#495057}
.p-qip3968 .pagelayer-post-info-list-container a{font-family: Roboto !important; font-size: 14px !important; font-style:  !important; font-weight: 500 !important; font-variant:  !important; text-decoration-line:  !important; text-decoration-style:  !important; line-height: 1.6em !important; text-transform:  !important; letter-spacing: px !important; word-spacing: px !important}
.p-qip3968 .pagelayer-post-info-label{color:#495057}
.p-qip3968 .pagelayer-post-info-label a{color:#495057}
.p-qip3968 .pagelayer-post-info-label:hover{color:#000000}
.p-qip3968 .pagelayer-post-info-label:hover a{color:#000000}
</style><div class=""pagelayer-post-info-container pagelayer-post-info-vertical""><div class=""p-xj43574 pagelayer-post_info_list"" pagelayer-id=""xj43574"">
<div class=""pagelayer-post-info-list-container"">
<a class=""pagelayer-post-info-list-link"" href=""https://almuftionline.com/2022/02/21/"">
<span class=""pagelayer-post-info-icon"">
<span class=""far fa-clock""></span>
</span>
<span class=""pagelayer-post-info-label pagelayer-date"">فروری 21, 2022</span>
</a>
</div></div></div></div></div></div><div class=""p-t2j1983 pagelayer-col pagelayer-col-7"" pagelayer-id=""t2j1983"">
<style pagelayer-style-id=""t2j1983"">.p-t2j1983{align-content: center !important}
.p-t2j1983 .pagelayer-col-holder > div:not(:last-child){margin-bottom: 15px}
.p-t2j1983 > .pagelayer-background-overlay{-webkit-transition: all 400ms !important; transition: all 400ms !important}
</style>
<div class=""pagelayer-col-holder""><div class=""p-dbq3916 pagelayer-post_info"" pagelayer-id=""dbq3916"">
<style pagelayer-style-id=""dbq3916"">.p-dbq3916 .pagelayer-post-info-container{text-align:right}
.p-dbq3916 .pagelayer-post-info-icon span{font-size:120%;color:#495057}
.p-dbq3916 .pagelayer-post-info-list-container a{font-family: Roboto !important; font-size: 14px !important; font-style:  !important; font-weight: 500 !important; font-variant:  !important; text-decoration-line:  !important; text-decoration-style:  !important; line-height: 1.6em !important; text-transform:  !important; letter-spacing: px !important; word-spacing: px !important}
.p-dbq3916 .pagelayer-post-info-label{color:#0072ff}
.p-dbq3916 .pagelayer-post-info-label a{color:#0072ff}
.p-dbq3916 .pagelayer-terms *{color:#f8952c !important;padding-top:5px; padding-right:10px; padding-bottom:5px; padding-left:10px;margin-top:0px; margin-right:5px; margin-bottom:0px; margin-left:5px;border-radius: 4px 4px 4px 4px; -webkit-border-radius:  4px 4px 4px 4px;-moz-border-radius: 4px 4px 4px 4px}
.p-dbq3916{padding-top: 0px; padding-right: 0px; padding-bottom: 0px; padding-left: 0px}
@media (max-width: 768px) and (min-width: 501px){.p-dbq3916 .pagelayer-post-info-container{text-align:left}
}
@media (max-width: 500px){.p-dbq3916 .pagelayer-post-info-container{text-align:left}
}
</style><div class=""pagelayer-post-info-container pagelayer-post-info-vertical""><div class=""p-wpv7212 pagelayer-post_info_list"" pagelayer-id=""wpv7212"">
<div class=""pagelayer-post-info-list-container"">
<span class=""pagelayer-post-info-icon"">
</span>
<span class=""pagelayer-post-info-label pagelayer-terms""> <a href=""https://almuftionline.com/category/fatwa/13/""> نماز کا بیان </a></span>
</div></div></div></div></div></div></div></div><div class=""p-trw3096 pagelayer-inner_row pagelayer-row-stretch-auto pagelayer-height-default"" pagelayer-id=""trw3096"">
<style pagelayer-style-id=""trw3096"">.p-trw3096 .pagelayer-col-holder{padding: 10px}
.p-trw3096 > .pagelayer-background-overlay{-webkit-transition: all 400ms !important; transition: all 400ms !important}
.p-trw3096 .pagelayer-svg-top .pagelayer-shape-fill{fill:#227bc3}
.p-trw3096 .pagelayer-row-svg .pagelayer-svg-top{width:100%;height:100px}
.p-trw3096 .pagelayer-svg-bottom .pagelayer-shape-fill{fill:#e44993}
.p-trw3096 .pagelayer-row-svg .pagelayer-svg-bottom{width:100%;height:100px}
</style>
<div class=""pagelayer-row-holder pagelayer-row pagelayer-auto pagelayer-width-auto""><div class=""p-wwu6541 pagelayer-col pagelayer-col-2"" pagelayer-id=""wwu6541"">
<style pagelayer-style-id=""wwu6541"">.p-wwu6541{align-content: center !important}
.p-wwu6541 .pagelayer-col-holder > div:not(:last-child){margin-bottom: 15px}
.p-wwu6541 > .pagelayer-background-overlay{-webkit-transition: all 400ms !important; transition: all 400ms !important}
</style>
<div class=""pagelayer-col-holder""><div class=""p-ccj4284 pagelayer-post_content"" pagelayer-id=""ccj4284"">
<style pagelayer-style-id=""ccj4284"">.p-ccj4284{text-align: right}
</style><div class=""entry-content pagelayer-post-excerpt""><figure class=""wp-block-table""><table><tbody><tr><td>76065</td><td>نماز کا بیان</td><td>نماز کی شرائط کا بیان</td></tr></tbody></table></figure><div style=""direction:rtl;line-height: 2.5;""><h3 class=""has-text-align-center"">سوال</h3><p> کیا زبان سے نیت کے الفاظ اداکرنا ضروری ہیں؟ اور نماز کی نیت کس طرح کی جائے؟</p>
<h4 class=""has-text-align-center"">اَلجَوَابْ بِاسْمِ مُلْہِمِ الصَّوَابْ

</h4><ol>
<li>دل کے ارادے کا نام نیت ہے۔ نماز کی نیت کے الفاظ زبان سے ادا کرنا ضروری نہیں، البتہ بعض اوقات انسان کا دل دنیاوی امور اور خیالات میں مشغول رہتا ہے، اس لیے ان دنیاوی خیالات سے چھٹکارا حاصل کرنے اور دل کو حاضر کرنے کے لیے زبان سے نیت کے الفاظ ادا کر لیے جائیں تو بہتر ہے، تاکہ زبان دل کو حاضر کرنے میں معاون بن جائے۔</li>
<li>نیت درج ذیل طریقے سے کی جائے گی:</li>
</ol>
<ol>
<li>نمازی اگر منفرد ہے تو دل میں یہ ارادہ کر لے کہ وہ فلاں وقت (مثلاً فجر، ظہر یا عصر) کی فلاں نماز (فرض، سنت یا نفل) پڑھ رہا ہے۔</li>
<li>اگر مقتدی ہے تو وہ یہ نیت کرے کہ وہ فلاں وقت کی نماز ادا کر رہا ہے اور اس موجود امام کے اقتدا کر رہا ہے۔</li>
<li>اگر نمازی خود امام ہے تو وہ منفرد کی طرح اپنے نماز کی نیت کرلیں اور ساتھ میں یہ نیت بھی کر لیں کہ میں ان تمام لوگوں کی نیت کر رہا ہوں جو میری اقتدا کرلے۔</li>
</ol>
</div><h6 class=""has-text-align-right"">حوالہ جات</h6><div style=""direction: rtl;font-family: Amiri;
    
     font-size: 13px; font-weight: 400;""><p>الدر المختار شرح تنوير الأبصار وجامع البحار (ص59):</p>
<p>أي عمل القلب (أن يعلم) عند الارادة (بداهة) بلا تأمل (‌أي ‌صلاة ‌يصلي) فلو لم يعلم إلا بتأمل لم يجز (والتلفظ) عند الارادة (بها مستحب) هو المختار، وتكون بلفظ الماضي ولو فارسيا لانه الاغلب في الانشاءات، وتصح بالحال. قهستاني (وقيل سنة) يعني أحبه السلف أو سنه علماؤنا إذ لم ينقل عن المصطفى ولا الصحابة ولا التابعين، بل قيل بدعة، وفي المحيط يقول: اللهم إني أريد أن أصلي صلاة كذا فيسرها لي وتقبلها مني، وسيجئ في الحج (وجاز تقديمها على التكبيرة) ولو قبل الوقت.</p>
<p>الهداية في شرح بداية المبتدي (1/ 46):</p>
<p>قال: "" وينوي الصلاة التي يدخل فيها بنية لا يفصل بينها وبين التحريمة بعمل "" والأصل فيه قوله عليه الصلاة والسلام "" الأعمال بالنيات "" ولأن ابتداء الصلاة بالقيام وهو متردد بين العادة والعبادة ولا يقع التمييز بالنية والمتقدم على التكبير كالقائم عنده إذا لم يوجد ما يقطعه وهو عمل لا يليق بالصلاة ولا معتبرة بالمتأخرة منها عنه لأن ما مضى لا يقع عبادة لعدم النية وفي الصوم جوزت للضرورة والنية هي الإرادة والشرط أن يعلم بقلبه ‌أي ‌صلاة ‌يصلي أما الذكر باللسان فلا معتبر به ويحسن ذلك لاجتماع عزيمته ثم إن كانت الصلاة نفلا يكفيه مطلق النية وكذا إن كانت سنة في الصحيح وإن كانت فرضا فلا بد من تعيين الفرض كالظهر مثلا لاختلاف الفروض "" وإن كان مقتديا بغيره ينوي الصلاة ومتابعته "" لأنه يلزمه فساد الصلاة من جهته فلا بد من التزامه.</p>
<p>مراقي الفلاح شرح نور الإيضاح (ص110):</p>
<p>نية ‌المقتدي ‌المتابعة مقارنة لتحريمته"" إما مقارنة حقيقية أو حكمية كما تقدم فينوي الصلاة والمتابعة أيضا.</p>
<p>الدر المختار شرح تنوير الأبصار وجامع البحار (ص60):</p>
<p>(وينوي) ‌المقتدي (‌المتابعة) لم يقل أيضا، لانه لو نوى الاقتداء بالامام أو الشروع في صلاة الامام ولم يعين الصلاة صح في الاصح، وإن لم يعلم بها لجعله نفسه تبعا لصلاة الامام، بخلاف ما لو نوى صلاة الامام وإن انتظر تكبيره في الاصح لعدم نية الاقتداء إلا في جمعة وجنازة وعيد على المختار، لاختصاصها بالجماعة. (ولو نوى فرض الوقت) مع بقائه (جاز إلا في الجمعة)</p>
<p>الفتاوى الهندية (1/ 66):</p>
<p><span dir=""RTL"">والإمام </span><span dir=""RTL"">‌</span><span dir=""RTL"">ينوي </span><span dir=""RTL"">‌</span><span dir=""RTL"">ما </span><span dir=""RTL"">‌</span><span dir=""RTL"">ينوي </span><span dir=""RTL"">‌</span><span dir=""RTL"">المنفرد ولا يحتاج إلى نية الإمامة حتى لو نوى أن لا يؤم فلانا فجاء فلان واقتدى به جاز. هكذا في فتاوى قاضي خان ولا يصير إماما للنساء إلا بالنية. هكذا في المحيط. ولو كان مقتديا ينوي ما ينوي المنفرد وينوي الاقتداء أيضا؛ لأن الاقتداء لا يجوز بدون النية. كذا في فتاوى قاضي خان.</span></p>
</div><p>ناصر خان مندوخیل</p>
<p>دارالافتاء جامعۃ الرشید کراچی</p>
<p><span dir=""LTR"">20 </span> رجب 1443 ھ</p>
<h6 class=""has-text-align-center"">
واللہ سبحانہ وتعالی اعلم
</h6><figure class=""wp-block-table""><table><tbody><tr><td><h3>مجیب</h3></td><td>ناصر خان بن نذیر خان</td><td><h3>مفتیان</h3></td><td> آفتاب احمد صاحب    / سعید احمد حسن صاحب</td></tr></tbody></table></figure></div></div></div></div></div></div><div class=""p-wl6689 pagelayer-inner_row pagelayer-row-stretch-auto pagelayer-height-default"" pagelayer-id=""wl6689"">
<style pagelayer-style-id=""wl6689"">.p-wl6689 .pagelayer-col-holder{padding: 10px}
.p-wl6689 > .pagelayer-background-overlay{-webkit-transition: all 400ms !important; transition: all 400ms !important}
.p-wl6689 .pagelayer-svg-top .pagelayer-shape-fill{fill:#227bc3}
.p-wl6689 .pagelayer-row-svg .pagelayer-svg-top{width:100%;height:100px}
.p-wl6689 .pagelayer-svg-bottom .pagelayer-shape-fill{fill:#e44993}
.p-wl6689 .pagelayer-row-svg .pagelayer-svg-bottom{width:100%;height:100px}
</style>
<div class=""pagelayer-row-holder pagelayer-row pagelayer-auto pagelayer-width-auto""><div class=""p-jzl6522 pagelayer-col pagelayer-col-6"" pagelayer-id=""jzl6522"">
<style pagelayer-style-id=""jzl6522"">.p-jzl6522{align-content: center !important}
.p-jzl6522 .pagelayer-col-holder > div:not(:last-child){margin-bottom: 15px}
.p-jzl6522 > .pagelayer-background-overlay{-webkit-transition: all 400ms !important; transition: all 400ms !important}
</style>
<div class=""pagelayer-col-holder""><div class=""p-xsb5673 pagelayer-share_grp pagelayer-share-type-icon-label pagelayer-social-bg-none pagelayer-scheme-official"" pagelayer-id=""xsb5673"">
<style pagelayer-style-id=""xsb5673"">.p-xsb5673{text-align: right}
.p-xsb5673 .pagelayer-share-content{min-height: 35px;-webkit-transition: all 400ms; transition: all 400ms}
.p-xsb5673 i{font-size: 27px}
.p-xsb5673 .pagelayer-icon-holder{font-size: 27px}
.p-xsb5673 .pagelayer-share-content i{-webkit-transition: all 400ms; transition: all 400ms}
.p-xsb5673 .pagelayer-icon-name{font-family: Roboto; font-size: 15px !important; font-style:  !important; font-weight: 500 !important; font-variant:  !important; text-decoration-line:  !important; text-decoration-style:  !important; line-height: em !important; text-transform:  !important; letter-spacing: px !important; word-spacing: px !important}
@media (max-width: 768px) and (min-width: 501px){.p-xsb5673{text-align: left}
.p-xsb5673 .pagelayer-share{padding-top: 10px; padding-bottom: 10px;padding-left: 10px; padding-right: 10px}
.p-xsb5673 i{font-size: 20px}
.p-xsb5673 .pagelayer-icon-holder{font-size: 20px}
.p-xsb5673 .pagelayer-icon-name{font-family: ; font-size: 13px !important; font-style:  !important; font-weight:  !important; font-variant:  !important; text-decoration-line:  !important; text-decoration-style:  !important; line-height: em !important; text-transform:  !important; letter-spacing: px !important; word-spacing: px !important}
}
@media (max-width: 500px){.p-xsb5673{text-align: left}
.p-xsb5673 .pagelayer-share{padding-top: 10px; padding-bottom: 10px;padding-left: 10px; padding-right: 10px}
.p-xsb5673 .pagelayer-share-content{min-height: NaNpx}
.p-xsb5673 i{font-size: 20px}
.p-xsb5673 .pagelayer-icon-holder{font-size: 20px}
.p-xsb5673 .pagelayer-icon-name{font-family: ; font-size: 13px !important; font-style:  !important; font-weight:  !important; font-variant:  !important; text-decoration-line:  !important; text-decoration-style:  !important; line-height: em !important; text-transform:  !important; letter-spacing: px !important; word-spacing: px !important}
}
</style><div class=""p-9mh2934 pagelayer-share"" pagelayer-id=""9mh2934"">
<a class=""pagelayer-ele-link"" href=""https://www.facebook.com/sharer/sharer.php?u=almuftionline.com/2022/02/21/6734/"" target=""_blank"" title=""fab fa-facebook-square"">
<div class=""pagelayer-share-content pagelayer-facebook-square"" data-icon=""fab fa-facebook-square"">
<div class=""pagelayer-icon-holder pagelayer-share-buttons"">
<i class=""pagelayer-social-fa fab fa-facebook-square""></i>
</div>
<div class=""pagelayer-icon-name"">
<span class=""pagelayer-icon-name-span"">Facebook</span>
</div>
</div>
</a></div><div class=""p-rai4926 pagelayer-share"" pagelayer-id=""rai4926"">
<a class=""pagelayer-ele-link"" href=""https://twitter.com/share?url=almuftionline.com/2022/02/21/6734/"" target=""_blank"" title=""fab fa-twitter-square"">
<div class=""pagelayer-share-content pagelayer-twitter-square"" data-icon=""fab fa-twitter-square"">
<div class=""pagelayer-icon-holder pagelayer-share-buttons"">
<i class=""pagelayer-social-fa fab fa-twitter-square""></i>
</div>
<div class=""pagelayer-icon-name"">
<span class=""pagelayer-icon-name-span"">Twitter</span>
</div>
</div>
</a></div><div class=""p-ndy3728 pagelayer-share"" pagelayer-id=""ndy3728"">
<a class=""pagelayer-ele-link"" href=""whatsapp://send?text=almuftionline.com/2022/02/21/6734/"" target=""_blank"" title=""fab fa-whatsapp"">
<div class=""pagelayer-share-content pagelayer-whatsapp"" data-icon=""fab fa-whatsapp"">
<div class=""pagelayer-icon-holder pagelayer-share-buttons"">
<i class=""pagelayer-social-fa fab fa-whatsapp""></i>
</div>
<div class=""pagelayer-icon-name"">
<span class=""pagelayer-icon-name-span"">WhatsApp</span>
</div>
</div>
</a></div></div></div></div></div></div><div class=""p-zqp4850 pagelayer-inner_row pagelayer-row-stretch-auto pagelayer-height-default"" pagelayer-id=""zqp4850"">
<style pagelayer-style-id=""zqp4850"">.p-zqp4850 .pagelayer-col-holder{padding: 10px}
.p-zqp4850 > .pagelayer-background-overlay{-webkit-transition: all 400ms !important; transition: all 400ms !important}
.p-zqp4850 .pagelayer-svg-top .pagelayer-shape-fill{fill:#227bc3}
.p-zqp4850 .pagelayer-row-svg .pagelayer-svg-top{width:100%;height:100px}
.p-zqp4850 .pagelayer-svg-bottom .pagelayer-shape-fill{fill:#e44993}
.p-zqp4850 .pagelayer-row-svg .pagelayer-svg-bottom{width:100%;height:100px}
</style>
<div class=""pagelayer-row-holder pagelayer-row pagelayer-auto pagelayer-width-auto""><div class=""p-q725202 pagelayer-col pagelayer-col-2"" pagelayer-id=""q725202"">
<style pagelayer-style-id=""q725202"">.p-q725202{align-content: center !important}
.p-q725202 .pagelayer-col-holder > div:not(:last-child){margin-bottom: 15px}
.p-q725202 > .pagelayer-background-overlay{-webkit-transition: all 400ms !important; transition: all 400ms !important}
</style>
<div class=""pagelayer-col-holder""><div class=""p-55r4448 pagelayer-post_nav"" pagelayer-id=""55r4448"">
<style pagelayer-style-id=""55r4448"">.p-55r4448 .pagelayer-post-nav-link{color:#adb5bd;font-family:  !important; font-size: 15px !important; font-style:  !important; font-weight:  !important; font-variant:  !important; text-decoration-line:  !important; text-decoration-style:  !important; line-height: em !important; text-transform:  !important; letter-spacing: px !important; word-spacing: px !important}
.p-55r4448 .pagelayer-post-nav-title{color:#000000;font-family:  !important; font-size: 18px !important; font-style:  !important; font-weight: bold !important; font-variant:  !important; text-decoration-line:  !important; text-decoration-style: Solid !important; line-height: em !important; text-transform:  !important; letter-spacing: px !important; word-spacing: px !important}
.p-55r4448 .pagelayer-post-nav-icon{color:#adb5bd;font-size:30px}
.p-55r4448 .pagelayer-post-nav-separator{display:none}
@media (max-width: 768px) and (min-width: 501px){.p-55r4448 .pagelayer-post-nav-link{font-family:  !important; font-size: 12px !important; font-style:  !important; font-weight:  !important; font-variant:  !important; text-decoration-line:  !important; text-decoration-style: Solid !important; line-height: em !important; text-transform:  !important; letter-spacing: px !important; word-spacing: px !important}
.p-55r4448 .pagelayer-post-nav-title{font-family:  !important; font-size: 15px !important; font-style:  !important; font-weight:  !important; font-variant:  !important; text-decoration-line:  !important; text-decoration-style: Solid !important; line-height: em !important; text-transform:  !important; letter-spacing: px !important; word-spacing: px !important}
}
@media (max-width: 500px){.p-55r4448 .pagelayer-post-nav-link{font-family:  !important; font-size: 12px !important; font-style:  !important; font-weight:  !important; font-variant:  !important; text-decoration-line:  !important; text-decoration-style: Solid !important; line-height: em !important; text-transform:  !important; letter-spacing: px !important; word-spacing: px !important}
.p-55r4448 .pagelayer-post-nav-title{font-family:  !important; font-size: 12px !important; font-style:  !important; font-weight:  !important; font-variant:  !important; text-decoration-line:  !important; text-decoration-style: Solid !important; line-height: em !important; text-transform:  !important; letter-spacing: px !important; word-spacing: px !important}
}
</style><div class=""pagelayer-post-nav-container"">
<div class=""pagelayer-prev-post"">
<a href=""https://almuftionline.com/2022/02/21/6733/"" rel=""prev""><span class=""pagelayer-post-nav-icon fa fa-chevron-left""></span>
<span class=""pagelayer-next-holder"">
<span class=""pagelayer-post-nav-link""> Previous</span><span class=""pagelayer-post-nav-title"">قضاء نماز کی نیت</span>
</span></a>
</div>
<div class=""pagelayer-post-nav-separator""></div>
<div class=""pagelayer-next-post"">
<a href=""https://almuftionline.com/2022/02/21/6831/"" rel=""next""><span class=""pagelayer-next-holder"">
<span class=""pagelayer-post-nav-link""> Next</span><span class=""pagelayer-post-nav-title"">حاملہ بیوی  کو حالت حمل میں والدین یا بھائی کے گھر چھوڑنا</span>
</span>
<span class=""pagelayer-post-nav-icon fa fa-chevron-right""></span></a>
</div>
</div></div></div></div></div></div></div>"
