link,title,question_html,answer_html,issued_at,fatwa_number,dar_ul_ifta,category_lvl_1,category_lvl_2,category_lvl_3,html_container
https://www.banuri.edu.pk/readquestion/muzarat-ki-jaiz-surten-144203200099/19-10-2020,مزارعت کی جائز صورتیں,"<p><p style=""text-align:justify;"">مزارعت پر زمین اس طرح دینا کہ زمین اور ٹیوب ویل ایک کا ہو اور باقی تمام خرچوں(مثلًا بیج ، کھاد ،  ٹریکٹر وغیرہ)میں دونوں شریک ہوں اور پیداوار برابر تقسیم ہو، کیا یہ صورت جائز ہے؟ اگر نہیں تو جواز  کی کیا صورت ہو سکتی ہے؟</p></p>","<p><p style=""text-align:justify;"">بصورتِ مسئولہ مزارعت کی  ذکرکردہ  صورت  (جس  میں مالک اور عامل دونوں پر بیج اور کھاد اور ٹریکٹر کا خرچہ مشترکہ طور پر رکھاگیا ہے)  شرعی اعتبار سے مزارعت کا یہ معاملہ ناجائز  ہے۔ تاہم مزارعت  کی مندرجہ  ذیل صورتیں  شرعاً جائز ہیں:</p><p class=""indent"" style=""text-align:justify;"">1- زمین اور بیج ایک کا ہو اور بیل (یا ٹریکٹر) ومحنت دوسرے کی ہو۔<br/></p><p class=""indent"" style=""text-align:justify;"">2- زمین ایک کی ہو اور بیج اور بیل اور محنت دوسرے کی ہو۔<br/></p><p class=""indent"" style=""text-align:justify;"">3- زمین اور بیل (یا ٹریکٹر)  اور  بیج ایک کا ہو اور محنت دوسرے کی ہو۔<br/></p><p style=""text-align:justify;"">اگر مذکورہ بالا صورتوں  میں  سے کوئی صورت  نہ  ہو تو مزارعت فاسد ہوجائے گی۔</p><p style=""text-align:justify;"">فتاوی شامی میں ہے:</p><p class=""indent"" style=""text-align:justify;""><span class=""ar_writing"">""(دفع ) رجل ( أرضه إلى آخر على أن يزرعها بنفسه وبقره والبذر بينهما نصفان والخارج بينهما كذلك فعملا على هذا فالمزارعة فاسدة، ويكون الخارج بينهما نصفين، وليس للعامل على رب الأرض أجر )؛ لشركته فيه (و ) العامل ( يجب عليه أجر نصف الأرض لصاحبها )؛ لفساد العقد ( وكذا لو كان البذر ثلثاه من أحدهما وثلثه من الآخر والرابع بينهما ) أو ( على قدر بذرهما ) نصفين فهو فاسد أيضاً؛ لاشتراطه الإعارة في المزارعة.""</span></p><p class=""indent"" style=""text-align:left;""><span class=""ar_writing"">(كتاب المزارعة، ج:6، ص:281، ط:ايج ايم سعيد)</span></p><p style=""text-align:justify;"">الهداية في شرح بداية المبتدي میں ہے:</p><p class=""indent"" style=""text-align:justify;""><span class=""ar_writing"">""قال: ""وهي عندهما على أربعة أوجه: إن كانت الأرض والبذر لواحد والبقر والعمل لواحد جازت المزارعة"" لأن البقر آلة العمل فصار كما إذا استأجر خياطا ليخيط بإبرة الخياط، ""وإن كان الأرض لواحد والعمل والبقر والبذر لواحد جازت"" لأنه استئجار الأرض ببعض معلوم من الخارج فيجوز كما إذا استأجرها بدراهم معلومة ""وإن كانت الأرض والبذر والبقر لواحد والعمل من آخر جازت"" لأنه استأجره للعمل بآلة المستأجر فصار كما إذا استأجر خياطا ليخيط ثوبه بإبرته أو طيانا ليطين بمره ""وإن كانت الأرض والبقر لواحد والبذر والعمل لآخر فهي باطلة"" وهذا الذي ذكره ظاهر الرواية.""</span></p><p class=""indent"" style=""text-align:left;""><span class=""ar_writing"">(كتاب المزارعة، ج:4، ص:338، ط:داراحياءالتراث العربى)</span></p><p class=""indent"" style=""text-align:left;""><span class=""ar_writing"">فقط والله أعلم</span></p></p><hr class=""big-hr""/>",19-10-2020,144203200099,banuri.edu.pk,معاملات,بیع / تجارت,اجارہ اور کرایہ کے احکام,"<div class=""col-md-12 sawal-jawab""><h3 class=""question_heading"">سوال</h3><p><p style=""text-align:justify;"">مزارعت پر زمین اس طرح دینا کہ زمین اور ٹیوب ویل ایک کا ہو اور باقی تمام خرچوں(مثلًا بیج ، کھاد ،  ٹریکٹر وغیرہ)میں دونوں شریک ہوں اور پیداوار برابر تقسیم ہو، کیا یہ صورت جائز ہے؟ اگر نہیں تو جواز  کی کیا صورت ہو سکتی ہے؟</p></p><h4 class=""question_heading"">جواب</h4><p><p style=""text-align:justify;"">بصورتِ مسئولہ مزارعت کی  ذکرکردہ  صورت  (جس  میں مالک اور عامل دونوں پر بیج اور کھاد اور ٹریکٹر کا خرچہ مشترکہ طور پر رکھاگیا ہے)  شرعی اعتبار سے مزارعت کا یہ معاملہ ناجائز  ہے۔ تاہم مزارعت  کی مندرجہ  ذیل صورتیں  شرعاً جائز ہیں:</p><p class=""indent"" style=""text-align:justify;"">1- زمین اور بیج ایک کا ہو اور بیل (یا ٹریکٹر) ومحنت دوسرے کی ہو۔<br/></p><p class=""indent"" style=""text-align:justify;"">2- زمین ایک کی ہو اور بیج اور بیل اور محنت دوسرے کی ہو۔<br/></p><p class=""indent"" style=""text-align:justify;"">3- زمین اور بیل (یا ٹریکٹر)  اور  بیج ایک کا ہو اور محنت دوسرے کی ہو۔<br/></p><p style=""text-align:justify;"">اگر مذکورہ بالا صورتوں  میں  سے کوئی صورت  نہ  ہو تو مزارعت فاسد ہوجائے گی۔</p><p style=""text-align:justify;"">فتاوی شامی میں ہے:</p><p class=""indent"" style=""text-align:justify;""><span class=""ar_writing"">""(دفع ) رجل ( أرضه إلى آخر على أن يزرعها بنفسه وبقره والبذر بينهما نصفان والخارج بينهما كذلك فعملا على هذا فالمزارعة فاسدة، ويكون الخارج بينهما نصفين، وليس للعامل على رب الأرض أجر )؛ لشركته فيه (و ) العامل ( يجب عليه أجر نصف الأرض لصاحبها )؛ لفساد العقد ( وكذا لو كان البذر ثلثاه من أحدهما وثلثه من الآخر والرابع بينهما ) أو ( على قدر بذرهما ) نصفين فهو فاسد أيضاً؛ لاشتراطه الإعارة في المزارعة.""</span></p><p class=""indent"" style=""text-align:left;""><span class=""ar_writing"">(كتاب المزارعة، ج:6، ص:281، ط:ايج ايم سعيد)</span></p><p style=""text-align:justify;"">الهداية في شرح بداية المبتدي میں ہے:</p><p class=""indent"" style=""text-align:justify;""><span class=""ar_writing"">""قال: ""وهي عندهما على أربعة أوجه: إن كانت الأرض والبذر لواحد والبقر والعمل لواحد جازت المزارعة"" لأن البقر آلة العمل فصار كما إذا استأجر خياطا ليخيط بإبرة الخياط، ""وإن كان الأرض لواحد والعمل والبقر والبذر لواحد جازت"" لأنه استئجار الأرض ببعض معلوم من الخارج فيجوز كما إذا استأجرها بدراهم معلومة ""وإن كانت الأرض والبذر والبقر لواحد والعمل من آخر جازت"" لأنه استأجره للعمل بآلة المستأجر فصار كما إذا استأجر خياطا ليخيط ثوبه بإبرته أو طيانا ليطين بمره ""وإن كانت الأرض والبقر لواحد والبذر والعمل لآخر فهي باطلة"" وهذا الذي ذكره ظاهر الرواية.""</span></p><p class=""indent"" style=""text-align:left;""><span class=""ar_writing"">(كتاب المزارعة، ج:4، ص:338، ط:داراحياءالتراث العربى)</span></p><p class=""indent"" style=""text-align:left;""><span class=""ar_writing"">فقط والله أعلم</span></p></p><hr class=""big-hr""/><div class=""col-sm-6 col-md-6""><p class=""question_heading"" style=""color:#73161f"">فتویٰ نمبر : <a id=""fatwa_number"">144203200099</a></p></div><div class=""col-sm-6 col-md-6""><p style=""color:#73161f"">دارالافتاء :
                                جامعہ علوم اسلامیہ علامہ محمد یوسف بنوری ٹاؤن</p></div><hr class=""big-hr""/><div class=""col-sm-4 col-md-4""><div class=""tag""><a href=""https://www.banuri.edu.pk/questions/kitab/muamlat""><i class=""icon-docs-bold""></i> معاملات</a></div></div><div class=""col-sm-4 col-md-4""><div class=""tag""><a href=""https://www.banuri.edu.pk/questions/bab/bay-tijarat""><i class=""icon-docs-bold""></i> بیع / تجارت</a></div></div><div class=""col-sm-4 col-md-4""><div class=""tag""><a href=""https://www.banuri.edu.pk/questions/fasal/ijara-or-kiraya-k-ahkam""><i class=""icon-docs-bold""></i> اجارہ اور کرایہ کے احکام</a></div></div></div>"
https://www.banuri.edu.pk/readquestion/easy-paisa-account-m-transaction-par-milnay-walay-paisaon-ka-hukum-144203200242/22-10-2020,ایزی پیسہ اکاؤنٹ میں ٹرانزیکشن پر ملنے والے پیسوں کا حکم,"<p><p style=""text-align:justify;"">جب ایک ٹرانزیکشن (مثال کے طور پر اپنے آپ کو ایزی لوڈ) ایزی پیسی ایپ سے انجام دی جاتی ہے تو پھر روزانہ 4 روپیہ 7 دن کے  لیے انعام دیا جاتا ہے۔ کیا یہ روپے لینا حلال ہے؟</p></p>","<p><p style=""text-align:justify;"">اگر کوئی شخص اپنے ایزی پیسہ اکاؤنٹ سے اپنے نمبر پر لوڈ کرتا ہے اور اس پر کمپنی کی طرف سے اُس کو کوئی مشروط نفع (مثلاً: فری منٹس، انٹرنیٹ ایم بی ، میسج وغیرہ)  ملتا ہے تو اس شخص کے  لیے اس نفع سے فائدہ اٹھانا سود ہونے کی بنا  پر جائز نہیں؛  کیوں کہ ایزی پیسہ اکاؤنٹ میں رقم رکھوانا درحقیقت  قرض ہے، اور  قرض دینا تو فی نفسہ جائز ہے،  لیکن قرض دے کر اُس پر مشروط نفع وصول کرنا سود ہے، لہذا سوال میں مذکورہ ٹرانزیکشن پر صارف کو ملنے والے چار روپے حلال نہیں ہیں۔ فقط واللہ اعلم</p></p><hr class=""big-hr""/>",22-10-2020,144203200242,banuri.edu.pk,معاملات,سود / بینکاری / انشورنس / شیئرز,سودی قرضہ کی لین دین,"<div class=""col-md-12 sawal-jawab""><h3 class=""question_heading"">سوال</h3><p><p style=""text-align:justify;"">جب ایک ٹرانزیکشن (مثال کے طور پر اپنے آپ کو ایزی لوڈ) ایزی پیسی ایپ سے انجام دی جاتی ہے تو پھر روزانہ 4 روپیہ 7 دن کے  لیے انعام دیا جاتا ہے۔ کیا یہ روپے لینا حلال ہے؟</p></p><h4 class=""question_heading"">جواب</h4><p><p style=""text-align:justify;"">اگر کوئی شخص اپنے ایزی پیسہ اکاؤنٹ سے اپنے نمبر پر لوڈ کرتا ہے اور اس پر کمپنی کی طرف سے اُس کو کوئی مشروط نفع (مثلاً: فری منٹس، انٹرنیٹ ایم بی ، میسج وغیرہ)  ملتا ہے تو اس شخص کے  لیے اس نفع سے فائدہ اٹھانا سود ہونے کی بنا  پر جائز نہیں؛  کیوں کہ ایزی پیسہ اکاؤنٹ میں رقم رکھوانا درحقیقت  قرض ہے، اور  قرض دینا تو فی نفسہ جائز ہے،  لیکن قرض دے کر اُس پر مشروط نفع وصول کرنا سود ہے، لہذا سوال میں مذکورہ ٹرانزیکشن پر صارف کو ملنے والے چار روپے حلال نہیں ہیں۔ فقط واللہ اعلم</p></p><hr class=""big-hr""/><div class=""col-sm-6 col-md-6""><p class=""question_heading"" style=""color:#73161f"">فتویٰ نمبر : <a id=""fatwa_number"">144203200242</a></p></div><div class=""col-sm-6 col-md-6""><p style=""color:#73161f"">دارالافتاء :
                                جامعہ علوم اسلامیہ علامہ محمد یوسف بنوری ٹاؤن</p></div><hr class=""big-hr""/><div class=""col-sm-4 col-md-4""><div class=""tag""><a href=""https://www.banuri.edu.pk/questions/kitab/muamlat""><i class=""icon-docs-bold""></i> معاملات</a></div></div><div class=""col-sm-4 col-md-4""><div class=""tag""><a href=""https://www.banuri.edu.pk/questions/bab/sood-bankari-insurance-shares""><i class=""icon-docs-bold""></i> سود / بینکاری / انشورنس / شیئرز</a></div></div><div class=""col-sm-4 col-md-4""><div class=""tag""><a href=""https://www.banuri.edu.pk/questions/fasal/soodi-qarzay-ki-layn-dayn""><i class=""icon-docs-bold""></i> سودی قرضہ کی لین دین</a></div></div></div>"
https://www.banuri.edu.pk/readquestion/muhammad-mustafa-safi-naam-rakhna-144209200001/13-04-2021,محمد مصطفی شافی نام رکھنا,"<p><p style=""text-align:justify;""><span class=""ur_writing"">بچے نام محمد مصطفے شافی رکھنا کیسا ہے؟</span></p></p>","<p><p style=""text-align:justify;""><span class=""ur_writing"">""محمد""  کا معنی ہے: جس کی اچھی خصلتوں کی بنا  پر تعریف کی جائے۔</span></p><p style=""text-align:justify;""><span class=""ur_writing"">""مصطفی"" کا معنی ہے: چنا ہوا، پسندیدہ۔</span></p><p style=""text-align:justify;""><span class=""ur_writing"">""شافی "" کا معنی ہے:یہ شاف سے ہے اور ’’شاف‘‘ رسول اللہ ﷺ کے صفاتی ناموں میں سے ہے، اس کے معنی ہیں:  معالج۔</span></p><p style=""text-align:justify;""><span class=""ur_writing"">مذکورہ تینوں نام حضوراکرمﷺ کے اسمائے گرامی میں سے ہیں ، اور اپنے بچے کا نام انبیاء کے نام پر رکھنا مستحب ہے، آپﷺ نے  بچوں کے نام انبیاءِ  کرام  علیہم السلام کے نام پر رکھنے  کی ترغیب دی ہے۔</span></p><p style=""text-align:justify;""><span class=""ur_writing"">لہذا بچے کا نام ""محمد مصطفی شافی""  نام رکھنا درست، بلکہ باعثِ  برکت ہے۔</span></p><p style=""text-align:justify;""><span class=""ur_writing"">فیض القدیر  شرح الجامع الصغیر میں ہے:</span></p><p class=""indent"" style=""text-align:justify;""><span class=""ar_writing"">""قال رسول الله صلى الله عليه وسلم: سموا بأسماء الأنبياء.""</span></p><p class=""indent"" dir=""rtl"" style=""text-align:left;""><span class=""ur_writing"">(باب حرف السين،رقم الحدیث:4717، ج:4، ص:113، ط:المكتبة التجارية)</span></p><p style=""text-align:justify;""><span class=""ur_writing"">الروض الأنف فی شرح السیرۃ النبویۃ لابن ہشام میں ہے:</span></p><p class=""indent"" style=""text-align:justify;""><span class=""ar_writing"">""وَقَالَ عَبْدُ اللهِ بْنُ الزّبَعْرَى أَيْضًا حِينَ أَسْلَمَ</span></p><p class=""indent"" style=""text-align:justify;""><span class=""ar_writing"">وَلَقَدْ شَهِدْت بِأَنّ دِينَك صَادِقٌ ... حَقّ وَأَنّك فِي الْعِبَادِ جَسِيمُ</span></p><p class=""indent"" style=""text-align:justify;""><span class=""ar_writing"">وَاَللهُ يَشْهَدُ أَنّ أَحْمَدَ مُصْطَفًى ... مُسْتَقْبَلٌ فِي الصّالِحِينَ كَرِيمُ.""</span></p><p class=""indent"" dir=""rtl"" style=""text-align:left;""><span class=""ur_writing"">(باب ذكر الاسباب الموجبة الى مكة، ج:7، ص:247، ط:داراحياء التراث العربى)</span></p><p class=""indent"" dir=""rtl"" style=""text-align:left;""><span class=""ur_writing"">فقط والله اعلم</span></p></p><hr class=""big-hr""/>",13-04-2021,144209200001,banuri.edu.pk,حظر و اباحت,نام، لقب، کنیت,ناموں کے معانی اور احکام,"<div class=""col-md-12 sawal-jawab""><h3 class=""question_heading"">سوال</h3><p><p style=""text-align:justify;""><span class=""ur_writing"">بچے نام محمد مصطفے شافی رکھنا کیسا ہے؟</span></p></p><h4 class=""question_heading"">جواب</h4><p><p style=""text-align:justify;""><span class=""ur_writing"">""محمد""  کا معنی ہے: جس کی اچھی خصلتوں کی بنا  پر تعریف کی جائے۔</span></p><p style=""text-align:justify;""><span class=""ur_writing"">""مصطفی"" کا معنی ہے: چنا ہوا، پسندیدہ۔</span></p><p style=""text-align:justify;""><span class=""ur_writing"">""شافی "" کا معنی ہے:یہ شاف سے ہے اور ’’شاف‘‘ رسول اللہ ﷺ کے صفاتی ناموں میں سے ہے، اس کے معنی ہیں:  معالج۔</span></p><p style=""text-align:justify;""><span class=""ur_writing"">مذکورہ تینوں نام حضوراکرمﷺ کے اسمائے گرامی میں سے ہیں ، اور اپنے بچے کا نام انبیاء کے نام پر رکھنا مستحب ہے، آپﷺ نے  بچوں کے نام انبیاءِ  کرام  علیہم السلام کے نام پر رکھنے  کی ترغیب دی ہے۔</span></p><p style=""text-align:justify;""><span class=""ur_writing"">لہذا بچے کا نام ""محمد مصطفی شافی""  نام رکھنا درست، بلکہ باعثِ  برکت ہے۔</span></p><p style=""text-align:justify;""><span class=""ur_writing"">فیض القدیر  شرح الجامع الصغیر میں ہے:</span></p><p class=""indent"" style=""text-align:justify;""><span class=""ar_writing"">""قال رسول الله صلى الله عليه وسلم: سموا بأسماء الأنبياء.""</span></p><p class=""indent"" dir=""rtl"" style=""text-align:left;""><span class=""ur_writing"">(باب حرف السين،رقم الحدیث:4717، ج:4، ص:113، ط:المكتبة التجارية)</span></p><p style=""text-align:justify;""><span class=""ur_writing"">الروض الأنف فی شرح السیرۃ النبویۃ لابن ہشام میں ہے:</span></p><p class=""indent"" style=""text-align:justify;""><span class=""ar_writing"">""وَقَالَ عَبْدُ اللهِ بْنُ الزّبَعْرَى أَيْضًا حِينَ أَسْلَمَ</span></p><p class=""indent"" style=""text-align:justify;""><span class=""ar_writing"">وَلَقَدْ شَهِدْت بِأَنّ دِينَك صَادِقٌ ... حَقّ وَأَنّك فِي الْعِبَادِ جَسِيمُ</span></p><p class=""indent"" style=""text-align:justify;""><span class=""ar_writing"">وَاَللهُ يَشْهَدُ أَنّ أَحْمَدَ مُصْطَفًى ... مُسْتَقْبَلٌ فِي الصّالِحِينَ كَرِيمُ.""</span></p><p class=""indent"" dir=""rtl"" style=""text-align:left;""><span class=""ur_writing"">(باب ذكر الاسباب الموجبة الى مكة، ج:7، ص:247، ط:داراحياء التراث العربى)</span></p><p class=""indent"" dir=""rtl"" style=""text-align:left;""><span class=""ur_writing"">فقط والله اعلم</span></p></p><hr class=""big-hr""/><div class=""col-sm-6 col-md-6""><p class=""question_heading"" style=""color:#73161f"">فتویٰ نمبر : <a id=""fatwa_number"">144209200001</a></p></div><div class=""col-sm-6 col-md-6""><p style=""color:#73161f"">دارالافتاء :
                                جامعہ علوم اسلامیہ علامہ محمد یوسف بنوری ٹاؤن</p></div><hr class=""big-hr""/><div class=""col-sm-4 col-md-4""><div class=""tag""><a href=""https://www.banuri.edu.pk/questions/kitab/mamnooaat-mubahat""><i class=""icon-docs-bold""></i> حظر و اباحت</a></div></div><div class=""col-sm-4 col-md-4""><div class=""tag""><a href=""https://www.banuri.edu.pk/questions/bab/asaami""><i class=""icon-docs-bold""></i> نام، لقب، کنیت</a></div></div><div class=""col-sm-4 col-md-4""><div class=""tag""><a href=""https://www.banuri.edu.pk/questions/fasal/namoun-ke-mani-or-ahkaam""><i class=""icon-docs-bold""></i> ناموں کے معانی اور احکام</a></div></div></div>"
https://www.banuri.edu.pk/readquestion/esai-orat-musalman-hojae-tu-us-kai-nikah-ka-hukum-144203200231/21-10-2020,عیسائی عورت مسلمان ہوجائے تو اس کے نکاح کا حکم,"<p><p style=""text-align:justify;"">اگر عیسائی عورت مسلمان ہو جائے توکیا اس کا نکاح ٹوٹ جائے گا؟</p></p>","<hr class=""big-hr""/>",21-10-2020,144203200231,banuri.edu.pk,طلاق,فسخ و تفریق,فسخ و تفریق,"<div class=""col-md-12 sawal-jawab""><h3 class=""question_heading"">سوال</h3><p><p style=""text-align:justify;"">اگر عیسائی عورت مسلمان ہو جائے توکیا اس کا نکاح ٹوٹ جائے گا؟</p></p><h4 class=""question_heading"">جواب</h4><p><p style=""text-align:justify;"">بصورتِ  مسئولہ  اگر بیوی مسلمان ہوجائے اور شوہر مسلمان  نہ ہو   تو اگر میاں بیوی دونوں دارالاسلام میں ہوں تو ایسی صورت میں معاملہ قاضی کی عدالت میں پیش کیا جائے گا اور قاضی شوہر پر اسلام کو پیش کرے گا اگر وہ انکار کردے تو دونوں کے درمیان تفریق کردے گا،قاضی کی تفریق سے پہلے عورت اپنے کافر شوہر کے نکاح سے  خارج نہ ہوگی اور اس کا نکاح کسی اور مرد سے  جائز نہ ہوگا۔ اور اگر زوجین  دارالحرب میں  ہوں  یا ایسی جگہ ہوں   جہاں  اسلامی قاضی کے پاس معاملہ لے  جاکر شوہر پر اسلام پیش کرانے کی کوئی صورت نہ ہو تو بیوی تین حیض کے بعد اپنے  شوہر (کافر)  کے  نکاح  سے خارج ہوجائے گی یعنی اگر شوہر نے تین حیض  گزرنے تک  اسلام  قبول نہیں کیا تو عورت اپنے  شوہر (کافر) کے  نکاح  سے خود بخود خارج ہوجاتی ہے۔</p><p style=""text-align:justify;""><span style=""font-family:arabic_font;font-size:23px;font-weight:600;"">الدر المختار وحاشية ابن عابدين (رد المحتار) (3/ 189):</span></p><p style=""text-align:justify;""><span class=""ar_writing"">""(وإذا) (أسلم أحد الزوجين المجوسيين أو امرأة الكتابي عرض الإسلام على الآخر، فإن أسلم) فيها (وإلا) بأن أبى أو سكت (فرق بينهما ...</span></p><p style=""text-align:justify;""><span class=""ar_writing"">(قوله: أو سكت) غير أنه في هذه الحالة يكرر عليه العرض ثلاثًا احتياطًا، كذا في المبسوط نهر (قوله: فرق بينهما) وما لم يفرق القاضي فهي زوجته، حتى لو مات الزوج قبل أن تسلم امرأته الكافرة وجب لها المهر: أي كماله وإن لم يدخل بها؛ لأن النكاح كان قائمًا ويتقرر بالموت، فتح، وإنما لم يتوارثا لمانع الكفر.""</span></p><p style=""text-align:justify;""><span class=""ar_writing"">الدر المختار وحاشية ابن عابدين (رد المحتار) (3/ 191):</span></p><p style=""text-align:justify;""><span class=""ar_writing"">""ولو) (أسلم أحدهما) أي أحد المجوسيين أو امرأة الكتابي (ثمة) أي في دار الحرب وملحق بها كالبحر الملح (لم تبن حتى تحيض ثلاثًا) أو تمضي ثلاثة أشهر (قبل إسلام الآخر) إقامة لشرط الفرقة مقام السبب، وليست بعدة لدخول غير المدخول بها.""</span></p><p style=""text-align:justify;"">فتاوی دارالعلوم دیوبند میں ہے:</p><p class=""indent"">""(سوال ۱۴۷۳)  ہندہ کافرہ تھی،  اب مسلمہ ہوگئی ہے اور اس کا شوہر بدستور کافر ہے، کیا  ہندہ کا نکاح کسی مسلمان سے ہوسکتا ہے یا نہیں ؟<br/>(الجواب ) کتبِ  فقہ میں اس صورت کے متعلق یہ لکھا ہے کہ وہ عورت مسلمہ تین حیض کے بعد یا اگر حیض نہ آتا ہو تو تین ماہ کے بعد پہلے شوہر کے نکاح سے جدا ہوگی،  اس کے بعد اس کو دوسرا نکاح کرنا درست ہوسکتا ہے ، تین حیض یا تین ماہ گزرنے سے پہلے اس عورت کو دوسرا نکاح درست نہیں ہے۔ </p><p class=""indent""><span class=""ar_writing"">کذا في الدرالمختار:</span></p><p class=""indent""><span class=""ar_writing"">""لو أسلم أحدهما أي: أحد المجوسیین أو امرأۃ الکتابي الخ لم تبن حتی تحیض ثلاثًا أو تمضي ثلاثة أشهر قبل إسلام الآخر إقامة شرط الفرقة مقام السبب، (قوله: إقامة شرط الفرقة و هو مضي هذه المدۃ مقام السبب و هو الإباء الخ""</span></p><p class=""indent"" style=""text-align:left;"">فقط واللہ اعلم<span class=""ar_writing""><br style=""color:#444;font-family:'Jameel Noori Nastaleeq';font-size:20px;font-weight:400;background-color:#fff;""/></span></p></p><hr class=""big-hr""/><div class=""col-sm-6 col-md-6""><p class=""question_heading"" style=""color:#73161f"">فتویٰ نمبر : <a id=""fatwa_number"">144203200231</a></p></div><div class=""col-sm-6 col-md-6""><p style=""color:#73161f"">دارالافتاء :
                                جامعہ علوم اسلامیہ علامہ محمد یوسف بنوری ٹاؤن</p></div><hr class=""big-hr""/><div class=""col-sm-4 col-md-4""><div class=""tag""><a href=""https://www.banuri.edu.pk/questions/kitab/talaaq""><i class=""icon-docs-bold""></i> طلاق</a></div></div><div class=""col-sm-4 col-md-4""><div class=""tag""><a href=""https://www.banuri.edu.pk/questions/bab/faskh-o-tafreeq""><i class=""icon-docs-bold""></i> فسخ و تفریق</a></div></div><div class=""col-sm-4 col-md-4""><div class=""tag""><a href=""https://www.banuri.edu.pk/questions/fasal/faskh-o-tafreeq""><i class=""icon-docs-bold""></i> فسخ و تفریق</a></div></div></div>"
https://www.banuri.edu.pk/readquestion/ghar-me-ak-hi-chapal-me-mard-w-zan-ky-wazu-karny-ka-hukm-144209200026/13-04-2021,گھر میں ایک ہی چپل کے جوڑے میں مرد و زن کے وضو کرنے کا حکم,"<p><p style=""text-align:justify;""> گھر کے ٹوائلٹ میں ایک ہی جوڑا  جوتا پڑا ہوتا ہے،  جسے پہن کر سارے گھر والے وضو کرتے ہیں ، جن میں ظاہر ہے ماں باپ بہن بھائی سب شامل ہیں،  کیا اس میں قباحت ہے؟کچھ حضرات کا خیال ہے کہ عورت مرد کا جوتا الگ الگ ہونا چاہیے،  چاہے وہ ایک فیملی سے ہی کیوں نہ ہوں!</p></p>","<p><p style=""text-align:justify;"">بصورتِ مسئولہ  ٹوائلٹ وغیرہ میں رکھا ہوا جوڑا(چاہے مردانہ ہو یا زنانہ) پہن کر مرد و زن دونوں کے لیے  وضو کرنے  کی اجازت  ہے۔ مرد و عورت کے لیے ایک دوسرے  کے چپل  پہننا اس وقت منع  ہے جب  اس  سے مقصود   مشابہت اختیار کرنا ہو ، یا بلاضرورت شوق کے لیے ہو،  اور احادیث میں  اسی پر وعیدبھی آئی ہے، تاہم اگر مشابہت مقصود نہ ہو، بلکہ بوجہ ضرورت پہن لے (مثلاً قریب میں زنانہ جوتی موجود نہ ہو) تو  اس کی گنجائش ہوگی۔ </p><p style=""text-align:justify;"">مرقاة المفاتيح شرح مشكاة المصابیح میں ہے:</p><p class=""indent"" style=""text-align:justify;""><span class=""ar_writing"">""وعن ابن عباس - رضي الله عنهما - قال: «لعن النبي صلى الله عليه وسلم المخنثين من الرجال والمترجلات من النساء، وقال: "" أخرجوهم من بيوتكم» "". رواه البخاري.</span></p><p class=""indent"" style=""text-align:justify;""><span class=""ar_writing"">(والمترجلات) : بكسر الجيم المشددة أي "" المتشبهات بالرجال (من النساء) : زيا وهيئة ومشية ورفع صوت ونحوها لا رأيا وعلما، فإن التشبه بهم محمود، كما روي أن عائشة -رضي الله عنها - كانت رجلة الرأي أي: رأيها كرأي الرجال على ما في النهاية. (وقال) : أي خطابا عاما (أخرجوهم من بيوتكم) : أي من مساكنكم ومن بلدكم، ففي شرح السنة: روي عن أبي هريرة «أن النبي صلى الله عليه وسلم أتي بمخنث قد خضب يديه ورجليه بالحناء، فأمر به فنفي إلى البقيع» ، ففي شرعة الإسلام الحناء سنة للنساء، ويكره لغيرهن من الرجال إلا أن يكون لعذر لأنه تشبه بهن اهـ.""</span></p><p class=""indent"" dir=""rtl"" style=""text-align:left;""><span class=""ar_writing"">(باب الترجل، ج:7، ص:2818، ط:دارالفكر)</span></p><p class=""indent"" dir=""rtl"" style=""text-align:left;""><span class=""ar_writing"">فقط والله أعلم</span></p></p><hr class=""big-hr""/>",13-04-2021,144209200026,banuri.edu.pk,حقوق و آدابِ معاشرت,آدابِ معاشرت,اٹھنے، بیٹھنے، سونے، چلنے پھرنے کے آداب,"<div class=""col-md-12 sawal-jawab""><h3 class=""question_heading"">سوال</h3><p><p style=""text-align:justify;""> گھر کے ٹوائلٹ میں ایک ہی جوڑا  جوتا پڑا ہوتا ہے،  جسے پہن کر سارے گھر والے وضو کرتے ہیں ، جن میں ظاہر ہے ماں باپ بہن بھائی سب شامل ہیں،  کیا اس میں قباحت ہے؟کچھ حضرات کا خیال ہے کہ عورت مرد کا جوتا الگ الگ ہونا چاہیے،  چاہے وہ ایک فیملی سے ہی کیوں نہ ہوں!</p></p><h4 class=""question_heading"">جواب</h4><p><p style=""text-align:justify;"">بصورتِ مسئولہ  ٹوائلٹ وغیرہ میں رکھا ہوا جوڑا(چاہے مردانہ ہو یا زنانہ) پہن کر مرد و زن دونوں کے لیے  وضو کرنے  کی اجازت  ہے۔ مرد و عورت کے لیے ایک دوسرے  کے چپل  پہننا اس وقت منع  ہے جب  اس  سے مقصود   مشابہت اختیار کرنا ہو ، یا بلاضرورت شوق کے لیے ہو،  اور احادیث میں  اسی پر وعیدبھی آئی ہے، تاہم اگر مشابہت مقصود نہ ہو، بلکہ بوجہ ضرورت پہن لے (مثلاً قریب میں زنانہ جوتی موجود نہ ہو) تو  اس کی گنجائش ہوگی۔ </p><p style=""text-align:justify;"">مرقاة المفاتيح شرح مشكاة المصابیح میں ہے:</p><p class=""indent"" style=""text-align:justify;""><span class=""ar_writing"">""وعن ابن عباس - رضي الله عنهما - قال: «لعن النبي صلى الله عليه وسلم المخنثين من الرجال والمترجلات من النساء، وقال: "" أخرجوهم من بيوتكم» "". رواه البخاري.</span></p><p class=""indent"" style=""text-align:justify;""><span class=""ar_writing"">(والمترجلات) : بكسر الجيم المشددة أي "" المتشبهات بالرجال (من النساء) : زيا وهيئة ومشية ورفع صوت ونحوها لا رأيا وعلما، فإن التشبه بهم محمود، كما روي أن عائشة -رضي الله عنها - كانت رجلة الرأي أي: رأيها كرأي الرجال على ما في النهاية. (وقال) : أي خطابا عاما (أخرجوهم من بيوتكم) : أي من مساكنكم ومن بلدكم، ففي شرح السنة: روي عن أبي هريرة «أن النبي صلى الله عليه وسلم أتي بمخنث قد خضب يديه ورجليه بالحناء، فأمر به فنفي إلى البقيع» ، ففي شرعة الإسلام الحناء سنة للنساء، ويكره لغيرهن من الرجال إلا أن يكون لعذر لأنه تشبه بهن اهـ.""</span></p><p class=""indent"" dir=""rtl"" style=""text-align:left;""><span class=""ar_writing"">(باب الترجل، ج:7، ص:2818، ط:دارالفكر)</span></p><p class=""indent"" dir=""rtl"" style=""text-align:left;""><span class=""ar_writing"">فقط والله أعلم</span></p></p><hr class=""big-hr""/><div class=""col-sm-6 col-md-6""><p class=""question_heading"" style=""color:#73161f"">فتویٰ نمبر : <a id=""fatwa_number"">144209200026</a></p></div><div class=""col-sm-6 col-md-6""><p style=""color:#73161f"">دارالافتاء :
                                جامعہ علوم اسلامیہ علامہ محمد یوسف بنوری ٹاؤن</p></div><hr class=""big-hr""/><div class=""col-sm-4 col-md-4""><div class=""tag""><a href=""https://www.banuri.edu.pk/questions/kitab/huqooq-muashret""><i class=""icon-docs-bold""></i> حقوق و آدابِ معاشرت</a></div></div><div class=""col-sm-4 col-md-4""><div class=""tag""><a href=""https://www.banuri.edu.pk/questions/bab/akhlaq-aadab""><i class=""icon-docs-bold""></i> آدابِ معاشرت</a></div></div><div class=""col-sm-4 col-md-4""><div class=""tag""><a href=""https://www.banuri.edu.pk/questions/fasal/uthnay-bethnay-chalnay-phirnay-k-aadab""><i class=""icon-docs-bold""></i> اٹھنے، بیٹھنے، سونے، چلنے پھرنے کے آداب</a></div></div></div>"
https://www.banuri.edu.pk/readquestion/marhom-ki-nmazon-or-rozon-ki-fedy-ka-hukm-144203200181/20-10-2020,مرحوم کی نمازوں اور روزوں کے فدیہ کا حکم,"<p><p style=""text-align:justify;"">کیا مرحوم کی نمازوں اور روزوں کا فدیہ نکالا جاتا ہے یا نہیں؟ اگر نکالا جاتا ہے تو کس طرح نکالیں؟ اور کتنے عرصے کا نکالا جائے؟ اور کس کو دیا جائے؟</p></p>","<p><p style=""text-align:justify;"">1- بصورتِ  مسئولہ  اگر مرحوم نے اپنی قضانمازوں اور روزوں کے فدیہ ادا کرنے کی وصیت کی تھی، تو اس صورت میں اس کے ترکے کے ایک  تہائی حصہ سے فدیہ کی رقم نکالی جائےگی، اگر تمام قضا نمازوں اور روزوں کا فدیہ ایک تہائی ترکے میں سے ادا ہوجائے تو بہتر، اگر مکمل ادا نہ ہو تو بقیہ نمازوں اور روزوں کا فدیہ ورثہ کے ذمے لازم نہیں ہوگا، تاہم اگر وہ بطورِ تبرع مرحوم کی بقیہ فوت شدہ نماز و روزوں کی طرف سے فدیہ دینا چاہیں تو یہ ان کی طرف سے احسان ہوگا۔ </p><p style=""text-align:justify;"">اور اگر مرحوم نے فدیہ کی وصیت نہیں کی تو شرعاً ورثاء پران کی نماز اور روزہ کا  فدیہ ادا کرنا لازم نہیں، البتہ اگر ورثاء  از خود باہمی رضامندی سے یاآپ اپنی جانب سے ان کی نماز،روزوں کا فدیہ  ادا کردیں تو امید ہے کہ مرحوم آخرت کی باز پرس سے بچ جائیں گے۔</p><p style=""text-align:justify;"">2: ایک روزے  کا فدیہ ایک صدقہ فطر کے برابر ہے، اور ایک نماز کا فدیہ  بھی ایک صدقہ فطر کے برابر ہے،  اور روزانہ وتر کے ساتھ چھ نمازیں ہیں تو ایک دن کی نمازوں کے فدیے بھی چھ ہوئے، اور ایک صدقہ فطر تقریباً پونے دو کلو گندم یا اس کاآٹا یا اس کی موجودہ قیمت ہے۔</p><p style=""text-align:justify;"">3: اگر مرحوم کے ذمہ نمازوں اور روزوں کی تعداد معلوم ہے تو ورثاء اسی کے بقدر فدیہ  دے دیں، اور اگر تعدادمعلوم نہیں ہے تواندازہ لگاکر اداکرسکتے ہیں۔</p><p style=""text-align:justify;"">4: فدیہ اس شخص کودیاجاسکتا ہے جس کو زکوۃ دیناجائز ہے،  یعنی مسلمان فقیر جو سید اور ہاشمی نہ ہو اور صاحبِ نصاب بھی نہ ہو ، لہذا اگر ورثاء مرحوم کی نمازوں اور روزوں کا فدیہ اداکرنا چاہیں تو مذکورہ طریقے پر ادا کرسکتے ہیں۔ صاحبِ نصاب نہ ہو سے مراد وہ شخص ہے جس کے پاس اس کی ضرورت و استعمال سے زائد کسی بھی قسم کا اتنا مال یا سامان موجود نہ ہو جس کی قیمت ساڑھے باون تولہ چاندی کی مالیت تک پہنچتی ہو۔</p><p style=""text-align:justify;"">فتاوی شامی میں ہے:</p><p class=""indent"" style=""text-align:justify;""><span class=""ar_writing"">(ولو مات وعليه صلوات فائتة وأوصى بالكفارة يعطى لكل صلاة نصف صاع من بر) كالفطرة(وكذا حكم الوتر) والصوم، وإنما يعطي (من ثلث ماله) </span></p><p class=""indent"" style=""text-align:justify;""><span class=""ar_writing"">(قوله: يعطى) بالبناء للمجهول: أي يعطي عنه وليه: أي من له ولاية التصرف في ماله بوصاية أو وراثة فيلزمه ذلك من الثلث إن أوصى، وإلا فلا يلزم الولي ذلك لأنها عبادة فلا بد فيها من الاختيار، فإذا لم يوص فات الشرط فيسقط في حق أحكام الدنيا للتعذر، بخلاف حق العباد فإن الواجب فيه وصوله إلى مستحقه لا غير، ولهذا لو ظفر به الغريم يأخذه بلا قضاء ولا رضا، ويبرأ من عليه الحق بذلك إمداد.</span></p><p class=""indent"" style=""text-align:justify;""><span class=""ar_writing"">ثم اعلم أنه إذا أوصى بفدية الصوم يحكم بالجواز قطعا لأنه منصوص عليه. وأما إذا لم يوص فتطوع بها الوارث فقد قال محمد في الزيادات إنه يجزيه إن شاء الله تعالى، فعلق الإجزاء بالمشيئة لعدم النص، وكذا علقه بالمشيئة فيما إذا أوصى بفدية الصلاة لأنهم ألحقوها بالصوم احتياطا لاحتمال كون النص فيه معلولا بالعجز فتشمل العلة الصلاة وإن لم يكن معلولا تكون الفدية برا مبتدأ يصلح ماحيا للسيئات فكان فيها شبهة كما إذا لم يوص بفدية الصوم فلذا جزم محمد بالأول ولم يجزم بالأخيرين، فعلم أنه إذا لم يوص بفدية الصلاة فالشبهة أقوى.</span></p><p class=""indent"" style=""text-align:justify;""><span class=""ar_writing"">واعلم أيضا أن المذكور فيما رأيته من كتب علمائنا فروعا وأصولا إذا لم يوص بفدية الصوم يجوز أن يتبرع عنه وليه. والمتبادر من التقييد بالولي أنه لا يصح من مال الأجنبي. ونظيره ما قالوه فيما إذا أوصى بحجة الفرض فتبرع الوارث بالحج لا يجوز، وإن لم يوص فتبرع الوارث إما بالحج بنفسه أو بالإحجاج عنه رجلا يجزيه. وظاهره أنه لو تبرع غير الوارث لايجزيه، نعم وقع في شرح نور الإيضاح للشرنبلالي التعبير بالوصي أو الأجنبي فتأمل، وتمام ذلك في آخر رسالتنا المسماة شفاء العليل في بطلان الوصية بالختمات والتهاليل.</span></p><p class=""indent"" style=""text-align:left;""><span class=""ar_writing"">(باب قضاء الفوائت، ج:1، ص:2، ط:ايج ايم سعيد)</span></p><p class=""indent"" style=""text-align:left;""><span class=""ar_writing"">فقط والله أعلم </span></p></p><hr class=""big-hr""/>",20-10-2020,144203200181,banuri.edu.pk,روزہ,روزہ,کفارہ / فدیہ,"<div class=""col-md-12 sawal-jawab""><h3 class=""question_heading"">سوال</h3><p><p style=""text-align:justify;"">کیا مرحوم کی نمازوں اور روزوں کا فدیہ نکالا جاتا ہے یا نہیں؟ اگر نکالا جاتا ہے تو کس طرح نکالیں؟ اور کتنے عرصے کا نکالا جائے؟ اور کس کو دیا جائے؟</p></p><h4 class=""question_heading"">جواب</h4><p><p style=""text-align:justify;"">1- بصورتِ  مسئولہ  اگر مرحوم نے اپنی قضانمازوں اور روزوں کے فدیہ ادا کرنے کی وصیت کی تھی، تو اس صورت میں اس کے ترکے کے ایک  تہائی حصہ سے فدیہ کی رقم نکالی جائےگی، اگر تمام قضا نمازوں اور روزوں کا فدیہ ایک تہائی ترکے میں سے ادا ہوجائے تو بہتر، اگر مکمل ادا نہ ہو تو بقیہ نمازوں اور روزوں کا فدیہ ورثہ کے ذمے لازم نہیں ہوگا، تاہم اگر وہ بطورِ تبرع مرحوم کی بقیہ فوت شدہ نماز و روزوں کی طرف سے فدیہ دینا چاہیں تو یہ ان کی طرف سے احسان ہوگا۔ </p><p style=""text-align:justify;"">اور اگر مرحوم نے فدیہ کی وصیت نہیں کی تو شرعاً ورثاء پران کی نماز اور روزہ کا  فدیہ ادا کرنا لازم نہیں، البتہ اگر ورثاء  از خود باہمی رضامندی سے یاآپ اپنی جانب سے ان کی نماز،روزوں کا فدیہ  ادا کردیں تو امید ہے کہ مرحوم آخرت کی باز پرس سے بچ جائیں گے۔</p><p style=""text-align:justify;"">2: ایک روزے  کا فدیہ ایک صدقہ فطر کے برابر ہے، اور ایک نماز کا فدیہ  بھی ایک صدقہ فطر کے برابر ہے،  اور روزانہ وتر کے ساتھ چھ نمازیں ہیں تو ایک دن کی نمازوں کے فدیے بھی چھ ہوئے، اور ایک صدقہ فطر تقریباً پونے دو کلو گندم یا اس کاآٹا یا اس کی موجودہ قیمت ہے۔</p><p style=""text-align:justify;"">3: اگر مرحوم کے ذمہ نمازوں اور روزوں کی تعداد معلوم ہے تو ورثاء اسی کے بقدر فدیہ  دے دیں، اور اگر تعدادمعلوم نہیں ہے تواندازہ لگاکر اداکرسکتے ہیں۔</p><p style=""text-align:justify;"">4: فدیہ اس شخص کودیاجاسکتا ہے جس کو زکوۃ دیناجائز ہے،  یعنی مسلمان فقیر جو سید اور ہاشمی نہ ہو اور صاحبِ نصاب بھی نہ ہو ، لہذا اگر ورثاء مرحوم کی نمازوں اور روزوں کا فدیہ اداکرنا چاہیں تو مذکورہ طریقے پر ادا کرسکتے ہیں۔ صاحبِ نصاب نہ ہو سے مراد وہ شخص ہے جس کے پاس اس کی ضرورت و استعمال سے زائد کسی بھی قسم کا اتنا مال یا سامان موجود نہ ہو جس کی قیمت ساڑھے باون تولہ چاندی کی مالیت تک پہنچتی ہو۔</p><p style=""text-align:justify;"">فتاوی شامی میں ہے:</p><p class=""indent"" style=""text-align:justify;""><span class=""ar_writing"">(ولو مات وعليه صلوات فائتة وأوصى بالكفارة يعطى لكل صلاة نصف صاع من بر) كالفطرة(وكذا حكم الوتر) والصوم، وإنما يعطي (من ثلث ماله) </span></p><p class=""indent"" style=""text-align:justify;""><span class=""ar_writing"">(قوله: يعطى) بالبناء للمجهول: أي يعطي عنه وليه: أي من له ولاية التصرف في ماله بوصاية أو وراثة فيلزمه ذلك من الثلث إن أوصى، وإلا فلا يلزم الولي ذلك لأنها عبادة فلا بد فيها من الاختيار، فإذا لم يوص فات الشرط فيسقط في حق أحكام الدنيا للتعذر، بخلاف حق العباد فإن الواجب فيه وصوله إلى مستحقه لا غير، ولهذا لو ظفر به الغريم يأخذه بلا قضاء ولا رضا، ويبرأ من عليه الحق بذلك إمداد.</span></p><p class=""indent"" style=""text-align:justify;""><span class=""ar_writing"">ثم اعلم أنه إذا أوصى بفدية الصوم يحكم بالجواز قطعا لأنه منصوص عليه. وأما إذا لم يوص فتطوع بها الوارث فقد قال محمد في الزيادات إنه يجزيه إن شاء الله تعالى، فعلق الإجزاء بالمشيئة لعدم النص، وكذا علقه بالمشيئة فيما إذا أوصى بفدية الصلاة لأنهم ألحقوها بالصوم احتياطا لاحتمال كون النص فيه معلولا بالعجز فتشمل العلة الصلاة وإن لم يكن معلولا تكون الفدية برا مبتدأ يصلح ماحيا للسيئات فكان فيها شبهة كما إذا لم يوص بفدية الصوم فلذا جزم محمد بالأول ولم يجزم بالأخيرين، فعلم أنه إذا لم يوص بفدية الصلاة فالشبهة أقوى.</span></p><p class=""indent"" style=""text-align:justify;""><span class=""ar_writing"">واعلم أيضا أن المذكور فيما رأيته من كتب علمائنا فروعا وأصولا إذا لم يوص بفدية الصوم يجوز أن يتبرع عنه وليه. والمتبادر من التقييد بالولي أنه لا يصح من مال الأجنبي. ونظيره ما قالوه فيما إذا أوصى بحجة الفرض فتبرع الوارث بالحج لا يجوز، وإن لم يوص فتبرع الوارث إما بالحج بنفسه أو بالإحجاج عنه رجلا يجزيه. وظاهره أنه لو تبرع غير الوارث لايجزيه، نعم وقع في شرح نور الإيضاح للشرنبلالي التعبير بالوصي أو الأجنبي فتأمل، وتمام ذلك في آخر رسالتنا المسماة شفاء العليل في بطلان الوصية بالختمات والتهاليل.</span></p><p class=""indent"" style=""text-align:left;""><span class=""ar_writing"">(باب قضاء الفوائت، ج:1، ص:2، ط:ايج ايم سعيد)</span></p><p class=""indent"" style=""text-align:left;""><span class=""ar_writing"">فقط والله أعلم </span></p></p><hr class=""big-hr""/><div class=""col-sm-6 col-md-6""><p class=""question_heading"" style=""color:#73161f"">فتویٰ نمبر : <a id=""fatwa_number"">144203200181</a></p></div><div class=""col-sm-6 col-md-6""><p style=""color:#73161f"">دارالافتاء :
                                جامعہ علوم اسلامیہ علامہ محمد یوسف بنوری ٹاؤن</p></div><hr class=""big-hr""/><div class=""col-sm-4 col-md-4""><div class=""tag""><a href=""https://www.banuri.edu.pk/questions/kitab/soum""><i class=""icon-docs-bold""></i> روزہ</a></div></div><div class=""col-sm-4 col-md-4""><div class=""tag""><a href=""https://www.banuri.edu.pk/questions/bab/roza""><i class=""icon-docs-bold""></i> روزہ</a></div></div><div class=""col-sm-4 col-md-4""><div class=""tag""><a href=""https://www.banuri.edu.pk/questions/fasal/kaffara-fidya""><i class=""icon-docs-bold""></i> کفارہ / فدیہ</a></div></div></div>"
https://www.banuri.edu.pk/readquestion/free-fire-game-ka-hukum-144203200103/19-10-2020,فری فائر (Free Fire) گیم کا حکم,"<p><p style=""text-align:justify;"">فری فائر (Free Fire) ایک گیم ہے جس میں دو کردار خصوصیت سے ذکر کرنا ضروری ہے،  ایک کا نام Adam  (یعنی  حضرت آدم  علیہ السلام)  ہے  اور  اس  کی تفصیل میں لکھا ہے کہ  ""یہ دنیا میں سب سے پہلے قدم رکھنے والے مرد ہیں""  اور دوسرے کا نام Eve (یعنی حضرت حوا رضی اللہ عنہا) ہےاور اس کی تفصیل میں لکھا ہے کہ ""یہ دنیا میں سب سے پہلا قدم رکھنے والی عورت ہے""۔ یہ گیم کھیلنے کے متعلق شرعی حکم بتائیں!</p></p>","<p><p style=""text-align:justify;"">کسی بھی قسم کے   کھیل کے  جائز ہونے کے لیے مندرجہ ذیل شرائط کا پایا جانا ضروری ہے، ورنہ وہ کھیل لہو ولعب میں داخل ہو نے کہ وجہ سے شرعاً  ناجائز اور حرام ہوگا:</p><p class=""indent"" style=""text-align:justify;"">1۔۔   وہ کھیل بذاتِ خود جائز ہو، اس میں کوئی ناجائز   بات نہ ہو۔</p><p class=""indent"" style=""text-align:justify;"">2۔۔اس کھیل میں کوئی دینی یا دینوی منفعت  ہو مثلاً جسمانی  ورزش وغیرہ، محض لہو لعب یا وقت گزاری کے لیے نہ کھیلا جائے۔</p><p class=""indent"" style=""text-align:justify;"">3۔۔ کھیل میں غیر شرعی امور کا ارتکاب نہ کیا جاتا  ہو۔</p><p class=""indent"" style=""text-align:justify;"">4۔۔کھیل میں اتنا غلو نہ کیا جائے  کہ جس سے شرعی فرائض میں کوتاہی یا غفلت پیدا ہو۔</p><p style=""text-align:justify;"">اگر کسی گیم میں مذکورہ بالا خرابیوں میں سے کوئی بھی خرابی پائی جائے وہ گیم کھیلنا جائز نہیں ہوگا؛ لہٰذا اگر مذکورہ ویڈیو گیم میں مذکورہ بالا خرابیوں میں سے  کوئی خرابی پائی جاتی ہے یا جان دار کی تصویر یا موسیقی وغیرہ ہوتی ہے تو ایسا گیم کھیلنا جائز نہیں ہوگا۔</p><p style=""text-align:justify;"">نیز ملحوظ رہے کہ کسی گیم میں اگر اسلام کی محترم شخصیات کا کردار دکھایا جائے تو  اسے کھیلنے سے ان شخصیات کا احترام بھی دل سے کم ہونے کا خدشہ ہے؛  لہذا  اس طرح کے گیم عام گیمز کی بنسبت زیادہ قبیح ہیں۔</p><p style=""text-align:justify;"">صورتِ  مسئولہ میں فری فائر (Free Fire) گیم کھیلنا ناجائز ہے۔</p><p style=""text-align:justify;"">روح المعانی میں ہے:</p><p class=""indent"" style=""text-align:justify;""><span class=""ar_writing"">’’ولهو الحديث على ما روي عن الحسن كل ما شغلك عن عبادة الله تعالى وذكره من السمر والأضاحيك والخرافات والغناء ونحوها‘‘.</span></p><p class=""indent"" style=""text-align:left;""> (تفسیر الآلوسي (11 / 66)، سورۃ لقمان، ط:دار الکتب العلمیة)</p><p style=""text-align:justify;"">         تکملۃ فتح الملہم میں ہے:</p><p class=""indent"" style=""text-align:justify;""><span class=""ar_writing"">’’فالضابط في هذا . . . أن اللهو المجرد الذي لا طائل تحته، وليس له غرض صحيح  مفيد في المعاش ولا المعاد حرام اور مكروه تحريماً، . . . وما كان فيه غرض  ومصلحة دينية أو دنيوية، فإن ورد النهي  عنه من الكتاب أو السنة . . . كان حراماً أو مكروهاً تحريماً، ... وأما مالم يرد فيه النهي عن الشارع وفيه فائدة ومصلحة للناس، فهو بالنظر الفقهي علي نوعين ، الأول ما شهدت التجربة بأن ضرره أعظم من نفعه ومفاسده أغلب علي منافعه، وأنه من اشتغل به الهاه عن ذكر الله  وحده وعن الصلاة والمساجد التحق ذلك بالمنهي عنه لاشتراك العلة فكان حراماً أو مكروهاً، والثاني ماليس كذالك  فهو أيضاً إن اشتغل به بنية التلهي والتلاعب فهو مكروه، وإن اشتغل به لتحصيل تلك المنفعة وبنية استجلاب المصلحة فهو مباح،  بل قد ير تقي إلى درجة الاستحباب أو أعظم منه . . . وعلي هذا الأصل فالألعاب التي يقصد بها رياضة الأبدان أو الأذهان جائزة في نفسها مالم يشتمل علي معصية أخري، وما لم يؤد الانهماك فيها إلى الاخلال بواجب الإنسان في دينه و دنياه‘‘.</span></p><p class=""indent"" style=""text-align:left;"">(تکملة فتح الملهم، قبیل کتاب الرؤیا، (4/435) ط:  دارالعلوم کراچی)</p><p class=""indent"" dir=""rtl"" style=""text-align:left;"">فقط واللہ اعلم</p></p><hr class=""big-hr""/>",19-10-2020,144203200103,banuri.edu.pk,حظر و اباحت,تفریح / کھیل,مختلف قسم کے کھیل,"<div class=""col-md-12 sawal-jawab""><h3 class=""question_heading"">سوال</h3><p><p style=""text-align:justify;"">فری فائر (Free Fire) ایک گیم ہے جس میں دو کردار خصوصیت سے ذکر کرنا ضروری ہے،  ایک کا نام Adam  (یعنی  حضرت آدم  علیہ السلام)  ہے  اور  اس  کی تفصیل میں لکھا ہے کہ  ""یہ دنیا میں سب سے پہلے قدم رکھنے والے مرد ہیں""  اور دوسرے کا نام Eve (یعنی حضرت حوا رضی اللہ عنہا) ہےاور اس کی تفصیل میں لکھا ہے کہ ""یہ دنیا میں سب سے پہلا قدم رکھنے والی عورت ہے""۔ یہ گیم کھیلنے کے متعلق شرعی حکم بتائیں!</p></p><h4 class=""question_heading"">جواب</h4><p><p style=""text-align:justify;"">کسی بھی قسم کے   کھیل کے  جائز ہونے کے لیے مندرجہ ذیل شرائط کا پایا جانا ضروری ہے، ورنہ وہ کھیل لہو ولعب میں داخل ہو نے کہ وجہ سے شرعاً  ناجائز اور حرام ہوگا:</p><p class=""indent"" style=""text-align:justify;"">1۔۔   وہ کھیل بذاتِ خود جائز ہو، اس میں کوئی ناجائز   بات نہ ہو۔</p><p class=""indent"" style=""text-align:justify;"">2۔۔اس کھیل میں کوئی دینی یا دینوی منفعت  ہو مثلاً جسمانی  ورزش وغیرہ، محض لہو لعب یا وقت گزاری کے لیے نہ کھیلا جائے۔</p><p class=""indent"" style=""text-align:justify;"">3۔۔ کھیل میں غیر شرعی امور کا ارتکاب نہ کیا جاتا  ہو۔</p><p class=""indent"" style=""text-align:justify;"">4۔۔کھیل میں اتنا غلو نہ کیا جائے  کہ جس سے شرعی فرائض میں کوتاہی یا غفلت پیدا ہو۔</p><p style=""text-align:justify;"">اگر کسی گیم میں مذکورہ بالا خرابیوں میں سے کوئی بھی خرابی پائی جائے وہ گیم کھیلنا جائز نہیں ہوگا؛ لہٰذا اگر مذکورہ ویڈیو گیم میں مذکورہ بالا خرابیوں میں سے  کوئی خرابی پائی جاتی ہے یا جان دار کی تصویر یا موسیقی وغیرہ ہوتی ہے تو ایسا گیم کھیلنا جائز نہیں ہوگا۔</p><p style=""text-align:justify;"">نیز ملحوظ رہے کہ کسی گیم میں اگر اسلام کی محترم شخصیات کا کردار دکھایا جائے تو  اسے کھیلنے سے ان شخصیات کا احترام بھی دل سے کم ہونے کا خدشہ ہے؛  لہذا  اس طرح کے گیم عام گیمز کی بنسبت زیادہ قبیح ہیں۔</p><p style=""text-align:justify;"">صورتِ  مسئولہ میں فری فائر (Free Fire) گیم کھیلنا ناجائز ہے۔</p><p style=""text-align:justify;"">روح المعانی میں ہے:</p><p class=""indent"" style=""text-align:justify;""><span class=""ar_writing"">’’ولهو الحديث على ما روي عن الحسن كل ما شغلك عن عبادة الله تعالى وذكره من السمر والأضاحيك والخرافات والغناء ونحوها‘‘.</span></p><p class=""indent"" style=""text-align:left;""> (تفسیر الآلوسي (11 / 66)، سورۃ لقمان، ط:دار الکتب العلمیة)</p><p style=""text-align:justify;"">         تکملۃ فتح الملہم میں ہے:</p><p class=""indent"" style=""text-align:justify;""><span class=""ar_writing"">’’فالضابط في هذا . . . أن اللهو المجرد الذي لا طائل تحته، وليس له غرض صحيح  مفيد في المعاش ولا المعاد حرام اور مكروه تحريماً، . . . وما كان فيه غرض  ومصلحة دينية أو دنيوية، فإن ورد النهي  عنه من الكتاب أو السنة . . . كان حراماً أو مكروهاً تحريماً، ... وأما مالم يرد فيه النهي عن الشارع وفيه فائدة ومصلحة للناس، فهو بالنظر الفقهي علي نوعين ، الأول ما شهدت التجربة بأن ضرره أعظم من نفعه ومفاسده أغلب علي منافعه، وأنه من اشتغل به الهاه عن ذكر الله  وحده وعن الصلاة والمساجد التحق ذلك بالمنهي عنه لاشتراك العلة فكان حراماً أو مكروهاً، والثاني ماليس كذالك  فهو أيضاً إن اشتغل به بنية التلهي والتلاعب فهو مكروه، وإن اشتغل به لتحصيل تلك المنفعة وبنية استجلاب المصلحة فهو مباح،  بل قد ير تقي إلى درجة الاستحباب أو أعظم منه . . . وعلي هذا الأصل فالألعاب التي يقصد بها رياضة الأبدان أو الأذهان جائزة في نفسها مالم يشتمل علي معصية أخري، وما لم يؤد الانهماك فيها إلى الاخلال بواجب الإنسان في دينه و دنياه‘‘.</span></p><p class=""indent"" style=""text-align:left;"">(تکملة فتح الملهم، قبیل کتاب الرؤیا، (4/435) ط:  دارالعلوم کراچی)</p><p class=""indent"" dir=""rtl"" style=""text-align:left;"">فقط واللہ اعلم</p></p><hr class=""big-hr""/><div class=""col-sm-6 col-md-6""><p class=""question_heading"" style=""color:#73161f"">فتویٰ نمبر : <a id=""fatwa_number"">144203200103</a></p></div><div class=""col-sm-6 col-md-6""><p style=""color:#73161f"">دارالافتاء :
                                جامعہ علوم اسلامیہ علامہ محمد یوسف بنوری ٹاؤن</p></div><hr class=""big-hr""/><div class=""col-sm-4 col-md-4""><div class=""tag""><a href=""https://www.banuri.edu.pk/questions/kitab/mamnooaat-mubahat""><i class=""icon-docs-bold""></i> حظر و اباحت</a></div></div><div class=""col-sm-4 col-md-4""><div class=""tag""><a href=""https://www.banuri.edu.pk/questions/bab/tafreeh-khel""><i class=""icon-docs-bold""></i> تفریح / کھیل</a></div></div><div class=""col-sm-4 col-md-4""><div class=""tag""><a href=""https://www.banuri.edu.pk/questions/fasal/mukhtalif-qism-k-khel""><i class=""icon-docs-bold""></i> مختلف قسم کے کھیل</a></div></div></div>"
https://www.banuri.edu.pk/readquestion/hameem-nam-rakhna-144203200125/20-10-2020,حٰم نام رکھنا,"<p><p style=""text-align:justify;"">میں نے اپنے نوزائید بچے کا نام ""حٰمیم"" سوچا ہے، کیا ""حٰمیم"" نام صحیح ہے؟ براہ مہربانی کوئی بہتر نام بھی بتائیں!</p></p>","<p><p style=""text-align:justify;"">""حٰم"" حروف  مقطعات  میں  سے  ہے اور  حروفِ مقطعات  اسرار  ہیں جن کو اللہ تعالیٰ کے سوا کوئی نہیں جانتا، نہ ہی صحابہ تابعین اور اسلاف سے حروفِ مقطعات کو نام کے طور پر استعمال کرنا ثابت ہے؛  لہذا ان حروف سے نام رکھنا گو ناجائز تو نہیں، لیکن مناسب بھی نہیں ہے؛ بہتر یہ ہی ہے کہ انبیاءِ کرام علیہم السلام یا صحابہ کرام رضی اللہ عنہم میں سے کسی کے نام پر نام رکھ لیا جائے، مثلًا: ابراہیم، اسماعیل عکاشہ، اسید، خالد، قاسم وغیرہ۔ فقط واللہ اعلم</p></p><hr class=""big-hr""/>",20-10-2020,144203200125,banuri.edu.pk,حقوق و آدابِ معاشرت,حقوق,اولاد کے حقوق,"<div class=""col-md-12 sawal-jawab""><h3 class=""question_heading"">سوال</h3><p><p style=""text-align:justify;"">میں نے اپنے نوزائید بچے کا نام ""حٰمیم"" سوچا ہے، کیا ""حٰمیم"" نام صحیح ہے؟ براہ مہربانی کوئی بہتر نام بھی بتائیں!</p></p><h4 class=""question_heading"">جواب</h4><p><p style=""text-align:justify;"">""حٰم"" حروف  مقطعات  میں  سے  ہے اور  حروفِ مقطعات  اسرار  ہیں جن کو اللہ تعالیٰ کے سوا کوئی نہیں جانتا، نہ ہی صحابہ تابعین اور اسلاف سے حروفِ مقطعات کو نام کے طور پر استعمال کرنا ثابت ہے؛  لہذا ان حروف سے نام رکھنا گو ناجائز تو نہیں، لیکن مناسب بھی نہیں ہے؛ بہتر یہ ہی ہے کہ انبیاءِ کرام علیہم السلام یا صحابہ کرام رضی اللہ عنہم میں سے کسی کے نام پر نام رکھ لیا جائے، مثلًا: ابراہیم، اسماعیل عکاشہ، اسید، خالد، قاسم وغیرہ۔ فقط واللہ اعلم</p></p><hr class=""big-hr""/><div class=""col-sm-6 col-md-6""><p class=""question_heading"" style=""color:#73161f"">فتویٰ نمبر : <a id=""fatwa_number"">144203200125</a></p></div><div class=""col-sm-6 col-md-6""><p style=""color:#73161f"">دارالافتاء :
                                جامعہ علوم اسلامیہ علامہ محمد یوسف بنوری ٹاؤن</p></div><hr class=""big-hr""/><div class=""col-sm-4 col-md-4""><div class=""tag""><a href=""https://www.banuri.edu.pk/questions/kitab/huqooq-muashret""><i class=""icon-docs-bold""></i> حقوق و آدابِ معاشرت</a></div></div><div class=""col-sm-4 col-md-4""><div class=""tag""><a href=""https://www.banuri.edu.pk/questions/bab/bahmi-huqooq""><i class=""icon-docs-bold""></i> حقوق</a></div></div><div class=""col-sm-4 col-md-4""><div class=""tag""><a href=""https://www.banuri.edu.pk/questions/fasal/olad-ky-hoqoq""><i class=""icon-docs-bold""></i> اولاد کے حقوق</a></div></div></div>"
https://www.banuri.edu.pk/readquestion/dua-qunoot-sy-pihly-hath-chory-bighair-uthana-144203200250/22-10-2020,دعاءِ قنوت سے پہلے ہاتھ چھوڑے بغیر اٹھانا,"<p><p style=""text-align:justify;""> دعاۓ قنوت سے  پہلے ہاتھ اوپر کو اٹھائیں گے  ہاتھ کونیچے چھوڑ نے کے بعد یا پھر ہاتھ کو نیچے چھوڑے بغیر؟</p></p>","<p><p style=""text-align:justify;"">وتر کی تیسری رکعت میں  سورۂ  فاتحہ اور سورت  کے بعد دعا ءِ  قنوت کے لیے  تکبیر کہتے ہوئے ہاتھ اٹھانے کا حکم  ہے  ،  ارسال  یعنی    چھوڑنے کا حکم نہیں ۔</p><p style=""text-align:justify;"">ہندیہ میں ہے :</p><p class=""indent"" style=""text-align:justify;""><span class=""ar_writing"">""إذا فرغ من القراء ۃ في الرکعة الثالثة کبّر و رفع یدیه حذاء أذنیه و یقنت قبل الرکوع ... واختلفوا أنه یرسل یدیه في القنوت أم یعتمد؟ و المختار أنّه یعتمد.""</span></p><p class=""indent"" style=""text-align:left;"">(الفتاویٰ الہندیۃ ۱۱۱/۱)</p><p class=""indent"" style=""text-align:left;"">فقط واللہ اعلم</p></p><hr class=""big-hr""/>",22-10-2020,144203200250,banuri.edu.pk,نماز,وتر و قنوت,وتر کا حکم اور طریقہ,"<div class=""col-md-12 sawal-jawab""><h3 class=""question_heading"">سوال</h3><p><p style=""text-align:justify;""> دعاۓ قنوت سے  پہلے ہاتھ اوپر کو اٹھائیں گے  ہاتھ کونیچے چھوڑ نے کے بعد یا پھر ہاتھ کو نیچے چھوڑے بغیر؟</p></p><h4 class=""question_heading"">جواب</h4><p><p style=""text-align:justify;"">وتر کی تیسری رکعت میں  سورۂ  فاتحہ اور سورت  کے بعد دعا ءِ  قنوت کے لیے  تکبیر کہتے ہوئے ہاتھ اٹھانے کا حکم  ہے  ،  ارسال  یعنی    چھوڑنے کا حکم نہیں ۔</p><p style=""text-align:justify;"">ہندیہ میں ہے :</p><p class=""indent"" style=""text-align:justify;""><span class=""ar_writing"">""إذا فرغ من القراء ۃ في الرکعة الثالثة کبّر و رفع یدیه حذاء أذنیه و یقنت قبل الرکوع ... واختلفوا أنه یرسل یدیه في القنوت أم یعتمد؟ و المختار أنّه یعتمد.""</span></p><p class=""indent"" style=""text-align:left;"">(الفتاویٰ الہندیۃ ۱۱۱/۱)</p><p class=""indent"" style=""text-align:left;"">فقط واللہ اعلم</p></p><hr class=""big-hr""/><div class=""col-sm-6 col-md-6""><p class=""question_heading"" style=""color:#73161f"">فتویٰ نمبر : <a id=""fatwa_number"">144203200250</a></p></div><div class=""col-sm-6 col-md-6""><p style=""color:#73161f"">دارالافتاء :
                                جامعہ علوم اسلامیہ علامہ محمد یوسف بنوری ٹاؤن</p></div><hr class=""big-hr""/><div class=""col-sm-4 col-md-4""><div class=""tag""><a href=""https://www.banuri.edu.pk/questions/kitab/salat""><i class=""icon-docs-bold""></i> نماز</a></div></div><div class=""col-sm-4 col-md-4""><div class=""tag""><a href=""https://www.banuri.edu.pk/questions/bab/witr-o-qunot""><i class=""icon-docs-bold""></i> وتر و قنوت</a></div></div><div class=""col-sm-4 col-md-4""><div class=""tag""><a href=""https://www.banuri.edu.pk/questions/fasal/witr-ka-hukum-aur-tareeqa""><i class=""icon-docs-bold""></i> وتر کا حکم اور طریقہ</a></div></div></div>"
https://www.banuri.edu.pk/readquestion/eisa-plat-jesme-tjart-ya-rhaish-ki-neyyat-nh-ki-gy-to-espar-zakat-ka-hukm-144209200944/25-04-2021,ایسے پلاٹ پر زکات کا حکم جس میں تجارت یا رہائش کی نیت نہیں کی گئی ہو,"<p><p style=""text-align:justify;"">میں  نے  چند سال قبل کارخانہ بنانے کی غرض سے ایک پلاٹ خریدا، کچھ سال تک اس کی  زکوٰۃ بھی اسی  لیے ادا نہیں کی،  پھر معلوم ہوا کہ یہاں کارخانہ لگانا ممکن نہیں؛ کیوں کہ آبادی قریب آ گئی ہے اور کل کو پریشانی بن سکتی ہے،  چنانچہ ہم نے وہاں کارخانہ لگانے کا ادارہ ملتوی کردیا ، اور میں نے اس کی مارکیٹ ویلیو کا اندازہ کر کے زکوٰۃ دینا شروع کردی اس طرح دو سال گزر گئے،  پھر ارادہ بنا کہ اس پر کوئی اور کام کر لیا جائے تو میں نے زکوٰۃ کے حساب سے اسے نکال دیا،  لیکن ابھی سال مکمل نہ ہوا تھا اور زکوٰۃ کے حساب کی تاریخ بھی نہ آئی تھی کہ ایک نئی جگہ خرید لی گئی اور اس نئی جگہ پر کارخانہ کی تعمیر بھی شروع کردی ہے الحمدللہ ، اب یہ پرانی جگہ پھر بچ گئی پوچھنا یہ ہے کہ اس پرانی جگہ کے سلسلے میں ابھی کچھ فیصلہ نہیں کر پایا ہوں کہ اسے رکھنا ہے یا بیچنا ہے تو اس صورت میں زکوٰۃ کا کیا حکم ہے؟</p></p>","<p><p style=""text-align:justify;"">صورتِ  مسئولہ  میں اس  پرانی جگہ پر زکوۃ واجب نہیں ہے۔</p><p style=""text-align:justify;"">فتاوی شامی میں ہے:</p><p class=""indent"" style=""text-align:justify;""><span class=""ar_writing"">""إذا أمسكه لينفق منه كل ما يحتاجه فحال الحول، وقد بقي معه منه نصاب فإنه يزكي ذلك الباقي، وإن كان قصده الإنفاق منه أيضا في المستقبل لعدم استحقاق صرفه إلى حوائجه الأصلية وقت حولان الحول، بخلاف ما إذا حال الحول وهو مستحق الصرف إليها، لكن يحتاج إلى الفرق بين هذا، وبين ما حال الحول عليه، وهو محتاج منه إلى أداء دين."" </span></p><p class=""indent"" dir=""rtl"" style=""text-align:left;""><span class=""ar_writing"">(كتاب الزكوة، ج:1، ص:262، ط:ايج ايم سعيد)</span></p><p class=""indent"" dir=""rtl"" style=""text-align:left;""><span class=""ar_writing"">فقط والله اعلم </span></p></p><hr class=""big-hr""/>",25-04-2021,144209200944,banuri.edu.pk,زکات,وجوب زکوٰۃ,وجوبِ زکوٰۃ کی شرائط,"<div class=""col-md-12 sawal-jawab""><h3 class=""question_heading"">سوال</h3><p><p style=""text-align:justify;"">میں  نے  چند سال قبل کارخانہ بنانے کی غرض سے ایک پلاٹ خریدا، کچھ سال تک اس کی  زکوٰۃ بھی اسی  لیے ادا نہیں کی،  پھر معلوم ہوا کہ یہاں کارخانہ لگانا ممکن نہیں؛ کیوں کہ آبادی قریب آ گئی ہے اور کل کو پریشانی بن سکتی ہے،  چنانچہ ہم نے وہاں کارخانہ لگانے کا ادارہ ملتوی کردیا ، اور میں نے اس کی مارکیٹ ویلیو کا اندازہ کر کے زکوٰۃ دینا شروع کردی اس طرح دو سال گزر گئے،  پھر ارادہ بنا کہ اس پر کوئی اور کام کر لیا جائے تو میں نے زکوٰۃ کے حساب سے اسے نکال دیا،  لیکن ابھی سال مکمل نہ ہوا تھا اور زکوٰۃ کے حساب کی تاریخ بھی نہ آئی تھی کہ ایک نئی جگہ خرید لی گئی اور اس نئی جگہ پر کارخانہ کی تعمیر بھی شروع کردی ہے الحمدللہ ، اب یہ پرانی جگہ پھر بچ گئی پوچھنا یہ ہے کہ اس پرانی جگہ کے سلسلے میں ابھی کچھ فیصلہ نہیں کر پایا ہوں کہ اسے رکھنا ہے یا بیچنا ہے تو اس صورت میں زکوٰۃ کا کیا حکم ہے؟</p></p><h4 class=""question_heading"">جواب</h4><p><p style=""text-align:justify;"">صورتِ  مسئولہ  میں اس  پرانی جگہ پر زکوۃ واجب نہیں ہے۔</p><p style=""text-align:justify;"">فتاوی شامی میں ہے:</p><p class=""indent"" style=""text-align:justify;""><span class=""ar_writing"">""إذا أمسكه لينفق منه كل ما يحتاجه فحال الحول، وقد بقي معه منه نصاب فإنه يزكي ذلك الباقي، وإن كان قصده الإنفاق منه أيضا في المستقبل لعدم استحقاق صرفه إلى حوائجه الأصلية وقت حولان الحول، بخلاف ما إذا حال الحول وهو مستحق الصرف إليها، لكن يحتاج إلى الفرق بين هذا، وبين ما حال الحول عليه، وهو محتاج منه إلى أداء دين."" </span></p><p class=""indent"" dir=""rtl"" style=""text-align:left;""><span class=""ar_writing"">(كتاب الزكوة، ج:1، ص:262، ط:ايج ايم سعيد)</span></p><p class=""indent"" dir=""rtl"" style=""text-align:left;""><span class=""ar_writing"">فقط والله اعلم </span></p></p><hr class=""big-hr""/><div class=""col-sm-6 col-md-6""><p class=""question_heading"" style=""color:#73161f"">فتویٰ نمبر : <a id=""fatwa_number"">144209200944</a></p></div><div class=""col-sm-6 col-md-6""><p style=""color:#73161f"">دارالافتاء :
                                جامعہ علوم اسلامیہ علامہ محمد یوسف بنوری ٹاؤن</p></div><hr class=""big-hr""/><div class=""col-sm-4 col-md-4""><div class=""tag""><a href=""https://www.banuri.edu.pk/questions/kitab/zakat""><i class=""icon-docs-bold""></i> زکات</a></div></div><div class=""col-sm-4 col-md-4""><div class=""tag""><a href=""https://www.banuri.edu.pk/questions/bab/wujoob-zakat""><i class=""icon-docs-bold""></i> وجوب زکوٰۃ</a></div></div><div class=""col-sm-4 col-md-4""><div class=""tag""><a href=""https://www.banuri.edu.pk/questions/fasal/wujoob-e-zakat-ki-sharaet""><i class=""icon-docs-bold""></i> وجوبِ زکوٰۃ کی شرائط</a></div></div></div>"
https://www.banuri.edu.pk/readquestion/nazar-k-pesay-behen-ko-dena-144206201568/11-02-2021,نذر کے پیسے بہن کو دینا,"<p><p style=""text-align:justify;""> ایک بہن(شادی شدہ) نذر  مانےاور اس منت کو دوسری بہن(غیرشادی شدہ)کودے دے  توکیاشرعی طور پر اس کادوبارہ ادا کرنا لازم ہوگا یانہیں ؟</p></p>","<p><p style=""text-align:justify;"">اگر سوال کا مقصد یہ ہے کہ نذر پوری ہونے کے بعد نذر مانے گئے پیسے بہن کو دے دیے تو اس کا حکم یہ ہے کہ اگر بہن مستحقِ  زکات تھی تو   دوبارہ ادا نہ کرے۔ اور اگر بہن مستحقِ  زکات نہیں تھی تو نذر کے پیسے کسی مستحقِ زکات  کو ادا کرے۔</p><p style=""text-align:justify;"">مستحقِ زکات کا مطلب یہ ہے کہ اس بہن کی ملکیت میں ضرورت و ا ستعمال سے زائد کسی بھی قسم کا اتنا مال یا سامان موجود نہ ہو جس کی مالیت ساڑھے باون تولہ چاندی کی قیمت تک پہنچے، اور وہ ہاشمی (سید، عباسی وغیرہ) نہ ہو۔</p><p style=""text-align:justify;""><span class=""ar_writing"">الدر المختار وحاشية ابن عابدين (رد المحتار) (2 / 339):</span></p><p class=""indent"" style=""text-align:justify;""><span class=""ar_writing"">""وهو مصرف أيضا لصدقة الفطر والكفارة والنذر وغير ذلك من الصدقات الواجبة، كما في القهستاني</span>.""</p><p class=""indent"" style=""text-align:left;"">فقط واللہ اعلم</p></p><hr class=""big-hr""/>",11-02-2021,144206201568,banuri.edu.pk,اَیمان و نذور,نذر کے احکام,نذر کی رقم کا مصرف,"<div class=""col-md-12 sawal-jawab""><h3 class=""question_heading"">سوال</h3><p><p style=""text-align:justify;""> ایک بہن(شادی شدہ) نذر  مانےاور اس منت کو دوسری بہن(غیرشادی شدہ)کودے دے  توکیاشرعی طور پر اس کادوبارہ ادا کرنا لازم ہوگا یانہیں ؟</p></p><h4 class=""question_heading"">جواب</h4><p><p style=""text-align:justify;"">اگر سوال کا مقصد یہ ہے کہ نذر پوری ہونے کے بعد نذر مانے گئے پیسے بہن کو دے دیے تو اس کا حکم یہ ہے کہ اگر بہن مستحقِ  زکات تھی تو   دوبارہ ادا نہ کرے۔ اور اگر بہن مستحقِ  زکات نہیں تھی تو نذر کے پیسے کسی مستحقِ زکات  کو ادا کرے۔</p><p style=""text-align:justify;"">مستحقِ زکات کا مطلب یہ ہے کہ اس بہن کی ملکیت میں ضرورت و ا ستعمال سے زائد کسی بھی قسم کا اتنا مال یا سامان موجود نہ ہو جس کی مالیت ساڑھے باون تولہ چاندی کی قیمت تک پہنچے، اور وہ ہاشمی (سید، عباسی وغیرہ) نہ ہو۔</p><p style=""text-align:justify;""><span class=""ar_writing"">الدر المختار وحاشية ابن عابدين (رد المحتار) (2 / 339):</span></p><p class=""indent"" style=""text-align:justify;""><span class=""ar_writing"">""وهو مصرف أيضا لصدقة الفطر والكفارة والنذر وغير ذلك من الصدقات الواجبة، كما في القهستاني</span>.""</p><p class=""indent"" style=""text-align:left;"">فقط واللہ اعلم</p></p><hr class=""big-hr""/><div class=""col-sm-6 col-md-6""><p class=""question_heading"" style=""color:#73161f"">فتویٰ نمبر : <a id=""fatwa_number"">144206201568</a></p></div><div class=""col-sm-6 col-md-6""><p style=""color:#73161f"">دارالافتاء :
                                جامعہ علوم اسلامیہ علامہ محمد یوسف بنوری ٹاؤن</p></div><hr class=""big-hr""/><div class=""col-sm-4 col-md-4""><div class=""tag""><a href=""https://www.banuri.edu.pk/questions/kitab/ayman-o-nuzoor""><i class=""icon-docs-bold""></i> اَیمان و نذور</a></div></div><div class=""col-sm-4 col-md-4""><div class=""tag""><a href=""https://www.banuri.edu.pk/questions/bab/nazar-ke-ahkaam""><i class=""icon-docs-bold""></i> نذر کے احکام</a></div></div><div class=""col-sm-4 col-md-4""><div class=""tag""><a href=""https://www.banuri.edu.pk/questions/fasal/nazar-ki-raqam-ka-masraf""><i class=""icon-docs-bold""></i> نذر کی رقم کا مصرف</a></div></div></div>"
https://www.banuri.edu.pk/readquestion/dsp-fund-ka-hkm-144206201563/11-02-2021,ڈی ایس پی فنڈ کا حکم,"<p><p style=""text-align:justify;"">ڈی ایس  پی  فنڈ  کا حکم کیاہے ؟</p></p>","<p><p style=""text-align:justify;"">واضح  رہے کہ جی پی فنڈ، پراویڈنٹ  فنڈ  یا  ڈی ایس او پی فنڈ، تینوں کا ایک ہی مفہوم ہے،  اس کی  چند  صورتیں ہیں:</p><p style=""text-align:justify;"">پراویڈنٹ فنڈ کی رائج صورتیں:</p><p style=""text-align:justify;"">1۔ بعض ادارے اپنے ہر ملازم کو جبراً اس فنڈ کا حصہ بناتے ہیں اور ملازم کو عدمِ شمولیت کا اختیار نہیں دیتے، ہر ماہ تنخواہ دینے سے پہلے ہی طے شدہ شرح کے مطابق جبری کٹوتی کرلی جاتی ہے اور بقیہ تنخواہ ملازم کو دے دی جاتی ہے۔</p><p style=""text-align:justify;"">2۔ بعض اداروں کی طرف سے ہر ملازم کے لیے اس فنڈ کا حصہ بننا لازمی نہیں ہوتا ، بلکہ ملازمین کو اختیار ہوتاہے کہ اپنی مرضی سے جو ملازم اس فنڈ سے فائدہ اٹھانا چاہتا ہے وہ اس فنڈ کا حصہ بن سکتا ہے اور ملازمین کی اجازت سے ہر ماہ طے شدہ شرح کے مطابق ان کی تنخواہوں سے کٹوتی کرکے مذکورہ فنڈ میں جمع کی جاتی رہتی ہے۔</p><p style=""text-align:justify;"">3۔ بعض ادارے ہر ملازم کو جبراً اس فنڈ کا حصہ بنانے کے ساتھ ساتھ ملازمین کو اختیار دیتے ہیں کہ اگر کوئی ملازم اس فنڈ میں مقررہ شرح سے زیادہ رقم جمع کرانا چاہے تو کرا سکتا ہے؛ اس قسم کی کٹوتی کو جبری و اختیاری کٹوتی کہا جاتا ہے ۔</p><p style=""text-align:justify;"">مذکورہ صورتوں میں ملنے والے اضافے کا حکم:</p><p style=""text-align:justify;"">1۔ پہلی صورت( جبری کٹوتی) کا حکم یہ ہے کہ یہ فنڈ کمپنی کی طرف سے ملازمین کے لیے تبرع و انعام ہوتا ہے اور ملازمین کے لیے یہ لینا شرعاً جائز ہوتا ہے ۔ اس لیے ملازم نے اپنی رضامندی سے رقم جمع نہیں کروائی، ادارہ اس سے جس طرح بھی نفع کمائے ملازم اس کا ذمہ دار نہیں ہوتا، اور قانوناً وشرعاً ابھی تک مذکورہ رقم اس کی ملکیت میں بھی نہیں ہوتی؛ لہٰذا اس کے لیے اضافی رقم لینا جائز ہوگا۔ البتہ اگر کوئی احتیاطاً یہ رقم استعمال نہ کرے تو یہ تقوے کی بات ہے۔</p><p style=""text-align:justify;"">2۔ دوسری  قسم (اختیاری کٹوتی)  کا حکم یہ ہے کہ ملازمین نے اپنی تنخواہوں سے جتنی کٹوتی کرائی ہے ، اور جو رقم ادارے نے اس کے ساتھ ملائی ہے اتنی ہی جمع شدہ رقم وہ لے سکتے ہیں،  لیکن ان دونوں رقموں سے زائد رقم لینا شرعاًجائز نہیں ہوتا ؛ کیوں کہ اس صورت میں ملازم اپنے اختیار سے کٹوتی کرواتاہے، گویا وہ اپنی جمع شدہ رقم کو سودی انویسٹمنٹ میں صرف کرنے پر راضی ہوتاہے، لہٰذا یہ اضافہ لینا جائز نہیں ہوگا؛ کیوں کہ سودی معاملے پر رضامندی بھی ناجائز ہے۔</p><p style=""text-align:justify;"">3۔ تیسری صورت ( جبری واختیاری کٹوتی) کا حکم یہ ہے کہ جتنی کٹوتی جبراً ہوئی ہے اس پر ملنے والی زائد رقم ملازم کے لیے لینا شرعاً جائز ہوتا ہے اور جتنی رقم ملازم نے اپنے اختیار سے کٹوائی ہے اس پر ملنے والی زائد رقم لینا جائز نہیں ہوتا ۔ فقط واللہ اعلم</p></p><hr class=""big-hr""/>",11-02-2021,144206201563,banuri.edu.pk,معاملات,سود / بینکاری / انشورنس / شیئرز,پراویڈنٹ فنڈ,"<div class=""col-md-12 sawal-jawab""><h3 class=""question_heading"">سوال</h3><p><p style=""text-align:justify;"">ڈی ایس  پی  فنڈ  کا حکم کیاہے ؟</p></p><h4 class=""question_heading"">جواب</h4><p><p style=""text-align:justify;"">واضح  رہے کہ جی پی فنڈ، پراویڈنٹ  فنڈ  یا  ڈی ایس او پی فنڈ، تینوں کا ایک ہی مفہوم ہے،  اس کی  چند  صورتیں ہیں:</p><p style=""text-align:justify;"">پراویڈنٹ فنڈ کی رائج صورتیں:</p><p style=""text-align:justify;"">1۔ بعض ادارے اپنے ہر ملازم کو جبراً اس فنڈ کا حصہ بناتے ہیں اور ملازم کو عدمِ شمولیت کا اختیار نہیں دیتے، ہر ماہ تنخواہ دینے سے پہلے ہی طے شدہ شرح کے مطابق جبری کٹوتی کرلی جاتی ہے اور بقیہ تنخواہ ملازم کو دے دی جاتی ہے۔</p><p style=""text-align:justify;"">2۔ بعض اداروں کی طرف سے ہر ملازم کے لیے اس فنڈ کا حصہ بننا لازمی نہیں ہوتا ، بلکہ ملازمین کو اختیار ہوتاہے کہ اپنی مرضی سے جو ملازم اس فنڈ سے فائدہ اٹھانا چاہتا ہے وہ اس فنڈ کا حصہ بن سکتا ہے اور ملازمین کی اجازت سے ہر ماہ طے شدہ شرح کے مطابق ان کی تنخواہوں سے کٹوتی کرکے مذکورہ فنڈ میں جمع کی جاتی رہتی ہے۔</p><p style=""text-align:justify;"">3۔ بعض ادارے ہر ملازم کو جبراً اس فنڈ کا حصہ بنانے کے ساتھ ساتھ ملازمین کو اختیار دیتے ہیں کہ اگر کوئی ملازم اس فنڈ میں مقررہ شرح سے زیادہ رقم جمع کرانا چاہے تو کرا سکتا ہے؛ اس قسم کی کٹوتی کو جبری و اختیاری کٹوتی کہا جاتا ہے ۔</p><p style=""text-align:justify;"">مذکورہ صورتوں میں ملنے والے اضافے کا حکم:</p><p style=""text-align:justify;"">1۔ پہلی صورت( جبری کٹوتی) کا حکم یہ ہے کہ یہ فنڈ کمپنی کی طرف سے ملازمین کے لیے تبرع و انعام ہوتا ہے اور ملازمین کے لیے یہ لینا شرعاً جائز ہوتا ہے ۔ اس لیے ملازم نے اپنی رضامندی سے رقم جمع نہیں کروائی، ادارہ اس سے جس طرح بھی نفع کمائے ملازم اس کا ذمہ دار نہیں ہوتا، اور قانوناً وشرعاً ابھی تک مذکورہ رقم اس کی ملکیت میں بھی نہیں ہوتی؛ لہٰذا اس کے لیے اضافی رقم لینا جائز ہوگا۔ البتہ اگر کوئی احتیاطاً یہ رقم استعمال نہ کرے تو یہ تقوے کی بات ہے۔</p><p style=""text-align:justify;"">2۔ دوسری  قسم (اختیاری کٹوتی)  کا حکم یہ ہے کہ ملازمین نے اپنی تنخواہوں سے جتنی کٹوتی کرائی ہے ، اور جو رقم ادارے نے اس کے ساتھ ملائی ہے اتنی ہی جمع شدہ رقم وہ لے سکتے ہیں،  لیکن ان دونوں رقموں سے زائد رقم لینا شرعاًجائز نہیں ہوتا ؛ کیوں کہ اس صورت میں ملازم اپنے اختیار سے کٹوتی کرواتاہے، گویا وہ اپنی جمع شدہ رقم کو سودی انویسٹمنٹ میں صرف کرنے پر راضی ہوتاہے، لہٰذا یہ اضافہ لینا جائز نہیں ہوگا؛ کیوں کہ سودی معاملے پر رضامندی بھی ناجائز ہے۔</p><p style=""text-align:justify;"">3۔ تیسری صورت ( جبری واختیاری کٹوتی) کا حکم یہ ہے کہ جتنی کٹوتی جبراً ہوئی ہے اس پر ملنے والی زائد رقم ملازم کے لیے لینا شرعاً جائز ہوتا ہے اور جتنی رقم ملازم نے اپنے اختیار سے کٹوائی ہے اس پر ملنے والی زائد رقم لینا جائز نہیں ہوتا ۔ فقط واللہ اعلم</p></p><hr class=""big-hr""/><div class=""col-sm-6 col-md-6""><p class=""question_heading"" style=""color:#73161f"">فتویٰ نمبر : <a id=""fatwa_number"">144206201563</a></p></div><div class=""col-sm-6 col-md-6""><p style=""color:#73161f"">دارالافتاء :
                                جامعہ علوم اسلامیہ علامہ محمد یوسف بنوری ٹاؤن</p></div><hr class=""big-hr""/><div class=""col-sm-4 col-md-4""><div class=""tag""><a href=""https://www.banuri.edu.pk/questions/kitab/muamlat""><i class=""icon-docs-bold""></i> معاملات</a></div></div><div class=""col-sm-4 col-md-4""><div class=""tag""><a href=""https://www.banuri.edu.pk/questions/bab/sood-bankari-insurance-shares""><i class=""icon-docs-bold""></i> سود / بینکاری / انشورنس / شیئرز</a></div></div><div class=""col-sm-4 col-md-4""><div class=""tag""><a href=""https://www.banuri.edu.pk/questions/fasal/provident-fund""><i class=""icon-docs-bold""></i> پراویڈنٹ فنڈ</a></div></div></div>"
https://www.banuri.edu.pk/readquestion/tasbehat-taq-adad-144207200439/20-02-2021,تسبیحات طاق عدد میں پڑھنا مسنون ہے,"<p><p style=""text-align:justify;"">رکوع میں جفت تسبیح پڑھناکیسا ہے ؟</p></p>","<p><p style=""text-align:justify;"">نماز میں رکوع و سجدہ کی حالت میں کم از کم تین مرتبہ تسبیح   پڑھنا سنت ہے، درمیانی درجہ یہ ہے کہ پانچ دفعہ پڑھے اور اعلیٰ درجہ یہ ہے کہ سات دفعہ پڑھے۔ بہرحال تین سے کم بار (ایک یا دو بار)تسبیح پڑھنے سے سنت ادا نہیں ہوگی، بلکہ نماز مکروہ ہوگی، اور علامہ شامی کے بقول یہ کراہت کراہتِ تنزیہی سے زیادہ ہوگی۔ تین سے زیادہ جتنی بھی مقدار پڑھے جائز اور باعثِ زیادتی اجر و ثواب ہے، البتہ طاق عدد (۵ ،۷ ،۹ وغیرہ)  پر ختم کرے۔ جفت عدد میں تسبیح پڑھنے سے اجتناب کرنا چاہیے۔</p><p style=""text-align:justify;"">الفتاوى الهندية (1/ 75):</p><p class=""indent"" style=""text-align:justify;""><span class=""ar_writing"">""(ثم إذا استوى قائماً كبر وسجد) . كذا في الهداية ويكبر في حالة الخرور ويقول في سجوده: سبحان ربي الأعلى ثلاثاً وذلك أدناه. كذا في المحيط. ويستحب أن يزيد على الثلاث في الركوع والسجود بعد أن يختم بالوتر. كذا في الهداية. فالأدنى فيهما ثلاث مرات، والأوسط خمس مرات، والأكمل سبع مرات. كذا في الزاد. وإن كان إماماً لايزيد على وجه يمل القوم. كذا في الهداية"".</span></p><p style=""text-align:justify;"">الدر المختار وحاشية ابن عابدين (رد المحتار) (1/ 494):</p><p class=""indent"" style=""text-align:justify;""><span class=""ar_writing"">""ويسبح فيه) وأقله (ثلاثاً) فلو تركه أو نقصه كره تنزيهاً.</span></p><p class=""indent"" style=""text-align:justify;""><span class=""ar_writing""> (قوله: كره تنزيهاً) أي بناءً على أن الأمر بالتسبيح للاستحباب، بحر، وفي المعراج: وقال أبو مطيع البلخي تلميذ أبي حنيفة: إن الثلاث فرض. وعند أحمد يجب مرةً كتسبيح السجود والتكبيرات والتسميع والدعاء بين السجدتين، فلو تركه عمداً بطلت، ولو سهواً لا.</span></p><p class=""indent"" style=""text-align:justify;""><span class=""ar_writing"">وفي القهستاني: وقيل يجب. اهـ. وهذا قول ثالث عندنا، وذكر في الحلية أن الأمر به والمواظبة عليه متظافران على الوجوب، فينبغي لزوم سجود السهو أو الإعادة لو تركه ساهياً أو عامداً، ووافقه على هذا البحث العلامة إبراهيم الحلبي في شرح المنية أيضاً. وأجاب في البحر بأنه عليه الصلاة والسلام لم يذكره للأعرابي حين علمه، فهذا صارف للأمر عن الوجوب، لكن استشعر في شرح المنية ورود هذا فأجاب عنه بقوله: ولقائل أن يقول: إنما يلزم ذلك أن لو لم يكن في الصلاة واجب خارج عما علمه الأعرابي وليس كذلك، بل تعيين الفاتحة وضم السورة أو ثلاث آيات ليس مما علمه للأعرابي، بل ثبت بدليل آخر فلم لايكون هذا كذلك؟ اهـ.</span></p><p class=""indent"" style=""text-align:justify;""><span class=""ar_writing"">والحاصل: أن في تثليث التسبيح في الركوع والسجود ثلاثة أقوال عندنا، أرجحها من حيث الدليل الوجوب تخريجاً على القواعد المذهبية، فينبغي اعتماده كما اعتمد ابن الهمام ومن تبعه رواية وجوب القومة والجلسة والطمأنينة فيهما كما مر. وأما من حيث الرواية فالأرجح السنية؛ لأنها المصرح بها في مشاهير الكتب، وصرحوا بأنه يكره أن ينقص عن الثلاث وأن الزيادة مستحبة بعد أن يختم على وتر خمس أو سبع أو تسع ما لم يكن إماماً فلايطول، وقدمنا في سنن الصلاة عن أصول أبي اليسر أن حكم السنة أن يندب إلى تحصيلها ويلام على تركها مع حصول إثم يسير وهذا يفيد أن كراهة تركها فوق التنزيه وتحت المكروه تحريماً. وبهذا يضعف قول البحر: إن الكراهة هنا للتنزيه؛ لأنه مستحب وإن تبعه الشارح وغيره، فتدبر"".</span></p><p style=""text-align:justify;"">الدر المختار وحاشية ابن عابدين (رد المحتار) (1/ 495):</p><p class=""indent"" style=""text-align:justify;""><span class=""ar_writing"">""وفي المنية: ويكره للإمام أن يعجلهم عن إكمال السنة. ونقل في الحلية عن عبد الله بن المبارك وإسحاق وإبراهيم والثوري أنه يستحب للإمام أن يسبح خمس تسبيحات ليدرك من خلفه الثلاث"".</span></p><p style=""text-align:justify;"">مراقي الفلاح بإمداد الفتاح شرح نور الإيضاح ونجاة الأرواح - (1 / 132)</p><p class=""indent"" style=""text-align:justify;""><span class=""ar_writing"">""( و ) يسن ( تسبيحه ) أي الركوع ( ثلاثا ) لقول النبي صلى الله عليه و سلم "" إذا ركع أحدكم فليقل ثلاث مرات سبحان ربي العظيم وذلك أدناه وإذا سجد فليقل سبحان ربي الأعلى ثلاث مرات وذلك أدناه "" أي أدنى كماله المعنوي وهو الجمع المحصل للسنة لا اللغوي والأمر للاستحباب فيكره أن ينقص منها ولو رفع الإمام قبل إتمام المقتدي ثلاثا فالصحيح أنه يتابعه ولا يزيد الإمام على وجه يمل به القوم وكلما زاد المنفرد فهو أفضل بعد الختم على وتر""۔</span></p><p class=""indent"" style=""text-align:left;"">فقط واللہ اعلم</p></p><hr class=""big-hr""/>",20-02-2021,144207200439,banuri.edu.pk,نماز,نماز کا طریقہ,نماز کی سنتیں,"<div class=""col-md-12 sawal-jawab""><h3 class=""question_heading"">سوال</h3><p><p style=""text-align:justify;"">رکوع میں جفت تسبیح پڑھناکیسا ہے ؟</p></p><h4 class=""question_heading"">جواب</h4><p><p style=""text-align:justify;"">نماز میں رکوع و سجدہ کی حالت میں کم از کم تین مرتبہ تسبیح   پڑھنا سنت ہے، درمیانی درجہ یہ ہے کہ پانچ دفعہ پڑھے اور اعلیٰ درجہ یہ ہے کہ سات دفعہ پڑھے۔ بہرحال تین سے کم بار (ایک یا دو بار)تسبیح پڑھنے سے سنت ادا نہیں ہوگی، بلکہ نماز مکروہ ہوگی، اور علامہ شامی کے بقول یہ کراہت کراہتِ تنزیہی سے زیادہ ہوگی۔ تین سے زیادہ جتنی بھی مقدار پڑھے جائز اور باعثِ زیادتی اجر و ثواب ہے، البتہ طاق عدد (۵ ،۷ ،۹ وغیرہ)  پر ختم کرے۔ جفت عدد میں تسبیح پڑھنے سے اجتناب کرنا چاہیے۔</p><p style=""text-align:justify;"">الفتاوى الهندية (1/ 75):</p><p class=""indent"" style=""text-align:justify;""><span class=""ar_writing"">""(ثم إذا استوى قائماً كبر وسجد) . كذا في الهداية ويكبر في حالة الخرور ويقول في سجوده: سبحان ربي الأعلى ثلاثاً وذلك أدناه. كذا في المحيط. ويستحب أن يزيد على الثلاث في الركوع والسجود بعد أن يختم بالوتر. كذا في الهداية. فالأدنى فيهما ثلاث مرات، والأوسط خمس مرات، والأكمل سبع مرات. كذا في الزاد. وإن كان إماماً لايزيد على وجه يمل القوم. كذا في الهداية"".</span></p><p style=""text-align:justify;"">الدر المختار وحاشية ابن عابدين (رد المحتار) (1/ 494):</p><p class=""indent"" style=""text-align:justify;""><span class=""ar_writing"">""ويسبح فيه) وأقله (ثلاثاً) فلو تركه أو نقصه كره تنزيهاً.</span></p><p class=""indent"" style=""text-align:justify;""><span class=""ar_writing""> (قوله: كره تنزيهاً) أي بناءً على أن الأمر بالتسبيح للاستحباب، بحر، وفي المعراج: وقال أبو مطيع البلخي تلميذ أبي حنيفة: إن الثلاث فرض. وعند أحمد يجب مرةً كتسبيح السجود والتكبيرات والتسميع والدعاء بين السجدتين، فلو تركه عمداً بطلت، ولو سهواً لا.</span></p><p class=""indent"" style=""text-align:justify;""><span class=""ar_writing"">وفي القهستاني: وقيل يجب. اهـ. وهذا قول ثالث عندنا، وذكر في الحلية أن الأمر به والمواظبة عليه متظافران على الوجوب، فينبغي لزوم سجود السهو أو الإعادة لو تركه ساهياً أو عامداً، ووافقه على هذا البحث العلامة إبراهيم الحلبي في شرح المنية أيضاً. وأجاب في البحر بأنه عليه الصلاة والسلام لم يذكره للأعرابي حين علمه، فهذا صارف للأمر عن الوجوب، لكن استشعر في شرح المنية ورود هذا فأجاب عنه بقوله: ولقائل أن يقول: إنما يلزم ذلك أن لو لم يكن في الصلاة واجب خارج عما علمه الأعرابي وليس كذلك، بل تعيين الفاتحة وضم السورة أو ثلاث آيات ليس مما علمه للأعرابي، بل ثبت بدليل آخر فلم لايكون هذا كذلك؟ اهـ.</span></p><p class=""indent"" style=""text-align:justify;""><span class=""ar_writing"">والحاصل: أن في تثليث التسبيح في الركوع والسجود ثلاثة أقوال عندنا، أرجحها من حيث الدليل الوجوب تخريجاً على القواعد المذهبية، فينبغي اعتماده كما اعتمد ابن الهمام ومن تبعه رواية وجوب القومة والجلسة والطمأنينة فيهما كما مر. وأما من حيث الرواية فالأرجح السنية؛ لأنها المصرح بها في مشاهير الكتب، وصرحوا بأنه يكره أن ينقص عن الثلاث وأن الزيادة مستحبة بعد أن يختم على وتر خمس أو سبع أو تسع ما لم يكن إماماً فلايطول، وقدمنا في سنن الصلاة عن أصول أبي اليسر أن حكم السنة أن يندب إلى تحصيلها ويلام على تركها مع حصول إثم يسير وهذا يفيد أن كراهة تركها فوق التنزيه وتحت المكروه تحريماً. وبهذا يضعف قول البحر: إن الكراهة هنا للتنزيه؛ لأنه مستحب وإن تبعه الشارح وغيره، فتدبر"".</span></p><p style=""text-align:justify;"">الدر المختار وحاشية ابن عابدين (رد المحتار) (1/ 495):</p><p class=""indent"" style=""text-align:justify;""><span class=""ar_writing"">""وفي المنية: ويكره للإمام أن يعجلهم عن إكمال السنة. ونقل في الحلية عن عبد الله بن المبارك وإسحاق وإبراهيم والثوري أنه يستحب للإمام أن يسبح خمس تسبيحات ليدرك من خلفه الثلاث"".</span></p><p style=""text-align:justify;"">مراقي الفلاح بإمداد الفتاح شرح نور الإيضاح ونجاة الأرواح - (1 / 132)</p><p class=""indent"" style=""text-align:justify;""><span class=""ar_writing"">""( و ) يسن ( تسبيحه ) أي الركوع ( ثلاثا ) لقول النبي صلى الله عليه و سلم "" إذا ركع أحدكم فليقل ثلاث مرات سبحان ربي العظيم وذلك أدناه وإذا سجد فليقل سبحان ربي الأعلى ثلاث مرات وذلك أدناه "" أي أدنى كماله المعنوي وهو الجمع المحصل للسنة لا اللغوي والأمر للاستحباب فيكره أن ينقص منها ولو رفع الإمام قبل إتمام المقتدي ثلاثا فالصحيح أنه يتابعه ولا يزيد الإمام على وجه يمل به القوم وكلما زاد المنفرد فهو أفضل بعد الختم على وتر""۔</span></p><p class=""indent"" style=""text-align:left;"">فقط واللہ اعلم</p></p><hr class=""big-hr""/><div class=""col-sm-6 col-md-6""><p class=""question_heading"" style=""color:#73161f"">فتویٰ نمبر : <a id=""fatwa_number"">144207200439</a></p></div><div class=""col-sm-6 col-md-6""><p style=""color:#73161f"">دارالافتاء :
                                جامعہ علوم اسلامیہ علامہ محمد یوسف بنوری ٹاؤن</p></div><hr class=""big-hr""/><div class=""col-sm-4 col-md-4""><div class=""tag""><a href=""https://www.banuri.edu.pk/questions/kitab/salat""><i class=""icon-docs-bold""></i> نماز</a></div></div><div class=""col-sm-4 col-md-4""><div class=""tag""><a href=""https://www.banuri.edu.pk/questions/bab/namaz-ka-tariqah""><i class=""icon-docs-bold""></i> نماز کا طریقہ</a></div></div><div class=""col-sm-4 col-md-4""><div class=""tag""><a href=""https://www.banuri.edu.pk/questions/fasal/namaz-ki-sunnaten""><i class=""icon-docs-bold""></i> نماز کی سنتیں</a></div></div></div>"
https://www.banuri.edu.pk/readquestion/security-deposit-mai-rakhe-gye-soney-pr-zakat-144207200252/16-02-2021,سیکیورٹی ڈپازٹ میں رکھے گئے سونے پر زکاۃ,"<p><p style=""text-align:justify;"">مکان کرایہ  پر  لیا اور سیکیورٹی  کے  طور پر سونا دیاتو  کیا  زکات  واجب ہوگی اس سونا ڈپازٹ پر؟ سونا اس لیےدیا کہ اگر کرایہ دینے سے  تعذر ہو تو مکان مالک اس کو بیچ کر کرایه وصول کرے!</p></p>","<p><p style=""text-align:justify;"">واضح رہے کہ  جو سونا  بطورِ ڈپازٹ جمع کرایا جاتا ہے اس کی حیثیت امانت کی ہوتی ہے اور بالآخر وہ سونا مالک کے پاس واپس آنا ہوتا ہے؛ اس لیے  سونے کے مالک پر مذکورہ سونے کی زکات واجب ہو گی۔ البتہ جب  مالکِ  مکان کرایہ نہ  ملنے کی وجہ سے  اس سونے  کو بیچ دے ، تو اس وقت  چوں کہ وہ کرایہ دار کی ملک میں باقی نہ رہے گا، لہٰذا اس کی زکاۃ بھی لازم نہیں ہوگی۔</p><p style=""text-align:justify;"">بدائع میں ہے:</p><p class=""indent"" style=""text-align:justify;""><span class=""ar_writing"">""ولو دفع إلى إنسان وديعة ثم نسي المودع فإن كان المدفوع إليه من معارفه فعليه الزكاة لما مضى إذا تذكر.""</span></p><p class=""indent"" style=""text-align:left;"">(بدائع الصنائع في ترتيب الشرائع (2 / 9), [فصل الشرائط التي ترجع إلى المال], كتاب الزكاة, الناشر: دار الكتب العلمية)</p><p class=""indent"" style=""text-align:left;"">فقط واللہ اعلم</p></p><hr class=""big-hr""/>",16-02-2021,144207200252,banuri.edu.pk,زکات,وجوب زکوٰۃ,وجوبِ زکوٰۃ کی شرائط,"<div class=""col-md-12 sawal-jawab""><h3 class=""question_heading"">سوال</h3><p><p style=""text-align:justify;"">مکان کرایہ  پر  لیا اور سیکیورٹی  کے  طور پر سونا دیاتو  کیا  زکات  واجب ہوگی اس سونا ڈپازٹ پر؟ سونا اس لیےدیا کہ اگر کرایہ دینے سے  تعذر ہو تو مکان مالک اس کو بیچ کر کرایه وصول کرے!</p></p><h4 class=""question_heading"">جواب</h4><p><p style=""text-align:justify;"">واضح رہے کہ  جو سونا  بطورِ ڈپازٹ جمع کرایا جاتا ہے اس کی حیثیت امانت کی ہوتی ہے اور بالآخر وہ سونا مالک کے پاس واپس آنا ہوتا ہے؛ اس لیے  سونے کے مالک پر مذکورہ سونے کی زکات واجب ہو گی۔ البتہ جب  مالکِ  مکان کرایہ نہ  ملنے کی وجہ سے  اس سونے  کو بیچ دے ، تو اس وقت  چوں کہ وہ کرایہ دار کی ملک میں باقی نہ رہے گا، لہٰذا اس کی زکاۃ بھی لازم نہیں ہوگی۔</p><p style=""text-align:justify;"">بدائع میں ہے:</p><p class=""indent"" style=""text-align:justify;""><span class=""ar_writing"">""ولو دفع إلى إنسان وديعة ثم نسي المودع فإن كان المدفوع إليه من معارفه فعليه الزكاة لما مضى إذا تذكر.""</span></p><p class=""indent"" style=""text-align:left;"">(بدائع الصنائع في ترتيب الشرائع (2 / 9), [فصل الشرائط التي ترجع إلى المال], كتاب الزكاة, الناشر: دار الكتب العلمية)</p><p class=""indent"" style=""text-align:left;"">فقط واللہ اعلم</p></p><hr class=""big-hr""/><div class=""col-sm-6 col-md-6""><p class=""question_heading"" style=""color:#73161f"">فتویٰ نمبر : <a id=""fatwa_number"">144207200252</a></p></div><div class=""col-sm-6 col-md-6""><p style=""color:#73161f"">دارالافتاء :
                                جامعہ علوم اسلامیہ علامہ محمد یوسف بنوری ٹاؤن</p></div><hr class=""big-hr""/><div class=""col-sm-4 col-md-4""><div class=""tag""><a href=""https://www.banuri.edu.pk/questions/kitab/zakat""><i class=""icon-docs-bold""></i> زکات</a></div></div><div class=""col-sm-4 col-md-4""><div class=""tag""><a href=""https://www.banuri.edu.pk/questions/bab/wujoob-zakat""><i class=""icon-docs-bold""></i> وجوب زکوٰۃ</a></div></div><div class=""col-sm-4 col-md-4""><div class=""tag""><a href=""https://www.banuri.edu.pk/questions/fasal/wujoob-e-zakat-ki-sharaet""><i class=""icon-docs-bold""></i> وجوبِ زکوٰۃ کی شرائط</a></div></div></div>"
https://www.banuri.edu.pk/readquestion/insurance-company-main-mulazamat-ka-hukum-144207200005/13-02-2021,انشورنش کمپنی میں ملازمت کا حکم,"<p><p style=""text-align:justify;"">کیا  لائف  انشورنس کمپنی میں فائنینشل ایڈوائزر (Financial Advisor) کے  طور پر کام کرنا جائز ہے؟ میں نے ماسٹرز کیا ہوا ہے اور میرے پاس ملازمت نہیں ہے، گھر  میں  سب  ملازمت کرتے  ہیں،  پیسوں کی ضرورت کی وجہ سے ملازمت نہیں کرنی، صرف تجربہ کے لیے کرنی ہے اور وہ انشورنش کمپنی میں ہی مل رہی ہے۔ اگر حرام ہوئی تو نہیں کروں گی۔</p></p>","<p><p style=""text-align:justify;"">واضح رہے کہ انشورنس کا نظام سود اور جوے جیسی  ناجائز  اور ممنوع  چیزوں پر مشتمل ہوتا ہے اور کسی انشورنس کمپنی کے ملازم بننے سے ایسے ناجائز نظام کا حصہ بننا لازم آتا ہے جس پر سخت وعیدیں وارد ہوئی ہیں۔</p><p style=""text-align:justify;"">صورتِ مسئولہ میں لائف  انشورنس  کمپنی میں فائنینشل ایڈوائزر (Financial Advisor) بننا ناجائز ہے۔</p><p style=""text-align:justify;"">نیز  واضح ہو کہ عورت کا بلا ضرورتِ  شرعیہ گھر سے باہر نکلنا پسندیدہ نہیں ہےاور صرف تجربہ کے لیے کمانا ضرورتِ شرعیہ میں  داخل نہیں  ہے۔</p><p style=""text-align:justify;"">قرآنِ کریم میں ہے:</p><p class=""indent"" style=""text-align:justify;""><span class=""ar_writing qr_writing"">﴿ يَآ أَيُّهَا الَّذِينَ اٰمَنُوآ اِنَّمَا الْخَمْرُ وَالْمَيْسِرُ وَالْأَنْصَابُ وَالْأَزْلَامُ رِجْسٌ مِّنْ عَمَلِ الشَّيْطَانِ فَاجْتَنِبُوهُ لَعَلَّكُمْ تُفْلِحُون﴾ [المائدة: 90]</span></p><p class=""indent"" style=""text-align:justify;"">شرح معانی الآثار میں ہے:</p><p class=""indent"" style=""text-align:justify;""><span class=""ar_writing"">"" عَنْ عَمْرِو بْنِ يَثْرِبِيٍّ، قَالَ: خَطَبَنَا رَسُولُ اللهِ صَلَّى اللَّهُ عَلَيْهِ وَسَلَّمَ فَقَالَ: «لَا يَحِلُّ لِامْرِئٍ مِنْ مَالِ أَخِيهِ شَيْءٌ إِلَّا بِطِيبِ نَفْسٍ مِنْهُ»"".</span></p><p class=""indent"" style=""text-align:left;""><span class=""ar_writing"">(2/313، کتاب الکراهة، ط: حقانيه)</span></p><p style=""text-align:justify;"">صحیح مسلم  میں ہے:</p><p class=""indent"" style=""text-align:justify;""><span class=""ar_writing"">""عَنْ جَابِرٍ، قَالَ: «لَعَنَ رَسُولُ اللهِ صَلَّى اللهُ عَلَيْهِ وَسَلَّمَ اٰكِلَ الرِّبَا، وَمُؤْكِلَهُ، وَكَاتِبَهُ، وَشَاهِدَيْهِ»، وَقَالَ: «هُمْ سَوَاءٌ»"".</span></p><p class=""indent"" style=""text-align:left;""><span class=""ar_writing"">(3/1219، کتاب المساقات،دار احیاء التراث ، بیروت)</span></p><p style=""text-align:justify;"">مصنف ابن ابی شیبہ میں ہے:</p><p class=""indent"" style=""text-align:justify;""><span class=""ar_writing"">""عن ابن سیرین قال: کل شيء فیه قمار فهو من المیسر"".</span></p><p class=""indent"" style=""text-align:left;""><span class=""ar_writing"">(4/483، کتاب البیوع  والاقضیہ، ط: مکتبہ رشد، ریاض)</span></p><p style=""text-align:justify;"">فتاوی شامی میں ہے:</p><p class=""indent"" style=""text-align:justify;""><span class=""ar_writing"">""وَسُمِّيَ الْقِمَارُ قِمَارًا؛ لِأَنَّ كُلَّ وَاحِدٍ مِنْ الْمُقَامِرَيْنِ مِمَّنْ يَجُوزُ أَنْ يَذْهَبَ مَالُهُ إلَى صَاحِبِهِ، وَيَجُوزُ أَنْ يَسْتَفِيدَ مَالَ صَاحِبِهِ وَهُوَ حَرَامٌ بِالنَّصِّ"".</span></p><p class=""indent"" style=""text-align:left;""><span class=""ar_writing"">(6 / 403، کتاب الحظر والاباحۃ، ط: سعید)</span></p><p class=""indent"" style=""text-align:left;"">فقط واللہ اعلم</p></p><hr class=""big-hr""/>",13-02-2021,144207200005,banuri.edu.pk,معاملات,سود / بینکاری / انشورنس / شیئرز,بیمہ زندگی / انشورنس / تکافل,"<div class=""col-md-12 sawal-jawab""><h3 class=""question_heading"">سوال</h3><p><p style=""text-align:justify;"">کیا  لائف  انشورنس کمپنی میں فائنینشل ایڈوائزر (Financial Advisor) کے  طور پر کام کرنا جائز ہے؟ میں نے ماسٹرز کیا ہوا ہے اور میرے پاس ملازمت نہیں ہے، گھر  میں  سب  ملازمت کرتے  ہیں،  پیسوں کی ضرورت کی وجہ سے ملازمت نہیں کرنی، صرف تجربہ کے لیے کرنی ہے اور وہ انشورنش کمپنی میں ہی مل رہی ہے۔ اگر حرام ہوئی تو نہیں کروں گی۔</p></p><h4 class=""question_heading"">جواب</h4><p><p style=""text-align:justify;"">واضح رہے کہ انشورنس کا نظام سود اور جوے جیسی  ناجائز  اور ممنوع  چیزوں پر مشتمل ہوتا ہے اور کسی انشورنس کمپنی کے ملازم بننے سے ایسے ناجائز نظام کا حصہ بننا لازم آتا ہے جس پر سخت وعیدیں وارد ہوئی ہیں۔</p><p style=""text-align:justify;"">صورتِ مسئولہ میں لائف  انشورنس  کمپنی میں فائنینشل ایڈوائزر (Financial Advisor) بننا ناجائز ہے۔</p><p style=""text-align:justify;"">نیز  واضح ہو کہ عورت کا بلا ضرورتِ  شرعیہ گھر سے باہر نکلنا پسندیدہ نہیں ہےاور صرف تجربہ کے لیے کمانا ضرورتِ شرعیہ میں  داخل نہیں  ہے۔</p><p style=""text-align:justify;"">قرآنِ کریم میں ہے:</p><p class=""indent"" style=""text-align:justify;""><span class=""ar_writing qr_writing"">﴿ يَآ أَيُّهَا الَّذِينَ اٰمَنُوآ اِنَّمَا الْخَمْرُ وَالْمَيْسِرُ وَالْأَنْصَابُ وَالْأَزْلَامُ رِجْسٌ مِّنْ عَمَلِ الشَّيْطَانِ فَاجْتَنِبُوهُ لَعَلَّكُمْ تُفْلِحُون﴾ [المائدة: 90]</span></p><p class=""indent"" style=""text-align:justify;"">شرح معانی الآثار میں ہے:</p><p class=""indent"" style=""text-align:justify;""><span class=""ar_writing"">"" عَنْ عَمْرِو بْنِ يَثْرِبِيٍّ، قَالَ: خَطَبَنَا رَسُولُ اللهِ صَلَّى اللَّهُ عَلَيْهِ وَسَلَّمَ فَقَالَ: «لَا يَحِلُّ لِامْرِئٍ مِنْ مَالِ أَخِيهِ شَيْءٌ إِلَّا بِطِيبِ نَفْسٍ مِنْهُ»"".</span></p><p class=""indent"" style=""text-align:left;""><span class=""ar_writing"">(2/313، کتاب الکراهة، ط: حقانيه)</span></p><p style=""text-align:justify;"">صحیح مسلم  میں ہے:</p><p class=""indent"" style=""text-align:justify;""><span class=""ar_writing"">""عَنْ جَابِرٍ، قَالَ: «لَعَنَ رَسُولُ اللهِ صَلَّى اللهُ عَلَيْهِ وَسَلَّمَ اٰكِلَ الرِّبَا، وَمُؤْكِلَهُ، وَكَاتِبَهُ، وَشَاهِدَيْهِ»، وَقَالَ: «هُمْ سَوَاءٌ»"".</span></p><p class=""indent"" style=""text-align:left;""><span class=""ar_writing"">(3/1219، کتاب المساقات،دار احیاء التراث ، بیروت)</span></p><p style=""text-align:justify;"">مصنف ابن ابی شیبہ میں ہے:</p><p class=""indent"" style=""text-align:justify;""><span class=""ar_writing"">""عن ابن سیرین قال: کل شيء فیه قمار فهو من المیسر"".</span></p><p class=""indent"" style=""text-align:left;""><span class=""ar_writing"">(4/483، کتاب البیوع  والاقضیہ، ط: مکتبہ رشد، ریاض)</span></p><p style=""text-align:justify;"">فتاوی شامی میں ہے:</p><p class=""indent"" style=""text-align:justify;""><span class=""ar_writing"">""وَسُمِّيَ الْقِمَارُ قِمَارًا؛ لِأَنَّ كُلَّ وَاحِدٍ مِنْ الْمُقَامِرَيْنِ مِمَّنْ يَجُوزُ أَنْ يَذْهَبَ مَالُهُ إلَى صَاحِبِهِ، وَيَجُوزُ أَنْ يَسْتَفِيدَ مَالَ صَاحِبِهِ وَهُوَ حَرَامٌ بِالنَّصِّ"".</span></p><p class=""indent"" style=""text-align:left;""><span class=""ar_writing"">(6 / 403، کتاب الحظر والاباحۃ، ط: سعید)</span></p><p class=""indent"" style=""text-align:left;"">فقط واللہ اعلم</p></p><hr class=""big-hr""/><div class=""col-sm-6 col-md-6""><p class=""question_heading"" style=""color:#73161f"">فتویٰ نمبر : <a id=""fatwa_number"">144207200005</a></p></div><div class=""col-sm-6 col-md-6""><p style=""color:#73161f"">دارالافتاء :
                                جامعہ علوم اسلامیہ علامہ محمد یوسف بنوری ٹاؤن</p></div><hr class=""big-hr""/><div class=""col-sm-4 col-md-4""><div class=""tag""><a href=""https://www.banuri.edu.pk/questions/kitab/muamlat""><i class=""icon-docs-bold""></i> معاملات</a></div></div><div class=""col-sm-4 col-md-4""><div class=""tag""><a href=""https://www.banuri.edu.pk/questions/bab/sood-bankari-insurance-shares""><i class=""icon-docs-bold""></i> سود / بینکاری / انشورنس / شیئرز</a></div></div><div class=""col-sm-4 col-md-4""><div class=""tag""><a href=""https://www.banuri.edu.pk/questions/fasal/bima-zindagi-insurance-takaful""><i class=""icon-docs-bold""></i> بیمہ زندگی / انشورنس / تکافل</a></div></div></div>"
https://www.banuri.edu.pk/readquestion/سورہ-واقعہ-میں-مترفین-کی-جگہ-محسنین-پڑھ-دیا/13-02-2021,سورہ واقعہ میں 'مترفین' کی جگہ 'محسنین' پڑھ دیا,"<p><p style=""text-align:justify;"">امام  نے  سورہ واقعہ کی آیت نمبر 39 میں  <span class=""qr_writing"">{ثلة من الاولين}</span>  سے قرأت شروع کی  <span class=""qr_writing"">{عظیم} </span> تک پڑھا۔ لکن  <span class=""qr_writing"">{مترفین} </span> کی جگہ <span class=""ar_writing"">""محسنین""</span> پڑھا۔ نماز ہوئی یا نہیں؟</p></p>","<p><p style=""text-align:justify;"">صورتِ  مسئولہ میں اگر ما قبل کی آیت پر  وقف کیا ہو اور ما بعد کی آیت  ملانے  سے پہلے وقف کیا ہو تو نماز ہوجائے گی۔ اور اگر وقف نہیں کیا تھا تو نماز فاسد ہوگئی۔</p><p style=""text-align:justify;""><span class=""ar_writing"">الفتاوى الهندية (1/ 80):</span></p><p class=""indent"" style=""text-align:justify;""><span class=""ar_writing"">""(ومنها: ذكر آية مكان آية) لو ذكر آية مكان آية إن وقف وقفاً تاماً، ثم ابتدأ بآية أخرى أو ببعض آية لاتفسد كما لو قرأ:{والعصر - إن الإنسان} [العصر: 1 - 2] ثم قال: {إن الأبرار لفي نعيم} [الانفطار: 13] ، أو قرأ :{والتين} [التين: 1] إلى قوله: {وهذا البلد الأمين} [التين: 3] ووقف ثم قرأ: {لقد خلقنا الإنسان في كبد} [البلد: 4] أو قرأ: {إن الذين آمنوا وعملوا الصالحات} [البينة: 7] ووقف ثم قال: {أولئك هم شر البرية} [البينة: 6] لاتفسد. أما إذا لم يقف ووصل - إن لم يغير المعنى - نحو أن يقرأ: {إن الذين آمنوا وعملوا الصالحات} [الكهف: 107] فلهم جزاء الحسنى مكان قوله: {كانت لهم جنات الفردوس نزلاً} [الكهف: 107] لاتفسد. أما إذا غير المعنى بأن قرأ: "" إن الذين آمنوا وعملوا الصالحات أولئك هم شر البرية إن الذين كفروا من أهل الكتاب "" إلى قوله: ""خالدين فيها أولئك هم خير البرية "" تفسد عند عامة علمائنا وهو الصحيح. هكذا في الخلاصة.""</span></p><p class=""indent"" style=""text-align:left;""><span style=""text-align:justify;""><span style=""font-family:arabic_font;""><span style=""font-size:23px;""><strong> </strong></span></span>فقط واللہ اعلم</span></p></p><hr class=""big-hr""/>",13-02-2021,144207200006,banuri.edu.pk,نماز,نماز کی شرائط,نماز اور اس کی شرائط و ارکان ، سنن و آداب,"<div class=""col-md-12 sawal-jawab""><h3 class=""question_heading"">سوال</h3><p><p style=""text-align:justify;"">امام  نے  سورہ واقعہ کی آیت نمبر 39 میں  <span class=""qr_writing"">{ثلة من الاولين}</span>  سے قرأت شروع کی  <span class=""qr_writing"">{عظیم} </span> تک پڑھا۔ لکن  <span class=""qr_writing"">{مترفین} </span> کی جگہ <span class=""ar_writing"">""محسنین""</span> پڑھا۔ نماز ہوئی یا نہیں؟</p></p><h4 class=""question_heading"">جواب</h4><p><p style=""text-align:justify;"">صورتِ  مسئولہ میں اگر ما قبل کی آیت پر  وقف کیا ہو اور ما بعد کی آیت  ملانے  سے پہلے وقف کیا ہو تو نماز ہوجائے گی۔ اور اگر وقف نہیں کیا تھا تو نماز فاسد ہوگئی۔</p><p style=""text-align:justify;""><span class=""ar_writing"">الفتاوى الهندية (1/ 80):</span></p><p class=""indent"" style=""text-align:justify;""><span class=""ar_writing"">""(ومنها: ذكر آية مكان آية) لو ذكر آية مكان آية إن وقف وقفاً تاماً، ثم ابتدأ بآية أخرى أو ببعض آية لاتفسد كما لو قرأ:{والعصر - إن الإنسان} [العصر: 1 - 2] ثم قال: {إن الأبرار لفي نعيم} [الانفطار: 13] ، أو قرأ :{والتين} [التين: 1] إلى قوله: {وهذا البلد الأمين} [التين: 3] ووقف ثم قرأ: {لقد خلقنا الإنسان في كبد} [البلد: 4] أو قرأ: {إن الذين آمنوا وعملوا الصالحات} [البينة: 7] ووقف ثم قال: {أولئك هم شر البرية} [البينة: 6] لاتفسد. أما إذا لم يقف ووصل - إن لم يغير المعنى - نحو أن يقرأ: {إن الذين آمنوا وعملوا الصالحات} [الكهف: 107] فلهم جزاء الحسنى مكان قوله: {كانت لهم جنات الفردوس نزلاً} [الكهف: 107] لاتفسد. أما إذا غير المعنى بأن قرأ: "" إن الذين آمنوا وعملوا الصالحات أولئك هم شر البرية إن الذين كفروا من أهل الكتاب "" إلى قوله: ""خالدين فيها أولئك هم خير البرية "" تفسد عند عامة علمائنا وهو الصحيح. هكذا في الخلاصة.""</span></p><p class=""indent"" style=""text-align:left;""><span style=""text-align:justify;""><span style=""font-family:arabic_font;""><span style=""font-size:23px;""><strong> </strong></span></span>فقط واللہ اعلم</span></p></p><hr class=""big-hr""/><div class=""col-sm-6 col-md-6""><p class=""question_heading"" style=""color:#73161f"">فتویٰ نمبر : <a id=""fatwa_number"">144207200006</a></p></div><div class=""col-sm-6 col-md-6""><p style=""color:#73161f"">دارالافتاء :
                                جامعہ علوم اسلامیہ علامہ محمد یوسف بنوری ٹاؤن</p></div><hr class=""big-hr""/><div class=""col-sm-4 col-md-4""><div class=""tag""><a href=""https://www.banuri.edu.pk/questions/kitab/salat""><i class=""icon-docs-bold""></i> نماز</a></div></div><div class=""col-sm-4 col-md-4""><div class=""tag""><a href=""https://www.banuri.edu.pk/questions/bab/namaz-ki-sharait""><i class=""icon-docs-bold""></i> نماز کی شرائط</a></div></div><div class=""col-sm-4 col-md-4""><div class=""tag""><a href=""https://www.banuri.edu.pk/questions/fasal/namaz-or-us-ki-sharait-o-arkaan-sunan-o-aadab""><i class=""icon-docs-bold""></i> نماز اور اس کی شرائط و ارکان ، سنن و آداب</a></div></div></div>"
https://www.banuri.edu.pk/readquestion/mayyat-ko-dafnane-ka-tareeqa-144207200059/14-02-2021,نومولود بچے کو قبلہ رخ کے علاوہ دفنا دیا گیا,"<p><p style=""text-align:justify;""> اگر نومولود (فوت  شدہ)  بچے کا  سر قبلے  کی طرف اور پاؤں مشرق کی طرف کرکے دفنا دیا تو کیا کرے؟</p></p>","<p><p style=""text-align:justify;"">واضح رہے کہ  میت کو قبر میں  دائیں کروٹ پر  قبلہ رخ   لٹانا مسنون ہے ، لہذا میت کو قبر میں  دیوار سے ٹیک لگا کر اس طرح سیدھی کروٹ   رکھا جائے گا کہ اس کا رخ قبلہ کی طرف ہو، یعنی قبلے سے مشرقی جانب کے ممالک میں میت کا سرہانہ شمال اور پاؤں جنوب کی طرف ہونے چاہییں، تاہم اگر میت کو اس طور پر دفنا دیا گیا ہے کہ میت کا سر قبلہ کی جانب اور پاؤں مشرق کی طرف رکھے گئے تو  اب دوبارہ مذکورہ بالا طریقہ پر میت کو رکھنے کے لیے قبر نہیں کھولی جائے  گی ۔ </p><p class=""indent"" style=""text-align:justify;""><span class=""ar_writing"">""و يوضع في القبر على جنبه الأيمن مستقبل القبلة، كذا في الخلاصة.""</span></p><p class=""indent"" style=""text-align:left;""><span class=""ar_writing"">(الفتاوى الهندية 1 / 166 ط: دار الفكر)</span></p><p class=""indent"" style=""text-align:justify;""><span class=""ar_writing"">""(ولا ينبش ليوجه إليها) أي لو دفن مستدبراّ لها وأهالوا التراب لاينبش؛ لأن التوجه إلى القبلة سنة والنبش حرام.""</span></p><p class=""indent"" style=""text-align:left;""><span class=""ar_writing"">(رد المحتار على الدر المختار، كتاب الصلاة ، باب صلاة الجنازة ، مطلب في دفن الميت، 3/141 ط: دار عالم الكتب، الرياض)</span></p><p class=""indent"" style=""text-align:left;"">فقط واللہ اعلم</p></p><hr class=""big-hr""/>",14-02-2021,144207200059,banuri.edu.pk,جنائز,تدفین,میت دفن کرنے کے احکام,"<div class=""col-md-12 sawal-jawab""><h3 class=""question_heading"">سوال</h3><p><p style=""text-align:justify;""> اگر نومولود (فوت  شدہ)  بچے کا  سر قبلے  کی طرف اور پاؤں مشرق کی طرف کرکے دفنا دیا تو کیا کرے؟</p></p><h4 class=""question_heading"">جواب</h4><p><p style=""text-align:justify;"">واضح رہے کہ  میت کو قبر میں  دائیں کروٹ پر  قبلہ رخ   لٹانا مسنون ہے ، لہذا میت کو قبر میں  دیوار سے ٹیک لگا کر اس طرح سیدھی کروٹ   رکھا جائے گا کہ اس کا رخ قبلہ کی طرف ہو، یعنی قبلے سے مشرقی جانب کے ممالک میں میت کا سرہانہ شمال اور پاؤں جنوب کی طرف ہونے چاہییں، تاہم اگر میت کو اس طور پر دفنا دیا گیا ہے کہ میت کا سر قبلہ کی جانب اور پاؤں مشرق کی طرف رکھے گئے تو  اب دوبارہ مذکورہ بالا طریقہ پر میت کو رکھنے کے لیے قبر نہیں کھولی جائے  گی ۔ </p><p class=""indent"" style=""text-align:justify;""><span class=""ar_writing"">""و يوضع في القبر على جنبه الأيمن مستقبل القبلة، كذا في الخلاصة.""</span></p><p class=""indent"" style=""text-align:left;""><span class=""ar_writing"">(الفتاوى الهندية 1 / 166 ط: دار الفكر)</span></p><p class=""indent"" style=""text-align:justify;""><span class=""ar_writing"">""(ولا ينبش ليوجه إليها) أي لو دفن مستدبراّ لها وأهالوا التراب لاينبش؛ لأن التوجه إلى القبلة سنة والنبش حرام.""</span></p><p class=""indent"" style=""text-align:left;""><span class=""ar_writing"">(رد المحتار على الدر المختار، كتاب الصلاة ، باب صلاة الجنازة ، مطلب في دفن الميت، 3/141 ط: دار عالم الكتب، الرياض)</span></p><p class=""indent"" style=""text-align:left;"">فقط واللہ اعلم</p></p><hr class=""big-hr""/><div class=""col-sm-6 col-md-6""><p class=""question_heading"" style=""color:#73161f"">فتویٰ نمبر : <a id=""fatwa_number"">144207200059</a></p></div><div class=""col-sm-6 col-md-6""><p style=""color:#73161f"">دارالافتاء :
                                جامعہ علوم اسلامیہ علامہ محمد یوسف بنوری ٹاؤن</p></div><hr class=""big-hr""/><div class=""col-sm-4 col-md-4""><div class=""tag""><a href=""https://www.banuri.edu.pk/questions/kitab/janaiz""><i class=""icon-docs-bold""></i> جنائز</a></div></div><div class=""col-sm-4 col-md-4""><div class=""tag""><a href=""https://www.banuri.edu.pk/questions/bab/tadfeen""><i class=""icon-docs-bold""></i> تدفین</a></div></div><div class=""col-sm-4 col-md-4""><div class=""tag""><a href=""https://www.banuri.edu.pk/questions/fasal/mayyat-dafan-karne-ke-ahkaam""><i class=""icon-docs-bold""></i> میت دفن کرنے کے احکام</a></div></div></div>"
https://www.banuri.edu.pk/readquestion/musalle-aur-jama-masjid-k-chande-ka-hukum-yaksan-h-144207200056/13-02-2021,مصلے اور جامع مسجد کے چندہ کا حکم یکساں ہے؟,"<p><p style=""text-align:justify;"">کیا مصلےکے چندے کا بھی  وہی حکم  ہے جو  مسجد کے چندے کا ہے؟</p></p>","<p><p style=""text-align:justify;"">واضح رہے کہ چندہ میں دی  گئی رقم وقف کا حکم رکھتی ہے اور وقف کے احکام میں سے یہ ہے کہ وقف شدہ چیز یا رقم کو واقف کی نیت کے مطابق استعمال کیا جاۓ؛ لہذا چندہ مصلے کےلیے دیا جاۓ یا کسی جامع مسجد کے لیے چوں کہ یہ حکمًا وقف ہے؛  لہذا دونوں کے احکام یکساں ہوں گے ۔  فقط  واللہ  اعلم</p></p><hr class=""big-hr""/>",13-02-2021,144207200056,banuri.edu.pk,نماز,مسجد کے آداب و احکام,مصلیٰ کے احکام,"<div class=""col-md-12 sawal-jawab""><h3 class=""question_heading"">سوال</h3><p><p style=""text-align:justify;"">کیا مصلےکے چندے کا بھی  وہی حکم  ہے جو  مسجد کے چندے کا ہے؟</p></p><h4 class=""question_heading"">جواب</h4><p><p style=""text-align:justify;"">واضح رہے کہ چندہ میں دی  گئی رقم وقف کا حکم رکھتی ہے اور وقف کے احکام میں سے یہ ہے کہ وقف شدہ چیز یا رقم کو واقف کی نیت کے مطابق استعمال کیا جاۓ؛ لہذا چندہ مصلے کےلیے دیا جاۓ یا کسی جامع مسجد کے لیے چوں کہ یہ حکمًا وقف ہے؛  لہذا دونوں کے احکام یکساں ہوں گے ۔  فقط  واللہ  اعلم</p></p><hr class=""big-hr""/><div class=""col-sm-6 col-md-6""><p class=""question_heading"" style=""color:#73161f"">فتویٰ نمبر : <a id=""fatwa_number"">144207200056</a></p></div><div class=""col-sm-6 col-md-6""><p style=""color:#73161f"">دارالافتاء :
                                جامعہ علوم اسلامیہ علامہ محمد یوسف بنوری ٹاؤن</p></div><hr class=""big-hr""/><div class=""col-sm-4 col-md-4""><div class=""tag""><a href=""https://www.banuri.edu.pk/questions/kitab/salat""><i class=""icon-docs-bold""></i> نماز</a></div></div><div class=""col-sm-4 col-md-4""><div class=""tag""><a href=""https://www.banuri.edu.pk/questions/bab/masjid-k-aadab-o-ahkaam""><i class=""icon-docs-bold""></i> مسجد کے آداب و احکام</a></div></div><div class=""col-sm-4 col-md-4""><div class=""tag""><a href=""https://www.banuri.edu.pk/questions/fasal/musalla-ke-ahkaam""><i class=""icon-docs-bold""></i> مصلیٰ کے احکام</a></div></div></div>"
https://www.banuri.edu.pk/readquestion/girwi-rakhi-gai-cheez-se-faida-hasil-karna-144207200055/13-02-2021,گروی رکھی گئی چیز سے فائدہ حاصل کرنا,"<p><p style=""text-align:justify;"">1-  راہن (مالک)  کی اجازت کے بغیر مرهون مکان کا استعمال کرنا اور بعد میں صرف توبہ کرنا کافی ہوگا یا کرایہ بھی دینا ہوگا؟</p><p style=""text-align:justify;"">2-   راہن  (مالک)  کی  اجازت  سے  مرهون  مکان کو  دوسرے شخص کو کرایہ پر دیناکیسا ہے ؟کیا اس طرح کرنے  سے گروی باطل  ہوجائے گی ؟</p><p style=""text-align:justify;"">3-  راہن  (مالک) کی اجازت سے مرهون مکان کو کرایہ پر لینا کیسا ہے ؟کیا اس طرح کرنے سے گروی باطل ہوجائے  گی ؟</p></p>","<p><p style=""text-align:justify;"">1۔ ”رہن“  عربی لفظ  ہے،  اردو  زبان  میں  اسے ’’گروی‘‘کہتے ہیں۔ رہن کی شرعی تعریف یہ ہے کہ کسی مالی  شے کو  دَین (قرض) کے بدلے محبوس کرنا کہ اس سے یا اس کی قیمت سے بہ وقتِ تعذر اپنے دَین کی وصولی ممکن ہو۔ یعنی اگر کوئی شخص کسی سے قرض لے تو قرض دینے والا بطورِ ضمانت و وثیقہ قرض دار سے کوئی قیمتی چیز لے کر اپنے قبضے میں رکھتا ہے کہ اگر قرض دار قرض نہ ادا کرسکے تو اس قیمتی چیز سے قرض کی رقم کی ادائیگی کا انتظام کیا جاسکے۔</p><p class=""indent"" style=""text-align:justify;""><span class=""ar_writing"">’’ اَلرَهنُ هو حَبسُ شيءٍ مالیٍ بِحَقٍ یُمکِنُ اِستِیفائُه مِنه کَالْدَّینِ “. (درمختار: ۵/ ۳۰۷)</span></p><p style=""text-align:justify;"">’’رہن‘‘  کا  شرعی  حکم یہ  ہے کہ  ضرورت  کی  وجہ  سے کسی قرض کے  مقابلے میں ’’رہن‘‘ لینا اور دینا درست ہے، لیکن رہن میں رکھی جانے والی چیز  کی حیثیت محض ضمانت کی ہوتی ہے، اور رہن (گروی) رکھی ہوئی چیز  اس کے اصل مالک کی ہی ملک رہتی ہے؛ البتہ قبضہ مرتہن  (جس کے پاس گروی رکھی ہوئی ہے) کا ہوتا ہے۔  نیز اس میں پیدا ہونے والی زیادتی  بھی  مالک  کی  ملک قرار  پاتی ہے۔ اور  مرتہن  (جس کے پاس چیز گروی رکھی ہو) کے لیے شرعاً اس کے استعمال اور اس سے نفع  کمانے  کی اجازت نہیں ہوتی۔ اگر رہن میں رکھی ہوئی چیز کو مرتہن نے استعمال کرلیا تو اُس چیز سے نفع حاصل کرنا  سود کے زمرے میں آئے گا؛ کیوں کہ رہن قرض کے بدلے ہوتا ہے اور قرض دے کر مقروض سے نفع حاصل کرنا یہ سود ہے۔</p><p style=""text-align:justify;"">فتاویٰ شامی میں ہے : </p><p class=""indent"" style=""text-align:justify;""><span class=""ar_writing"">’’ وَنَماءُ الْرَّهنِ کَالوَلَدِ وَالْثَّمَرِ وَالْلَّبَنِ وَالصُوفِ والوَبرِ وَالاَرْشِ وَنَحوِ ذٰلکَ لِلْرَّاهنِ لِتَوَلُّدِه مِنْ مِلْکِه ‘‘. (درمختار: ۵/ ۳۳۵)</span></p><p class=""indent"" style=""text-align:justify;""><span class=""ar_writing"">’’ لاَ یَحِلُ لَه اَنْ یَنْتَفِعَ بِشَیٍٴ مِنه بِوَجْه مِنَ الْوُجُوه اِنْ اَذِنَ لَه الْرَّاهنُ لأنَّه أذِنَ لَه في الْرِبَوا ‘‘. (شامی:  ۵/ ۳۱۰)</span></p><p class=""indent"" style=""text-align:justify;""><span class=""ar_writing"">’’ أنواع الربا: وأما الربا فهو علی ثلاثة أوجه:أحدها في القروض، والثاني في الدیون، والثالث في الرهون.</span></p><p class=""indent"" style=""text-align:justify;""><span class=""ar_writing"">الربا في القروض: فأما في القروض فهو علی وجهین:أحدهما أن یقرض عشرة دراهم بأحد عشر درهماً أو باثني عشر ونحوها. والآخر أن یجر إلی نفسه منفعةً بذلک القرض، أو تجر إلیه وهو أن یبیعه المستقرض شيئا بأرخص مما یباع أو یوٴجره أو یهبه…، ولو لم یکن سبب ذلك (هذا ) القرض لما کان (ذلك) الفعل، فإن ذلك رباً، وعلی ذلک قول إبراهیم النخعي: کل دین جر منفعةً لا خیر فیه.‘‘</span></p><p class=""indent"" style=""text-align:left;""><span class=""ar_writing"">(النتف في الفتاوی ، ص: 484 ، 485)</span></p><p style=""text-align:justify;""><span class=""ar_writing"">حاشية رد المحتار على الدر المختار (5/ 166):</span></p><p class=""indent"" style=""text-align:justify;""><span class=""ar_writing"">’’ لا يحل له أن ينتفع بشيء منه بوجه من الوجوه وإن أذن له الراهن؛ لأنه أذن له في الربا؛ لأنه يستوفي دينه كاملاً فتبقى له المنفعة فضلاً؛ فتكون رباً، وهذا أمر عظيم،</span><span class=""ar_writing"">قلت: وهذا مخالف لعامة المعتبرات من أنه يحل بالإذن إلا أن يحمل على الديانة وما في المعتبرات على الحكم.</span><span class=""ar_writing"">ثم رأيت في جواهر الفتاوى: إذا كان مشروطاً صار قرضاً فيه منفعة وهو رباً، وإلا فلا بأس به ا هـ ما في المنح ملخصاً ‘‘. </span><br/><span class=""ar_writing"">  ’’ وَالْغالِبُ مِنْ اَحْوَالِ النَّاسِ اَنَّهَمْ اِنَّمَا یُرِیْدُونَ عِنْدَ الْدَفْعِ اَلاِنْتِفَاعَ وَلَولَاه لَمَا اَعْطَاه الْدَّرَاهمَ وَهذا بِمَنْزِلَةِ الْشَرْطِ؛ لِأَنَّ الْمَعْرُوفَ کَالْمَشْرُوطِ وَهوَ یُعِیْنُ الْمَنْعَ‘‘. (الدر المختار مع ردالمحتار: ۵/ ۳۱۱)</span></p><p style=""text-align:justify;"">2۔ جیسا کہ نمبر 1 میں وضاحت کی گئی کہ مرتہن کا  شے مرہون  سے نفع  اُٹھانا سود  کے  زمرے  میں  آنے  کی  وجہ سے حرام ہے؛ لہٰذا گروی رکھے گئے  مکان کو کرایہ پہ دے اس کا کرایہ حاصل کرنا جائز نہیں ہے ۔</p><p style=""text-align:justify;"">3۔ اس سوال سے مراد اگر یہ ہے کہ مثلاً: آپ کے پاس کوئی شخص مکان گروی رکھتا ہے اور کچھ قرض وغیرہ لیتا ہےتو یہ مکان مرہون (گروی)ہے اور آپ مرتہن ہیں تو رہن کے  مکان میں راہن کی اجازت سے کرایہ پر رہ سکتے ہیں،  لیکن پہلا  معاملہ  (یعنی عقدِ رہن) ختم ہوجائے گا، اور اس پر اِجارہ (کرایہ داری) کے احکام جاری ہوجائیں گے، اور اگر گروی کے عوض ہی اس میں رہائش رکھی گئی تو یہ اپنے قرض سے نفع اٹھانا ہے جو شرعاً سود کے حکم میں ہے۔  فقط واللہ اعلم </p></p><hr class=""big-hr""/>",13-02-2021,144207200055,banuri.edu.pk,معاملات,سود / بینکاری / انشورنس / شیئرز,قرض کے احکام,"<div class=""col-md-12 sawal-jawab""><h3 class=""question_heading"">سوال</h3><p><p style=""text-align:justify;"">1-  راہن (مالک)  کی اجازت کے بغیر مرهون مکان کا استعمال کرنا اور بعد میں صرف توبہ کرنا کافی ہوگا یا کرایہ بھی دینا ہوگا؟</p><p style=""text-align:justify;"">2-   راہن  (مالک)  کی  اجازت  سے  مرهون  مکان کو  دوسرے شخص کو کرایہ پر دیناکیسا ہے ؟کیا اس طرح کرنے  سے گروی باطل  ہوجائے گی ؟</p><p style=""text-align:justify;"">3-  راہن  (مالک) کی اجازت سے مرهون مکان کو کرایہ پر لینا کیسا ہے ؟کیا اس طرح کرنے سے گروی باطل ہوجائے  گی ؟</p></p><h4 class=""question_heading"">جواب</h4><p><p style=""text-align:justify;"">1۔ ”رہن“  عربی لفظ  ہے،  اردو  زبان  میں  اسے ’’گروی‘‘کہتے ہیں۔ رہن کی شرعی تعریف یہ ہے کہ کسی مالی  شے کو  دَین (قرض) کے بدلے محبوس کرنا کہ اس سے یا اس کی قیمت سے بہ وقتِ تعذر اپنے دَین کی وصولی ممکن ہو۔ یعنی اگر کوئی شخص کسی سے قرض لے تو قرض دینے والا بطورِ ضمانت و وثیقہ قرض دار سے کوئی قیمتی چیز لے کر اپنے قبضے میں رکھتا ہے کہ اگر قرض دار قرض نہ ادا کرسکے تو اس قیمتی چیز سے قرض کی رقم کی ادائیگی کا انتظام کیا جاسکے۔</p><p class=""indent"" style=""text-align:justify;""><span class=""ar_writing"">’’ اَلرَهنُ هو حَبسُ شيءٍ مالیٍ بِحَقٍ یُمکِنُ اِستِیفائُه مِنه کَالْدَّینِ “. (درمختار: ۵/ ۳۰۷)</span></p><p style=""text-align:justify;"">’’رہن‘‘  کا  شرعی  حکم یہ  ہے کہ  ضرورت  کی  وجہ  سے کسی قرض کے  مقابلے میں ’’رہن‘‘ لینا اور دینا درست ہے، لیکن رہن میں رکھی جانے والی چیز  کی حیثیت محض ضمانت کی ہوتی ہے، اور رہن (گروی) رکھی ہوئی چیز  اس کے اصل مالک کی ہی ملک رہتی ہے؛ البتہ قبضہ مرتہن  (جس کے پاس گروی رکھی ہوئی ہے) کا ہوتا ہے۔  نیز اس میں پیدا ہونے والی زیادتی  بھی  مالک  کی  ملک قرار  پاتی ہے۔ اور  مرتہن  (جس کے پاس چیز گروی رکھی ہو) کے لیے شرعاً اس کے استعمال اور اس سے نفع  کمانے  کی اجازت نہیں ہوتی۔ اگر رہن میں رکھی ہوئی چیز کو مرتہن نے استعمال کرلیا تو اُس چیز سے نفع حاصل کرنا  سود کے زمرے میں آئے گا؛ کیوں کہ رہن قرض کے بدلے ہوتا ہے اور قرض دے کر مقروض سے نفع حاصل کرنا یہ سود ہے۔</p><p style=""text-align:justify;"">فتاویٰ شامی میں ہے : </p><p class=""indent"" style=""text-align:justify;""><span class=""ar_writing"">’’ وَنَماءُ الْرَّهنِ کَالوَلَدِ وَالْثَّمَرِ وَالْلَّبَنِ وَالصُوفِ والوَبرِ وَالاَرْشِ وَنَحوِ ذٰلکَ لِلْرَّاهنِ لِتَوَلُّدِه مِنْ مِلْکِه ‘‘. (درمختار: ۵/ ۳۳۵)</span></p><p class=""indent"" style=""text-align:justify;""><span class=""ar_writing"">’’ لاَ یَحِلُ لَه اَنْ یَنْتَفِعَ بِشَیٍٴ مِنه بِوَجْه مِنَ الْوُجُوه اِنْ اَذِنَ لَه الْرَّاهنُ لأنَّه أذِنَ لَه في الْرِبَوا ‘‘. (شامی:  ۵/ ۳۱۰)</span></p><p class=""indent"" style=""text-align:justify;""><span class=""ar_writing"">’’ أنواع الربا: وأما الربا فهو علی ثلاثة أوجه:أحدها في القروض، والثاني في الدیون، والثالث في الرهون.</span></p><p class=""indent"" style=""text-align:justify;""><span class=""ar_writing"">الربا في القروض: فأما في القروض فهو علی وجهین:أحدهما أن یقرض عشرة دراهم بأحد عشر درهماً أو باثني عشر ونحوها. والآخر أن یجر إلی نفسه منفعةً بذلک القرض، أو تجر إلیه وهو أن یبیعه المستقرض شيئا بأرخص مما یباع أو یوٴجره أو یهبه…، ولو لم یکن سبب ذلك (هذا ) القرض لما کان (ذلك) الفعل، فإن ذلك رباً، وعلی ذلک قول إبراهیم النخعي: کل دین جر منفعةً لا خیر فیه.‘‘</span></p><p class=""indent"" style=""text-align:left;""><span class=""ar_writing"">(النتف في الفتاوی ، ص: 484 ، 485)</span></p><p style=""text-align:justify;""><span class=""ar_writing"">حاشية رد المحتار على الدر المختار (5/ 166):</span></p><p class=""indent"" style=""text-align:justify;""><span class=""ar_writing"">’’ لا يحل له أن ينتفع بشيء منه بوجه من الوجوه وإن أذن له الراهن؛ لأنه أذن له في الربا؛ لأنه يستوفي دينه كاملاً فتبقى له المنفعة فضلاً؛ فتكون رباً، وهذا أمر عظيم،</span><span class=""ar_writing"">قلت: وهذا مخالف لعامة المعتبرات من أنه يحل بالإذن إلا أن يحمل على الديانة وما في المعتبرات على الحكم.</span><span class=""ar_writing"">ثم رأيت في جواهر الفتاوى: إذا كان مشروطاً صار قرضاً فيه منفعة وهو رباً، وإلا فلا بأس به ا هـ ما في المنح ملخصاً ‘‘. </span><br/><span class=""ar_writing"">  ’’ وَالْغالِبُ مِنْ اَحْوَالِ النَّاسِ اَنَّهَمْ اِنَّمَا یُرِیْدُونَ عِنْدَ الْدَفْعِ اَلاِنْتِفَاعَ وَلَولَاه لَمَا اَعْطَاه الْدَّرَاهمَ وَهذا بِمَنْزِلَةِ الْشَرْطِ؛ لِأَنَّ الْمَعْرُوفَ کَالْمَشْرُوطِ وَهوَ یُعِیْنُ الْمَنْعَ‘‘. (الدر المختار مع ردالمحتار: ۵/ ۳۱۱)</span></p><p style=""text-align:justify;"">2۔ جیسا کہ نمبر 1 میں وضاحت کی گئی کہ مرتہن کا  شے مرہون  سے نفع  اُٹھانا سود  کے  زمرے  میں  آنے  کی  وجہ سے حرام ہے؛ لہٰذا گروی رکھے گئے  مکان کو کرایہ پہ دے اس کا کرایہ حاصل کرنا جائز نہیں ہے ۔</p><p style=""text-align:justify;"">3۔ اس سوال سے مراد اگر یہ ہے کہ مثلاً: آپ کے پاس کوئی شخص مکان گروی رکھتا ہے اور کچھ قرض وغیرہ لیتا ہےتو یہ مکان مرہون (گروی)ہے اور آپ مرتہن ہیں تو رہن کے  مکان میں راہن کی اجازت سے کرایہ پر رہ سکتے ہیں،  لیکن پہلا  معاملہ  (یعنی عقدِ رہن) ختم ہوجائے گا، اور اس پر اِجارہ (کرایہ داری) کے احکام جاری ہوجائیں گے، اور اگر گروی کے عوض ہی اس میں رہائش رکھی گئی تو یہ اپنے قرض سے نفع اٹھانا ہے جو شرعاً سود کے حکم میں ہے۔  فقط واللہ اعلم </p></p><hr class=""big-hr""/><div class=""col-sm-6 col-md-6""><p class=""question_heading"" style=""color:#73161f"">فتویٰ نمبر : <a id=""fatwa_number"">144207200055</a></p></div><div class=""col-sm-6 col-md-6""><p style=""color:#73161f"">دارالافتاء :
                                جامعہ علوم اسلامیہ علامہ محمد یوسف بنوری ٹاؤن</p></div><hr class=""big-hr""/><div class=""col-sm-4 col-md-4""><div class=""tag""><a href=""https://www.banuri.edu.pk/questions/kitab/muamlat""><i class=""icon-docs-bold""></i> معاملات</a></div></div><div class=""col-sm-4 col-md-4""><div class=""tag""><a href=""https://www.banuri.edu.pk/questions/bab/sood-bankari-insurance-shares""><i class=""icon-docs-bold""></i> سود / بینکاری / انشورنس / شیئرز</a></div></div><div class=""col-sm-4 col-md-4""><div class=""tag""><a href=""https://www.banuri.edu.pk/questions/fasal/qarz-k-ahkam""><i class=""icon-docs-bold""></i> قرض کے احکام</a></div></div></div>"
https://www.banuri.edu.pk/readquestion/darhi-mn-juwen-hone-ki-wajah-se-darhi-katna-jaiz-nh-h-144209201013/26-04-2021,داڑھی میں جویں ہونے کی وجہ سے داڑھی کاٹنا جائز نہیں ہے,"<p><p style=""text-align:justify;"">داڑھی میں جویں نکل آتی ہیں باوجود دوائی استعمال کرنےکے ختم ہونے کانام ہی نہیں حتی کہ متعدی ہونے لگی توکیااس صورت میں داڑھی کم کرسکتے ہے؟</p></p>","<p><p style=""text-align:justify;"">واضح رہے کہ داڑھی کم از کم ایک مشت تک رکھنا واجب ہے ، کاٹ کر ایک مشت سے کم کرنا ناجائز ہے اور  مستقل گناہ کا باعث ہے؛ کیوں کہ جب تک داڑھی دوبارہ ایک مشت تک نہیں بڑھ جاتی تب تک داڑھی کاٹنے والے گناہ گار  رہے گا۔</p><p style=""text-align:justify;"">صورتِ مسئولہ میں داڑھی میں جویں ہوجانا یہ کوئی ایسا عذر نہیں جس کی وجہ سے  اتنے بڑے گناہ  کی اجازت  دی جائے،  بلکہ اس کا حل ممکن ہے ، یعنی مستقل صفائی ستھرائی کا اہتمام کیا جائے،   نہا دھو کر تیل لگایا جائے ، کنگھی  کی جائے اور داڑھی کی صفائی ستھرائی کی  ہر ایسی ممکن کوشش کی جائے جس سے آپ کا یہ مسئلہ حل ہوجائے ۔  فقط واللہ اعلم </p></p><hr class=""big-hr""/>",26-04-2021,144209201013,banuri.edu.pk,حظر و اباحت,زیب و زینت,داڑھی، مونچھ، بالوں، ناخن کے احکام,"<div class=""col-md-12 sawal-jawab""><h3 class=""question_heading"">سوال</h3><p><p style=""text-align:justify;"">داڑھی میں جویں نکل آتی ہیں باوجود دوائی استعمال کرنےکے ختم ہونے کانام ہی نہیں حتی کہ متعدی ہونے لگی توکیااس صورت میں داڑھی کم کرسکتے ہے؟</p></p><h4 class=""question_heading"">جواب</h4><p><p style=""text-align:justify;"">واضح رہے کہ داڑھی کم از کم ایک مشت تک رکھنا واجب ہے ، کاٹ کر ایک مشت سے کم کرنا ناجائز ہے اور  مستقل گناہ کا باعث ہے؛ کیوں کہ جب تک داڑھی دوبارہ ایک مشت تک نہیں بڑھ جاتی تب تک داڑھی کاٹنے والے گناہ گار  رہے گا۔</p><p style=""text-align:justify;"">صورتِ مسئولہ میں داڑھی میں جویں ہوجانا یہ کوئی ایسا عذر نہیں جس کی وجہ سے  اتنے بڑے گناہ  کی اجازت  دی جائے،  بلکہ اس کا حل ممکن ہے ، یعنی مستقل صفائی ستھرائی کا اہتمام کیا جائے،   نہا دھو کر تیل لگایا جائے ، کنگھی  کی جائے اور داڑھی کی صفائی ستھرائی کی  ہر ایسی ممکن کوشش کی جائے جس سے آپ کا یہ مسئلہ حل ہوجائے ۔  فقط واللہ اعلم </p></p><hr class=""big-hr""/><div class=""col-sm-6 col-md-6""><p class=""question_heading"" style=""color:#73161f"">فتویٰ نمبر : <a id=""fatwa_number"">144209201013</a></p></div><div class=""col-sm-6 col-md-6""><p style=""color:#73161f"">دارالافتاء :
                                جامعہ علوم اسلامیہ علامہ محمد یوسف بنوری ٹاؤن</p></div><hr class=""big-hr""/><div class=""col-sm-4 col-md-4""><div class=""tag""><a href=""https://www.banuri.edu.pk/questions/kitab/mamnooaat-mubahat""><i class=""icon-docs-bold""></i> حظر و اباحت</a></div></div><div class=""col-sm-4 col-md-4""><div class=""tag""><a href=""https://www.banuri.edu.pk/questions/bab/zayb-o-zeenat""><i class=""icon-docs-bold""></i> زیب و زینت</a></div></div><div class=""col-sm-4 col-md-4""><div class=""tag""><a href=""https://www.banuri.edu.pk/questions/fasal/daarhi-moonch-baalon-nakhun-ke-ahkaam""><i class=""icon-docs-bold""></i> داڑھی، مونچھ، بالوں، ناخن کے احکام</a></div></div></div>"
https://www.banuri.edu.pk/readquestion/talaq-bahukme-waldain-144209201071/26-04-2021,والدین کے حکم پر طلاق دینا,"<p><p style=""text-align:justify;"">والدین بیٹے کو طلاق دینے کا حکم دیں تو ایسی صورت میں طلاق دے دینی چاہیے؟</p></p>","<p><p style=""text-align:justify;"">والدین اگر کسی  معتبر شرعی  وجہ کے بغیر بیوی کو طلاق دینے کو کہیں یا  والدین کسی  معقول وجہ سے طلاق کا کہیں لیکن طلاق دینے کی صورت میں  سائل  کو سخت  تکلیف میں پڑنے کا اندیشہ ہو ،  تو ایسی صورت میں سائل پر والدین کی اطاعت واجب نہیں ہے اور اپنی بیوی کو اپنے  نکاح  میں  رکھ سکتا ہے۔ </p><p style=""text-align:justify;"">مرقاة المفاتيح شرح مشكاة المصابيح میں ہے:</p><p class=""indent"" style=""text-align:justify;""><span class=""ar_writing"">""(«وعن ابن عمر -رضي الله عنهما - قال: كانت تحتي امرأة أحبها، وكان عمر يكرهها، فقال لي: طلقها، فأبيت)، أي: امتنعت لأجل محبتي فيها (فأتى عمر رسول الله صلى الله عليه وسلم فذكر ذلك له، فقال لي رسول الله صلى الله عليه وسلم: طلقها» ) أمر ندب أو وجوب إن كان هناك باعث آخر (رواه الترمذي وأبو داود) ، وكذا النسائي وابن ماجه وابن حبان في صحيحه، وقال الترمذي حديث صحيح نقله ميرك عن المنذري.""</span></p><p class=""indent"" style=""text-align:left;"">(کتاب  الآداب  باب البر و الصلۃ ج نمبر ۷ ص نمبر ۳۰۹۷،دار الفکر)</p><p style=""text-align:justify;"">مرقاة المفاتيح شرح مشكاة المصابيح میں ہے:</p><p class=""indent"" style=""text-align:justify;""><span class=""ar_writing"">""عن معاذ قال: «أوصاني رسول الله صلى الله عليه وسلم بعشر كلمات، قال: "" لاتشرك بالله شيئًا و إن قتلت وحرقت، و لاتعقن والديك و إن أمراك أن تخرج من أهلك ومالك، و لاتتركن صلاةً مكتوبةً متعمّدًا؛ فإنّ من ترك صلاةً مكتوبةً متعمّدًا فقد برئت منه ذمة الله، و لاتشربنّ خمرًا فإنّه رأس كل فاحشة، و إيّاك و المعصية؛ فإنّ بالمعصية حلّ سخط الله، و إيّاك والفرار من الزحف و إن هلك الناس، و إذا أصاب الناس موت و أنت فيهم فاثبت. (أنفق على عيالك من طولك، و لاترفع عنهم عصاك أدبًا و أخفهم في الله»"". رواه أحمد.</span></p><p class=""indent"" style=""text-align:justify;""><span class=""ar_writing"">قال ابن حجر: شرط للمبالغة باعتبار الأكمل أيضا أي: لا تخالف واحدا منهما، وإن غلا في شيء أمرك به، وإن كان فراق زوجة أو هبة مال، أما باعتبار أصل الجواز فلا يلزمه طلاق زوجة أمراه بفراقها، وإن تأذيا ببقائها إيذاء شديدا؛ لأنه قد يحصل له ضرر بها، فلا يكلفه لأجلهما؛ إذ من شأن شفقتهما أنهما لو تحققا ذلك لم يأمراه به فإلزامهما له مع ذلك حمق منهما، ولا يلتفت إليه، وكذلك إخراج ماله (ولا تتركن صلاة مكتوبة) أي: مفروضة.""</span></p><p class=""indent"" style=""text-align:left;"">(کتاب الایمان ،باب الکبائر  و علامات النفاق ج نمبر  ۱ ص نمبر  ۱۳۲،دار الفکر)</p><p class=""indent"" style=""text-align:justify;"">بہشتی زیور میں ہے:</p><p class=""indent"" style=""text-align:justify;"">’’سو، جو امر شرعًا واجب ہو اور نہ ممنوع ہو، بلکہ مباح بلکہ مستحب ہو اور ماں باپ اس کے کرنے یا نہ کرنے کو کہیں تو اس میں تفصیل ہے، دیکھنا  چاہیے کہ اس امر کی اس شخص کو ایسی ضرورت ہے کہ بدون اس کے تلکیف ہوگی، مثلًا غریب آدمی ہے پاس پیشہ نہیں بستی میں کوئی صورت کمائی کی نہیں، مگر ماں باپ نہیں جانے دیتے،  یا یہ کہ اسے  ضرورت نہیں ، اگر اس درجہ ضرورت ہے تو اس میں ماں باپ کی اطاعت ضروری نہیں ۔۔۔ مثلاً وہ کہیں کہ اپنی بیوی کو بلا وجہ معتد بہ طلاق دے دے تو اطاعت واجب نہیں ہے۔‘‘</p><p class=""indent"" style=""text-align:left;"">(گیارواں حصہ   ضمیمہ ثانیہ ص نمبر ۷۵۱ اسلامک بک سروس)</p><p class=""indent"" style=""text-align:left;"">فقط واللہ اعلم</p></p><hr class=""big-hr""/>",26-04-2021,144209201071,banuri.edu.pk,حقوق و آدابِ معاشرت,حقوق,والدین کے حقوق,"<div class=""col-md-12 sawal-jawab""><h3 class=""question_heading"">سوال</h3><p><p style=""text-align:justify;"">والدین بیٹے کو طلاق دینے کا حکم دیں تو ایسی صورت میں طلاق دے دینی چاہیے؟</p></p><h4 class=""question_heading"">جواب</h4><p><p style=""text-align:justify;"">والدین اگر کسی  معتبر شرعی  وجہ کے بغیر بیوی کو طلاق دینے کو کہیں یا  والدین کسی  معقول وجہ سے طلاق کا کہیں لیکن طلاق دینے کی صورت میں  سائل  کو سخت  تکلیف میں پڑنے کا اندیشہ ہو ،  تو ایسی صورت میں سائل پر والدین کی اطاعت واجب نہیں ہے اور اپنی بیوی کو اپنے  نکاح  میں  رکھ سکتا ہے۔ </p><p style=""text-align:justify;"">مرقاة المفاتيح شرح مشكاة المصابيح میں ہے:</p><p class=""indent"" style=""text-align:justify;""><span class=""ar_writing"">""(«وعن ابن عمر -رضي الله عنهما - قال: كانت تحتي امرأة أحبها، وكان عمر يكرهها، فقال لي: طلقها، فأبيت)، أي: امتنعت لأجل محبتي فيها (فأتى عمر رسول الله صلى الله عليه وسلم فذكر ذلك له، فقال لي رسول الله صلى الله عليه وسلم: طلقها» ) أمر ندب أو وجوب إن كان هناك باعث آخر (رواه الترمذي وأبو داود) ، وكذا النسائي وابن ماجه وابن حبان في صحيحه، وقال الترمذي حديث صحيح نقله ميرك عن المنذري.""</span></p><p class=""indent"" style=""text-align:left;"">(کتاب  الآداب  باب البر و الصلۃ ج نمبر ۷ ص نمبر ۳۰۹۷،دار الفکر)</p><p style=""text-align:justify;"">مرقاة المفاتيح شرح مشكاة المصابيح میں ہے:</p><p class=""indent"" style=""text-align:justify;""><span class=""ar_writing"">""عن معاذ قال: «أوصاني رسول الله صلى الله عليه وسلم بعشر كلمات، قال: "" لاتشرك بالله شيئًا و إن قتلت وحرقت، و لاتعقن والديك و إن أمراك أن تخرج من أهلك ومالك، و لاتتركن صلاةً مكتوبةً متعمّدًا؛ فإنّ من ترك صلاةً مكتوبةً متعمّدًا فقد برئت منه ذمة الله، و لاتشربنّ خمرًا فإنّه رأس كل فاحشة، و إيّاك و المعصية؛ فإنّ بالمعصية حلّ سخط الله، و إيّاك والفرار من الزحف و إن هلك الناس، و إذا أصاب الناس موت و أنت فيهم فاثبت. (أنفق على عيالك من طولك، و لاترفع عنهم عصاك أدبًا و أخفهم في الله»"". رواه أحمد.</span></p><p class=""indent"" style=""text-align:justify;""><span class=""ar_writing"">قال ابن حجر: شرط للمبالغة باعتبار الأكمل أيضا أي: لا تخالف واحدا منهما، وإن غلا في شيء أمرك به، وإن كان فراق زوجة أو هبة مال، أما باعتبار أصل الجواز فلا يلزمه طلاق زوجة أمراه بفراقها، وإن تأذيا ببقائها إيذاء شديدا؛ لأنه قد يحصل له ضرر بها، فلا يكلفه لأجلهما؛ إذ من شأن شفقتهما أنهما لو تحققا ذلك لم يأمراه به فإلزامهما له مع ذلك حمق منهما، ولا يلتفت إليه، وكذلك إخراج ماله (ولا تتركن صلاة مكتوبة) أي: مفروضة.""</span></p><p class=""indent"" style=""text-align:left;"">(کتاب الایمان ،باب الکبائر  و علامات النفاق ج نمبر  ۱ ص نمبر  ۱۳۲،دار الفکر)</p><p class=""indent"" style=""text-align:justify;"">بہشتی زیور میں ہے:</p><p class=""indent"" style=""text-align:justify;"">’’سو، جو امر شرعًا واجب ہو اور نہ ممنوع ہو، بلکہ مباح بلکہ مستحب ہو اور ماں باپ اس کے کرنے یا نہ کرنے کو کہیں تو اس میں تفصیل ہے، دیکھنا  چاہیے کہ اس امر کی اس شخص کو ایسی ضرورت ہے کہ بدون اس کے تلکیف ہوگی، مثلًا غریب آدمی ہے پاس پیشہ نہیں بستی میں کوئی صورت کمائی کی نہیں، مگر ماں باپ نہیں جانے دیتے،  یا یہ کہ اسے  ضرورت نہیں ، اگر اس درجہ ضرورت ہے تو اس میں ماں باپ کی اطاعت ضروری نہیں ۔۔۔ مثلاً وہ کہیں کہ اپنی بیوی کو بلا وجہ معتد بہ طلاق دے دے تو اطاعت واجب نہیں ہے۔‘‘</p><p class=""indent"" style=""text-align:left;"">(گیارواں حصہ   ضمیمہ ثانیہ ص نمبر ۷۵۱ اسلامک بک سروس)</p><p class=""indent"" style=""text-align:left;"">فقط واللہ اعلم</p></p><hr class=""big-hr""/><div class=""col-sm-6 col-md-6""><p class=""question_heading"" style=""color:#73161f"">فتویٰ نمبر : <a id=""fatwa_number"">144209201071</a></p></div><div class=""col-sm-6 col-md-6""><p style=""color:#73161f"">دارالافتاء :
                                جامعہ علوم اسلامیہ علامہ محمد یوسف بنوری ٹاؤن</p></div><hr class=""big-hr""/><div class=""col-sm-4 col-md-4""><div class=""tag""><a href=""https://www.banuri.edu.pk/questions/kitab/huqooq-muashret""><i class=""icon-docs-bold""></i> حقوق و آدابِ معاشرت</a></div></div><div class=""col-sm-4 col-md-4""><div class=""tag""><a href=""https://www.banuri.edu.pk/questions/bab/bahmi-huqooq""><i class=""icon-docs-bold""></i> حقوق</a></div></div><div class=""col-sm-4 col-md-4""><div class=""tag""><a href=""https://www.banuri.edu.pk/questions/fasal/walidayn-k-huqoq""><i class=""icon-docs-bold""></i> والدین کے حقوق</a></div></div></div>"
https://www.banuri.edu.pk/readquestion/khon-roza-144209201110/27-04-2021,ہونٹوں پر لگے خون پر زبان پھیرنے سے روزے کا حکم,"<p><p style=""text-align:justify;"">اگر ہونٹوں سے مسلسل خون نکلتا ہو زخم کی وجہ سے اور ہونٹوں پر زبان پھیرنے کی عادت ہوتو کیا اس سے روزہ ٹوٹ جا ئےگا یا نہیں اور زخم بھی دائمی ہو ہونٹوں پر؟ </p></p>","<p><p style=""text-align:justify;"">روزے کی حالت میں ہونٹوں پر لگے ہوئے خون پر زبان پھیری اور زبان پر خون لگ گیا اور وہ خون حلق سے نیچے نہیں اترا تو روزہ نہیں ٹوٹے گا خواہ خون کم ہو یا زیادہ۔</p><p style=""text-align:justify;"">اوراگر خون زبان پر لگ کر پیٹ میں پہنچ جائے اور اس کا مزہ بھی محسوس ہو تو بہرحال روزہ ٹوٹ جائے گا۔</p><p style=""text-align:justify;"">اور اگر پیٹ میں پہنچ جائے،  لیکن مزہ محسوس نہ ہو تو خون مغلوب ہونے کی صورت میں روزہ نہ ٹوٹے گا،  ورنہ یعنی اگر خون غالب یا برابر ہو تو روزہ ٹوٹ جائے گا۔</p><p style=""text-align:justify;""><span class=""ar_writing"">الدر المختار وحاشية ابن عابدين (رد المحتار) (2/ 396):</span></p><p class=""indent"" style=""text-align:justify;""><span class=""ar_writing"">""(أو خرج الدم من بين أسنانه ودخل حلقه) يعني ولم يصل إلى جوفه أما إذا وصل فإن غلب الدم أو تساويا فسد وإلا لا إلا إذا وجد طعمه بزازية واستحسنه المصنف وهو ما عليه الأكثر وسيجيء"".</span></p><p class=""indent"" style=""text-align:left;"">فقط واللہ اعلم </p></p><hr class=""big-hr""/>",27-04-2021,144209201110,banuri.edu.pk,روزہ,روزہ توڑنے والی چیزیں,غذا اور دوا کے علاوہ اشیاء سے روزہ ٹوٹنا,"<div class=""col-md-12 sawal-jawab""><h3 class=""question_heading"">سوال</h3><p><p style=""text-align:justify;"">اگر ہونٹوں سے مسلسل خون نکلتا ہو زخم کی وجہ سے اور ہونٹوں پر زبان پھیرنے کی عادت ہوتو کیا اس سے روزہ ٹوٹ جا ئےگا یا نہیں اور زخم بھی دائمی ہو ہونٹوں پر؟ </p></p><h4 class=""question_heading"">جواب</h4><p><p style=""text-align:justify;"">روزے کی حالت میں ہونٹوں پر لگے ہوئے خون پر زبان پھیری اور زبان پر خون لگ گیا اور وہ خون حلق سے نیچے نہیں اترا تو روزہ نہیں ٹوٹے گا خواہ خون کم ہو یا زیادہ۔</p><p style=""text-align:justify;"">اوراگر خون زبان پر لگ کر پیٹ میں پہنچ جائے اور اس کا مزہ بھی محسوس ہو تو بہرحال روزہ ٹوٹ جائے گا۔</p><p style=""text-align:justify;"">اور اگر پیٹ میں پہنچ جائے،  لیکن مزہ محسوس نہ ہو تو خون مغلوب ہونے کی صورت میں روزہ نہ ٹوٹے گا،  ورنہ یعنی اگر خون غالب یا برابر ہو تو روزہ ٹوٹ جائے گا۔</p><p style=""text-align:justify;""><span class=""ar_writing"">الدر المختار وحاشية ابن عابدين (رد المحتار) (2/ 396):</span></p><p class=""indent"" style=""text-align:justify;""><span class=""ar_writing"">""(أو خرج الدم من بين أسنانه ودخل حلقه) يعني ولم يصل إلى جوفه أما إذا وصل فإن غلب الدم أو تساويا فسد وإلا لا إلا إذا وجد طعمه بزازية واستحسنه المصنف وهو ما عليه الأكثر وسيجيء"".</span></p><p class=""indent"" style=""text-align:left;"">فقط واللہ اعلم </p></p><hr class=""big-hr""/><div class=""col-sm-6 col-md-6""><p class=""question_heading"" style=""color:#73161f"">فتویٰ نمبر : <a id=""fatwa_number"">144209201110</a></p></div><div class=""col-sm-6 col-md-6""><p style=""color:#73161f"">دارالافتاء :
                                جامعہ علوم اسلامیہ علامہ محمد یوسف بنوری ٹاؤن</p></div><hr class=""big-hr""/><div class=""col-sm-4 col-md-4""><div class=""tag""><a href=""https://www.banuri.edu.pk/questions/kitab/soum""><i class=""icon-docs-bold""></i> روزہ</a></div></div><div class=""col-sm-4 col-md-4""><div class=""tag""><a href=""https://www.banuri.edu.pk/questions/bab/roza-torne-wali-chezen""><i class=""icon-docs-bold""></i> روزہ توڑنے والی چیزیں</a></div></div><div class=""col-sm-4 col-md-4""><div class=""tag""><a href=""https://www.banuri.edu.pk/questions/fasal/giza-aur-dawa-ke-ilawa-ashya-se-roza-totna""><i class=""icon-docs-bold""></i> غذا اور دوا کے علاوہ اشیاء سے روزہ ٹوٹنا</a></div></div></div>"
https://www.banuri.edu.pk/readquestion/دبئی-میں-رہنے-والا-اپنی-نابالغ-اولاد-کا-صدقہ-فطر-کیسے-ادا-کرے-گا/01-05-2021,دبئی میں رہنے والا اپنی نابالغ اولاد کا صدقہ فطر کیسے ادا کرے گا؟,"<p><p style=""text-align:justify;"">اگر کوئی شخص دبئی میں ہو اور اس کے نابالغ بچے پاکستان میں ہوں  تو فطرانہ میں نابالغ بچوں کے لیے درہم کا حساب لگایا جائے گا جو آج کل تقریباً 30درہم ہے یا پاکستان کے حساب سے جوآج کل  30 روپے ہے؟</p></p>","<p><p style=""text-align:justify;"">صدقہ  فطر  کی  مقدار  گندم  کے  حساب سے  پونے دو کلو گندم ہے اور کھجور، جو اور کشمش کے حساب سے ساڑھے تین کلو  کھجور، جَو  اور کشمش  ہے، چاہےکہیں بھی ادا کیا جائے، اور اگر قیمت ادا کرنی ہے تو جہاں ادائیگی کرنے والا موجود ہے  وہاں کا اعتبار ہوگا،مثلًا اگر کوئی شخص باہر کے کسی ملک  میں مقیم ہو اور عید الفطر بھی وہیں گزارے تو  اس  پر اپنا اور اپنے نابالغ بچوں کا صدقہ  فطر  اسی ملک کے نرخ کے حساب سے دینا لازم ہوگا  جس ملک میں عید الفطر والے دن مقیم ہوگا،    خواہ وہ یہ  قیمت اسی ملک میں ادا کرے یا اس کی اجازت سے اس کے آبائی ملک (مثلًا  پاکستان) میں ادا کی جائے۔</p><p style=""text-align:justify;"">لہذا صورتِ مسئولہ میں اگر مذکورہ شخص دبئی میں مقیم ہے تو وہ اپنی نابالغ اولاد کا صدقہ فطر دبئی کی قیمت  کے حساب سے ادا کرے گا۔</p><p style=""text-align:justify;"">یہ بھی ملحوظ رہے کہ اس سال (1442ھ - 2021ء) پاکستان میں صدقہ فطر 30 روپے نہیں ہے، بلکہ  کراچی اور اس کے مضافات میں گندم کے اعتبار سے  140 روپے  ہے، اور بقیہ شہروں اور علاقوں میں بھی کم و بیش یہی ہے۔</p><p style=""text-align:justify;""><span class=""ar_writing"">الفتاوى الهندية (1/ 190)</span></p><p class=""indent"" style=""text-align:justify;""><span class=""ar_writing"">""ثم المعتبر في الزكاة مكان المال حتى لو كان هو في بلد، وماله في بلد آخر يفرق في موضع المال، وفي صدقة الفطر يعتبر مكانه لا مكان أولاده الصغار وعبيده في الصحيح، كذا في التبيين. وعليه الفتوى، كذا في المضمرات"". </span></p><p class=""indent"" dir=""rtl"" style=""text-align:left;"">فقط واللہ اعلم</p></p><hr class=""big-hr""/>",01-05-2021,144209201455,banuri.edu.pk,زکات,صدقہ فطر,صدقہ فطر کا نصاب اور وجوب,"<div class=""col-md-12 sawal-jawab""><h3 class=""question_heading"">سوال</h3><p><p style=""text-align:justify;"">اگر کوئی شخص دبئی میں ہو اور اس کے نابالغ بچے پاکستان میں ہوں  تو فطرانہ میں نابالغ بچوں کے لیے درہم کا حساب لگایا جائے گا جو آج کل تقریباً 30درہم ہے یا پاکستان کے حساب سے جوآج کل  30 روپے ہے؟</p></p><h4 class=""question_heading"">جواب</h4><p><p style=""text-align:justify;"">صدقہ  فطر  کی  مقدار  گندم  کے  حساب سے  پونے دو کلو گندم ہے اور کھجور، جو اور کشمش کے حساب سے ساڑھے تین کلو  کھجور، جَو  اور کشمش  ہے، چاہےکہیں بھی ادا کیا جائے، اور اگر قیمت ادا کرنی ہے تو جہاں ادائیگی کرنے والا موجود ہے  وہاں کا اعتبار ہوگا،مثلًا اگر کوئی شخص باہر کے کسی ملک  میں مقیم ہو اور عید الفطر بھی وہیں گزارے تو  اس  پر اپنا اور اپنے نابالغ بچوں کا صدقہ  فطر  اسی ملک کے نرخ کے حساب سے دینا لازم ہوگا  جس ملک میں عید الفطر والے دن مقیم ہوگا،    خواہ وہ یہ  قیمت اسی ملک میں ادا کرے یا اس کی اجازت سے اس کے آبائی ملک (مثلًا  پاکستان) میں ادا کی جائے۔</p><p style=""text-align:justify;"">لہذا صورتِ مسئولہ میں اگر مذکورہ شخص دبئی میں مقیم ہے تو وہ اپنی نابالغ اولاد کا صدقہ فطر دبئی کی قیمت  کے حساب سے ادا کرے گا۔</p><p style=""text-align:justify;"">یہ بھی ملحوظ رہے کہ اس سال (1442ھ - 2021ء) پاکستان میں صدقہ فطر 30 روپے نہیں ہے، بلکہ  کراچی اور اس کے مضافات میں گندم کے اعتبار سے  140 روپے  ہے، اور بقیہ شہروں اور علاقوں میں بھی کم و بیش یہی ہے۔</p><p style=""text-align:justify;""><span class=""ar_writing"">الفتاوى الهندية (1/ 190)</span></p><p class=""indent"" style=""text-align:justify;""><span class=""ar_writing"">""ثم المعتبر في الزكاة مكان المال حتى لو كان هو في بلد، وماله في بلد آخر يفرق في موضع المال، وفي صدقة الفطر يعتبر مكانه لا مكان أولاده الصغار وعبيده في الصحيح، كذا في التبيين. وعليه الفتوى، كذا في المضمرات"". </span></p><p class=""indent"" dir=""rtl"" style=""text-align:left;"">فقط واللہ اعلم</p></p><hr class=""big-hr""/><div class=""col-sm-6 col-md-6""><p class=""question_heading"" style=""color:#73161f"">فتویٰ نمبر : <a id=""fatwa_number"">144209201455</a></p></div><div class=""col-sm-6 col-md-6""><p style=""color:#73161f"">دارالافتاء :
                                جامعہ علوم اسلامیہ علامہ محمد یوسف بنوری ٹاؤن</p></div><hr class=""big-hr""/><div class=""col-sm-4 col-md-4""><div class=""tag""><a href=""https://www.banuri.edu.pk/questions/kitab/zakat""><i class=""icon-docs-bold""></i> زکات</a></div></div><div class=""col-sm-4 col-md-4""><div class=""tag""><a href=""https://www.banuri.edu.pk/questions/bab/sadqa-fitr""><i class=""icon-docs-bold""></i> صدقہ فطر</a></div></div><div class=""col-sm-4 col-md-4""><div class=""tag""><a href=""https://www.banuri.edu.pk/questions/fasal/sadaqa-fitr-ka-nisaab-aur-wujoob""><i class=""icon-docs-bold""></i> صدقہ فطر کا نصاب اور وجوب</a></div></div></div>"
https://www.banuri.edu.pk/readquestion/zakat-ki-adaiegi-ka-treqa-144209201495/02-05-2021,زکوۃ کی ادائیگی کا طریقہ,"<p><p style=""text-align:justify;"">زکوۃ کی ادائیگی کا کیا طریقہ کیا ہے؟ </p></p>","<p><p style=""text-align:justify;"">جوشخص مسلمان، عاقل و بالغ ،آزاد ہو، نصاب کے برابر مال (نقدی، سونا، چاندی یا مالِ تجارت) رکھتا ہو، ما ل ضروریاتِ اصلیہ سے زائد ہو اور چاند کے اعتبار سے سال مکمل ہونے پر بھی اس کے پاس نصاب یا اس زیادہ مال موجود ہو تو اس پر زکات ادا کرنا فرض ہے۔</p><p style=""text-align:justify;"">صاحبِ نصاب ہونے پر اپنے اموال میں سے چالیسواں حصہ (ڈھائی فیصد) زکات میں نکالنا واجب ہے۔</p><p style=""text-align:justify;"">نصاب سے مراد یہ ہے کہ اگر اس کی ملکیت میں صرف سونا ہو (اس کے علاوہ ضرورت سے زائد کچھ بھی نہ ہو، نہ چاندی، نہ نقدی نہ مالِ تجارت) تو ساڑھے سات تولہ سونا ہو، یا ساڑھے باون تولہ چاندی ہو  یا اس (ساڑھے باون تولہ چاندی) کی مالیت کے برابرنقدی ہو یا اتنی قیمت کا سامانِ تجارت ہو یا یہ سب ملا کر یا ان میں سے بعض ملا کر مجموعی مالیت چاندی کے نصاب کے برابر بنتی ہو۔</p><p style=""text-align:justify;"">ضرورتِ اصلیہ سے مراد رہائش کا مکان، استعمال کی سواری، لباس، خوراک اور گھریلو استعمال کی دیگر چیزیں، (خواہ کتنی قیمتی کیوں نہ ہوں) مثلاً: لیپ ٹاپ، موبائل  وغیرہ، ماہانہ اخراجات اور بل وغیرہ۔ </p><p style=""text-align:justify;"">جس شخص پر زکات واجب ہو، وہ کسی مستحقِ زکات شخص کو  زکات کی رقم  یا کوئی جنس یا سامان خرید کر اسے مالک بناکر دے دے تو زکات ادا ہوجائے گی۔ مستحق سے مراد وہ مسلمان ہے جو ہاشمی (سید، عباسی وغیرہ) نہ ہو، اور اس کی ملکیت میں ضرورت و استعمال سے زائد اتنا مال یا سامان موجود نہ ہو جس کی مالیت ساڑھے باون تولہ چاندی کی قیمت تک پہنچتی ہو۔</p><p style=""text-align:justify;"">ترمذی وابوداؤد شریف کی روایت میں ہے :</p><p class=""indent"" style=""text-align:justify;""><span class=""ar_writing"">""عن علي رضي الله عنه قال: قال رسول الله صلى الله عليه وسلم: « قد عفوت عن الخيل والرقيق فهاتوا صدقة الرقة من كل أربعين درهماً درهم، وليس فى تسعين ومائة شىء فإذا بلغت مائتين ففيها خمسة دراهم"".</span></p><p class=""indent"" style=""text-align:justify;"">ترجمہ: حضرت علی رضی اللہ تعالیٰ عنہ سے روایت ہے کہ رسول صلی اللہ علیہ وسلم نے فرمایا: میں نے گھوڑوں اور لونڈی و غلام کی زکاۃ معاف کر دی (یعنی یہ تجارت کے لیے نہ ہوں تو ان میں زکاۃ نہیں )پس چاندی کی زکاۃ دو ہر چالیس درہم پر ایک درہم (لیکن خیال رہے )ایک سو نوے درہم میں زکاۃ نہیں ہے، جب دو سو درہم پورے ہوں گے تب زکاۃ واجب ہوگی اور زکاۃ میں پانچ درہم دینے ہوں گے ۔</p><p class=""indent"" style=""text-align:left;"">(سنن الترمذی،باب زکاۃ الذھب والفضۃ،3/16بیروت-سنن ابی داؤد،باب فی زکوۃ السائمۃ2/11)</p><p style=""text-align:justify;"">یہ نصاب سونا چاندی، نقد رقم اور اموال تجارت کے بارے میں ہے ،البتہ جانوروں کا نصاب مختلف ہے جس کی تفصیل احادیث وفقہ کی کتابوں میں موجود ہے۔ فقط واللہ اعلم</p></p><hr class=""big-hr""/>",02-05-2021,144209201495,banuri.edu.pk,زکات,اداء زکوٰۃ,ادائیگی زکوٰۃ کا طریقہ,"<div class=""col-md-12 sawal-jawab""><h3 class=""question_heading"">سوال</h3><p><p style=""text-align:justify;"">زکوۃ کی ادائیگی کا کیا طریقہ کیا ہے؟ </p></p><h4 class=""question_heading"">جواب</h4><p><p style=""text-align:justify;"">جوشخص مسلمان، عاقل و بالغ ،آزاد ہو، نصاب کے برابر مال (نقدی، سونا، چاندی یا مالِ تجارت) رکھتا ہو، ما ل ضروریاتِ اصلیہ سے زائد ہو اور چاند کے اعتبار سے سال مکمل ہونے پر بھی اس کے پاس نصاب یا اس زیادہ مال موجود ہو تو اس پر زکات ادا کرنا فرض ہے۔</p><p style=""text-align:justify;"">صاحبِ نصاب ہونے پر اپنے اموال میں سے چالیسواں حصہ (ڈھائی فیصد) زکات میں نکالنا واجب ہے۔</p><p style=""text-align:justify;"">نصاب سے مراد یہ ہے کہ اگر اس کی ملکیت میں صرف سونا ہو (اس کے علاوہ ضرورت سے زائد کچھ بھی نہ ہو، نہ چاندی، نہ نقدی نہ مالِ تجارت) تو ساڑھے سات تولہ سونا ہو، یا ساڑھے باون تولہ چاندی ہو  یا اس (ساڑھے باون تولہ چاندی) کی مالیت کے برابرنقدی ہو یا اتنی قیمت کا سامانِ تجارت ہو یا یہ سب ملا کر یا ان میں سے بعض ملا کر مجموعی مالیت چاندی کے نصاب کے برابر بنتی ہو۔</p><p style=""text-align:justify;"">ضرورتِ اصلیہ سے مراد رہائش کا مکان، استعمال کی سواری، لباس، خوراک اور گھریلو استعمال کی دیگر چیزیں، (خواہ کتنی قیمتی کیوں نہ ہوں) مثلاً: لیپ ٹاپ، موبائل  وغیرہ، ماہانہ اخراجات اور بل وغیرہ۔ </p><p style=""text-align:justify;"">جس شخص پر زکات واجب ہو، وہ کسی مستحقِ زکات شخص کو  زکات کی رقم  یا کوئی جنس یا سامان خرید کر اسے مالک بناکر دے دے تو زکات ادا ہوجائے گی۔ مستحق سے مراد وہ مسلمان ہے جو ہاشمی (سید، عباسی وغیرہ) نہ ہو، اور اس کی ملکیت میں ضرورت و استعمال سے زائد اتنا مال یا سامان موجود نہ ہو جس کی مالیت ساڑھے باون تولہ چاندی کی قیمت تک پہنچتی ہو۔</p><p style=""text-align:justify;"">ترمذی وابوداؤد شریف کی روایت میں ہے :</p><p class=""indent"" style=""text-align:justify;""><span class=""ar_writing"">""عن علي رضي الله عنه قال: قال رسول الله صلى الله عليه وسلم: « قد عفوت عن الخيل والرقيق فهاتوا صدقة الرقة من كل أربعين درهماً درهم، وليس فى تسعين ومائة شىء فإذا بلغت مائتين ففيها خمسة دراهم"".</span></p><p class=""indent"" style=""text-align:justify;"">ترجمہ: حضرت علی رضی اللہ تعالیٰ عنہ سے روایت ہے کہ رسول صلی اللہ علیہ وسلم نے فرمایا: میں نے گھوڑوں اور لونڈی و غلام کی زکاۃ معاف کر دی (یعنی یہ تجارت کے لیے نہ ہوں تو ان میں زکاۃ نہیں )پس چاندی کی زکاۃ دو ہر چالیس درہم پر ایک درہم (لیکن خیال رہے )ایک سو نوے درہم میں زکاۃ نہیں ہے، جب دو سو درہم پورے ہوں گے تب زکاۃ واجب ہوگی اور زکاۃ میں پانچ درہم دینے ہوں گے ۔</p><p class=""indent"" style=""text-align:left;"">(سنن الترمذی،باب زکاۃ الذھب والفضۃ،3/16بیروت-سنن ابی داؤد،باب فی زکوۃ السائمۃ2/11)</p><p style=""text-align:justify;"">یہ نصاب سونا چاندی، نقد رقم اور اموال تجارت کے بارے میں ہے ،البتہ جانوروں کا نصاب مختلف ہے جس کی تفصیل احادیث وفقہ کی کتابوں میں موجود ہے۔ فقط واللہ اعلم</p></p><hr class=""big-hr""/><div class=""col-sm-6 col-md-6""><p class=""question_heading"" style=""color:#73161f"">فتویٰ نمبر : <a id=""fatwa_number"">144209201495</a></p></div><div class=""col-sm-6 col-md-6""><p style=""color:#73161f"">دارالافتاء :
                                جامعہ علوم اسلامیہ علامہ محمد یوسف بنوری ٹاؤن</p></div><hr class=""big-hr""/><div class=""col-sm-4 col-md-4""><div class=""tag""><a href=""https://www.banuri.edu.pk/questions/kitab/zakat""><i class=""icon-docs-bold""></i> زکات</a></div></div><div class=""col-sm-4 col-md-4""><div class=""tag""><a href=""https://www.banuri.edu.pk/questions/bab/adae-zakat""><i class=""icon-docs-bold""></i> اداء زکوٰۃ</a></div></div><div class=""col-sm-4 col-md-4""><div class=""tag""><a href=""https://www.banuri.edu.pk/questions/fasal/adaaegi-zakat-ka-tareeqa""><i class=""icon-docs-bold""></i> ادائیگی زکوٰۃ کا طریقہ</a></div></div></div>"
https://www.banuri.edu.pk/readquestion/aurat-ko-shehwat-ke-sath-dekh-lene-se-nikah-ka-hukum-200038/12-01-2021,عورت کو شہوت کے ساتھ  دیکھ لینے سے نکاح کا حکم,"<p><p style=""text-align:justify;"">پانچ عورتیں ہیں جو آپس میں بہنیں ہیں، ان میں سے کسی ایک کو شہوت کے ساتھ دیکھنےسے دوسری کی بیٹی سے  نکاح کا کیا حکم ہے؟ جب کہ  یہ دیکھنا ایسا ہو کہ اس میں دل میں شہوت پیدا  ہوئی جسم میں کوئی حرکت نہیں ہو۔ رہنمائی فرمائیں۔</p></p>","<p><p style=""text-align:justify;""> اگر کوئی شخص کسی غیر محرم عورت کو شہوت کی نظر سے   دیکھ لےتو یہ ایک بڑا گناہ کا کام ہے، جس پر توبہ و استغفار لازم ہے، لیکن اس سے اس کے نکاح کے جواز پر کوئی فرق نہیں پڑتا، یعنی اگر اس عورت سے کوئی شخص نکاح کرنا چاہے تو کر سکتا ہے، اسی طرح خود شہوت کی نگاہ سے دیکھنے والا شخص بھی اُس عورت  یا اس کی بیٹی یا اس کی بھانجی، بھتیجی سے  نکاح کر سکتا ہے؛   لہٰذا صورت مسئولہ میں کسی عورت کو شہوت سے دیکھنے کی وجہ سے اس کی بھانجی سے نکاح کرنا حرام نہیں ہوگا، بلکہ بدستور جائز  رہے گا۔</p><p style=""text-align:justify;"">شہوت کے ساتھ دیکھنے سے حرمتِ مصاہرت اس وقت ثابت ہوتی ہے جب مرد یا عورت دوسرے کی شرم گاہ کو بغیر حائل کے شہوت کے ساتھ دیکھے، اس صورت میں اس مرد اور عورت کے اصول و فروع (والدین اور اولاد) ایک دوسرے کے لیے حرام ہوتے ہیں، بھانجا، بھانجی، بھتیجا، بھتیجی، خالہ اور پھوپھی  حرام نہیں ہوتے۔</p><p style=""text-align:justify;""><span class=""ar_writing"">الدر المختار وحاشية ابن عابدين (3 / 33):</span></p><p class=""indent"" style=""text-align:justify;""><span class=""ar_writing"">""(قوله: والمنظور إلى فرجها) قيد بالفرج؛ لأن ظاهر الذخيرة وغيرها أنهم اتفقوا على أن النظر بشهوة إلى سائر أعضائها لا عبرة به ما عدا الفرج"".</span></p><p class=""indent"" style=""text-align:justify;""><span class=""ar_writing"">الدر المختار وحاشية ابن عابدين (رد المحتار)-[كتاب الصلاة]-[مطلب في ستر العورة]- صفحة -406</span></p><p class=""indent"" style=""text-align:justify;""><span class=""ar_writing"">(وتمنع) المرأة الشابة (من كشف الوجه بين رجال) لا لأنه عورة بل (لخوف الفتنة) كمسه وإن أمن الشهوة لأنه أغلظ، ولذا ثبت به حرمة المصاهرة كما يأتي</span></p><p class=""indent"" style=""text-align:justify;""><span class=""ar_writing"">(قوله ثبت به) أي بالمس المقارن للشهوة، بخلاف النظر لغير الفرج الداخل، فلا تثبت به حرمة المصاهرة مطلقا ط</span></p><p style=""text-align:justify;""><span class=""ar_writing"">الدر المختار وحاشية ابن عابدين (رد المحتار) (3/ 33):</span></p><p class=""indent"" style=""text-align:justify;""><span class=""ar_writing"">""وناظرة إلى ذكره .... والعبرة للشهوة عند المس والنظر لا بعدهما وحدها فيهما تحرك آلته أو زيادته به يفتى، وفي امرأة ونحو شيخ كبير تحرك قبله أو زيادته.</span></p><p class=""indent"" style=""text-align:justify;""><span class=""ar_writing"">(قوله: وناظرة) أي بشهوة ... (قوله: وفي امرأة ونحو شيخ إلخ) قال في الفتح: ثم هذا الحد في حق الشاب، أما الشيخ والعنين فحدهما تحرك قلبه أو زيادته إن كان متحركاً لا مجرد ميلان النفس، فإنه يوجد فيمن لا شهوة له أصلاً كالشيخ الفاني، ثم قال: ولم يحدوا الحد المحرم منها أي من المرأة، وأقله تحرك القلب على وجه يشوش الخاطر قال ط: ولم أر حكم الخنثى المشكل في الشهوة، ومقتضى معاملته بالأضر أن يجري عليه حكم المرأة"".</span></p><p style=""text-align:justify;""><span class=""ar_writing"">الدر المختار وحاشية ابن عابدين (رد المحتار) (3/ 37):</span></p><p class=""indent"" style=""text-align:justify;""><span class=""ar_writing"">""(وإن ادعت الشهوة) في تقبيله أو تقبيلها ابنه (وأنكرها الرجل فهو مصدق) لا هي.</span></p><p class=""indent"" style=""text-align:justify;""><span class=""ar_writing"">(قوله: وإن ادعت الشهوة في تقبيله) أي ادعت الزوجة أنه قبل أحد أصولها أو فروعها بشهوة أو أن أحد أصولها أو فروعها قبله بشهوة، فهو مصدر مضاف إلى فاعله أو مفعوله وكذا قوله: أو تقبيلها ابنه، فإن كانت إضافته إلى المفعول فابنه فاعل والأنسب لنظم الكلام إضافة الأول لفاعله والثاني لمفعوله ليكون فاعل يقوم الرجل أو ابنه كما أفاده ح (قوله: فهو مضاف)؛ لأنه ينكر ثبوت الحرمة والقول للمنكر، وهذا ذكره في الذخيرة في المس لا في التقبيل كما فعل الشارح فإنه مخالف لما مشى عليه المصنف أو لا من أنه في التقبيل يفتى بالحرمة ما لم يظهر عدم الشهوة، وقدمنا عن الذخيرة نقل الخلاف في ذلك فما هنا مبني على ما في بيوع العيون"".</span></p><p class=""indent"" style=""text-align:left;"">فقط واللہ اعلم</p></p><hr class=""big-hr""/>",12-01-2021,200038,banuri.edu.pk,نکاح,محرمات و غیر محرمات,حرمتِ مصاہرت,"<div class=""col-md-12 sawal-jawab""><h3 class=""question_heading"">سوال</h3><p><p style=""text-align:justify;"">پانچ عورتیں ہیں جو آپس میں بہنیں ہیں، ان میں سے کسی ایک کو شہوت کے ساتھ دیکھنےسے دوسری کی بیٹی سے  نکاح کا کیا حکم ہے؟ جب کہ  یہ دیکھنا ایسا ہو کہ اس میں دل میں شہوت پیدا  ہوئی جسم میں کوئی حرکت نہیں ہو۔ رہنمائی فرمائیں۔</p></p><h4 class=""question_heading"">جواب</h4><p><p style=""text-align:justify;""> اگر کوئی شخص کسی غیر محرم عورت کو شہوت کی نظر سے   دیکھ لےتو یہ ایک بڑا گناہ کا کام ہے، جس پر توبہ و استغفار لازم ہے، لیکن اس سے اس کے نکاح کے جواز پر کوئی فرق نہیں پڑتا، یعنی اگر اس عورت سے کوئی شخص نکاح کرنا چاہے تو کر سکتا ہے، اسی طرح خود شہوت کی نگاہ سے دیکھنے والا شخص بھی اُس عورت  یا اس کی بیٹی یا اس کی بھانجی، بھتیجی سے  نکاح کر سکتا ہے؛   لہٰذا صورت مسئولہ میں کسی عورت کو شہوت سے دیکھنے کی وجہ سے اس کی بھانجی سے نکاح کرنا حرام نہیں ہوگا، بلکہ بدستور جائز  رہے گا۔</p><p style=""text-align:justify;"">شہوت کے ساتھ دیکھنے سے حرمتِ مصاہرت اس وقت ثابت ہوتی ہے جب مرد یا عورت دوسرے کی شرم گاہ کو بغیر حائل کے شہوت کے ساتھ دیکھے، اس صورت میں اس مرد اور عورت کے اصول و فروع (والدین اور اولاد) ایک دوسرے کے لیے حرام ہوتے ہیں، بھانجا، بھانجی، بھتیجا، بھتیجی، خالہ اور پھوپھی  حرام نہیں ہوتے۔</p><p style=""text-align:justify;""><span class=""ar_writing"">الدر المختار وحاشية ابن عابدين (3 / 33):</span></p><p class=""indent"" style=""text-align:justify;""><span class=""ar_writing"">""(قوله: والمنظور إلى فرجها) قيد بالفرج؛ لأن ظاهر الذخيرة وغيرها أنهم اتفقوا على أن النظر بشهوة إلى سائر أعضائها لا عبرة به ما عدا الفرج"".</span></p><p class=""indent"" style=""text-align:justify;""><span class=""ar_writing"">الدر المختار وحاشية ابن عابدين (رد المحتار)-[كتاب الصلاة]-[مطلب في ستر العورة]- صفحة -406</span></p><p class=""indent"" style=""text-align:justify;""><span class=""ar_writing"">(وتمنع) المرأة الشابة (من كشف الوجه بين رجال) لا لأنه عورة بل (لخوف الفتنة) كمسه وإن أمن الشهوة لأنه أغلظ، ولذا ثبت به حرمة المصاهرة كما يأتي</span></p><p class=""indent"" style=""text-align:justify;""><span class=""ar_writing"">(قوله ثبت به) أي بالمس المقارن للشهوة، بخلاف النظر لغير الفرج الداخل، فلا تثبت به حرمة المصاهرة مطلقا ط</span></p><p style=""text-align:justify;""><span class=""ar_writing"">الدر المختار وحاشية ابن عابدين (رد المحتار) (3/ 33):</span></p><p class=""indent"" style=""text-align:justify;""><span class=""ar_writing"">""وناظرة إلى ذكره .... والعبرة للشهوة عند المس والنظر لا بعدهما وحدها فيهما تحرك آلته أو زيادته به يفتى، وفي امرأة ونحو شيخ كبير تحرك قبله أو زيادته.</span></p><p class=""indent"" style=""text-align:justify;""><span class=""ar_writing"">(قوله: وناظرة) أي بشهوة ... (قوله: وفي امرأة ونحو شيخ إلخ) قال في الفتح: ثم هذا الحد في حق الشاب، أما الشيخ والعنين فحدهما تحرك قلبه أو زيادته إن كان متحركاً لا مجرد ميلان النفس، فإنه يوجد فيمن لا شهوة له أصلاً كالشيخ الفاني، ثم قال: ولم يحدوا الحد المحرم منها أي من المرأة، وأقله تحرك القلب على وجه يشوش الخاطر قال ط: ولم أر حكم الخنثى المشكل في الشهوة، ومقتضى معاملته بالأضر أن يجري عليه حكم المرأة"".</span></p><p style=""text-align:justify;""><span class=""ar_writing"">الدر المختار وحاشية ابن عابدين (رد المحتار) (3/ 37):</span></p><p class=""indent"" style=""text-align:justify;""><span class=""ar_writing"">""(وإن ادعت الشهوة) في تقبيله أو تقبيلها ابنه (وأنكرها الرجل فهو مصدق) لا هي.</span></p><p class=""indent"" style=""text-align:justify;""><span class=""ar_writing"">(قوله: وإن ادعت الشهوة في تقبيله) أي ادعت الزوجة أنه قبل أحد أصولها أو فروعها بشهوة أو أن أحد أصولها أو فروعها قبله بشهوة، فهو مصدر مضاف إلى فاعله أو مفعوله وكذا قوله: أو تقبيلها ابنه، فإن كانت إضافته إلى المفعول فابنه فاعل والأنسب لنظم الكلام إضافة الأول لفاعله والثاني لمفعوله ليكون فاعل يقوم الرجل أو ابنه كما أفاده ح (قوله: فهو مضاف)؛ لأنه ينكر ثبوت الحرمة والقول للمنكر، وهذا ذكره في الذخيرة في المس لا في التقبيل كما فعل الشارح فإنه مخالف لما مشى عليه المصنف أو لا من أنه في التقبيل يفتى بالحرمة ما لم يظهر عدم الشهوة، وقدمنا عن الذخيرة نقل الخلاف في ذلك فما هنا مبني على ما في بيوع العيون"".</span></p><p class=""indent"" style=""text-align:left;"">فقط واللہ اعلم</p></p><hr class=""big-hr""/><div class=""col-sm-6 col-md-6""><p class=""question_heading"" style=""color:#73161f"">فتویٰ نمبر : <a id=""fatwa_number"">200038</a></p></div><div class=""col-sm-6 col-md-6""><p style=""color:#73161f"">دارالافتاء :
                                جامعہ علوم اسلامیہ علامہ محمد یوسف بنوری ٹاؤن</p></div><hr class=""big-hr""/><div class=""col-sm-4 col-md-4""><div class=""tag""><a href=""https://www.banuri.edu.pk/questions/kitab/nikah""><i class=""icon-docs-bold""></i> نکاح</a></div></div><div class=""col-sm-4 col-md-4""><div class=""tag""><a href=""https://www.banuri.edu.pk/questions/bab/muharramat-o-gher-muharramat""><i class=""icon-docs-bold""></i> محرمات و غیر محرمات</a></div></div><div class=""col-sm-4 col-md-4""><div class=""tag""><a href=""https://www.banuri.edu.pk/questions/fasal/hurmat-e-musaharat""><i class=""icon-docs-bold""></i> حرمتِ مصاہرت</a></div></div></div>"
https://www.banuri.edu.pk/readquestion/mushy-zani-ka-gunah-144209201485/02-05-2021,مشت زنی کے گناہ سے بچنا,"<p><p style=""text-align:justify;"">مشت زنی سے بچنے کے لیے کیا کریں؟ </p></p>","<p><p style=""text-align:justify;"">مشت زنی حرام ہے اور اس کے کرنے والے پر حدیث میں لعنت آئی ہے۔</p><p style=""text-align:justify;"">لہذا مشت زنی کے گناہ سے اپنے آپ کو محفوظ رکھنا لازم ہے ، اس کا طریقہ یہ ہے کہ آدمی نیک ماحول اور صحبت اختیار کرے ، اگران گناہوں سے بچنا مشکل ہورہاہو تو یہ سوچے کہ اگر اس گناہ کرتے وقت مجھے میرے والدین (یا کوئی بھی ایسے رشتہ و تعلق والا شخص جس سے انسان اپنا گناہ چھپانا چاہے مثلاً اساتذہ یا شاگرد وغیرہ) دیکھ لیں تو کیا میں ان کے سامنے یہ گناہ کرسکوں گا؟ یا شرمندہ ہوں گا؟ پھر یہ سوچے کہ جب میں والدین کے سامنے گناہ سے شرماتا ہوں تو اللہ تعالیٰ جو ہر وقت مجھے دیکھ رہے ہیں، جو میرے خالق اور حقیقی محسن ہیں اور حساب و کتاب پر مکمل قادر ہیں، ان کے سامنے میں کس منہ سے حاضر ہوں گا، نیز یہ سوچے کہ قیامت کے دن اگر والدین، بیوی بچوں، بہن بھائیوں، اساتذہ، شاگرد، دوستوں اور تمام مخلوق کے سامنے بتادیا کہ فلاں بن فلاں نے فلاں دن فلاں وقت یہ گناہ کیا ہے، تو اس وقت آدمی شرم سے پانی پانی ہوجائے گا، قیامت کا وہ منظر سوچے تو امید ہے کہ گناہوں کا ترک کرنا آسان ہوجائے گااور ان سب باتوں کی عادت پیدا کرنے کے لیے اللہ تعالیٰ کے نیک بندوں کی صحبت انتہائی ضروری ہے، اس کے ساتھ ساتھ فرض نمازوں کی پابندی کے علاوہ اللہ تعالی سے ان گناہوں سے بچنے کی خصوصی دعا کرتے رہیں اور اگر خدانخواستہ دوبارہ گناہ سرزد ہوجائے تو اپنے اوپر کچھ مقدار رقم صدقہ کرنا لازم کردے اور اگر نکاح نہیں ہوا تو گھر والوں کو اس بات پر آمادہ کریں کہ وہ آپ کا نکاح کرادیں، نیز تنہائی میں رہنے سے حتی الامکان گریز کریں، اپنے آپ کو بامقصد کاموں میں اتنا مشغول کردیجیے کہ ان فضولیات کا وقت ہی نہ مل سکے۔ فقط واللہ اعلم</p></p><hr class=""big-hr""/>",02-05-2021,144209201485,banuri.edu.pk,حقوق و آدابِ معاشرت,اَخلاقیات,شرم و حیاء,"<div class=""col-md-12 sawal-jawab""><h3 class=""question_heading"">سوال</h3><p><p style=""text-align:justify;"">مشت زنی سے بچنے کے لیے کیا کریں؟ </p></p><h4 class=""question_heading"">جواب</h4><p><p style=""text-align:justify;"">مشت زنی حرام ہے اور اس کے کرنے والے پر حدیث میں لعنت آئی ہے۔</p><p style=""text-align:justify;"">لہذا مشت زنی کے گناہ سے اپنے آپ کو محفوظ رکھنا لازم ہے ، اس کا طریقہ یہ ہے کہ آدمی نیک ماحول اور صحبت اختیار کرے ، اگران گناہوں سے بچنا مشکل ہورہاہو تو یہ سوچے کہ اگر اس گناہ کرتے وقت مجھے میرے والدین (یا کوئی بھی ایسے رشتہ و تعلق والا شخص جس سے انسان اپنا گناہ چھپانا چاہے مثلاً اساتذہ یا شاگرد وغیرہ) دیکھ لیں تو کیا میں ان کے سامنے یہ گناہ کرسکوں گا؟ یا شرمندہ ہوں گا؟ پھر یہ سوچے کہ جب میں والدین کے سامنے گناہ سے شرماتا ہوں تو اللہ تعالیٰ جو ہر وقت مجھے دیکھ رہے ہیں، جو میرے خالق اور حقیقی محسن ہیں اور حساب و کتاب پر مکمل قادر ہیں، ان کے سامنے میں کس منہ سے حاضر ہوں گا، نیز یہ سوچے کہ قیامت کے دن اگر والدین، بیوی بچوں، بہن بھائیوں، اساتذہ، شاگرد، دوستوں اور تمام مخلوق کے سامنے بتادیا کہ فلاں بن فلاں نے فلاں دن فلاں وقت یہ گناہ کیا ہے، تو اس وقت آدمی شرم سے پانی پانی ہوجائے گا، قیامت کا وہ منظر سوچے تو امید ہے کہ گناہوں کا ترک کرنا آسان ہوجائے گااور ان سب باتوں کی عادت پیدا کرنے کے لیے اللہ تعالیٰ کے نیک بندوں کی صحبت انتہائی ضروری ہے، اس کے ساتھ ساتھ فرض نمازوں کی پابندی کے علاوہ اللہ تعالی سے ان گناہوں سے بچنے کی خصوصی دعا کرتے رہیں اور اگر خدانخواستہ دوبارہ گناہ سرزد ہوجائے تو اپنے اوپر کچھ مقدار رقم صدقہ کرنا لازم کردے اور اگر نکاح نہیں ہوا تو گھر والوں کو اس بات پر آمادہ کریں کہ وہ آپ کا نکاح کرادیں، نیز تنہائی میں رہنے سے حتی الامکان گریز کریں، اپنے آپ کو بامقصد کاموں میں اتنا مشغول کردیجیے کہ ان فضولیات کا وقت ہی نہ مل سکے۔ فقط واللہ اعلم</p></p><hr class=""big-hr""/><div class=""col-sm-6 col-md-6""><p class=""question_heading"" style=""color:#73161f"">فتویٰ نمبر : <a id=""fatwa_number"">144209201485</a></p></div><div class=""col-sm-6 col-md-6""><p style=""color:#73161f"">دارالافتاء :
                                جامعہ علوم اسلامیہ علامہ محمد یوسف بنوری ٹاؤن</p></div><hr class=""big-hr""/><div class=""col-sm-4 col-md-4""><div class=""tag""><a href=""https://www.banuri.edu.pk/questions/kitab/huqooq-muashret""><i class=""icon-docs-bold""></i> حقوق و آدابِ معاشرت</a></div></div><div class=""col-sm-4 col-md-4""><div class=""tag""><a href=""https://www.banuri.edu.pk/questions/bab/akhlaaqiyaat""><i class=""icon-docs-bold""></i> اَخلاقیات</a></div></div><div class=""col-sm-4 col-md-4""><div class=""tag""><a href=""https://www.banuri.edu.pk/questions/fasal/sharm-o-haya""><i class=""icon-docs-bold""></i> شرم و حیاء</a></div></div></div>"
https://www.banuri.edu.pk/readquestion/mayyet-ky-ghr-khana-200040/12-01-2021,اہلِ علاقہ کا میت والوں کے ہاں کھانا کھانا,"<p><p style=""text-align:justify;"">ہمارے ہاں جب  کسی گھر میں فوتگی  ہوجاتی ہے تو لوگ دعوت وخیرات کرتے ہیں ، جس میں باہر کے مہمان اور مقامی اس شہر کے لوگوں کو بھی   کھانے میں ٹھہر ادیتےہیں اورسب لوگ دعوت وخیرات کھاکر جاتے ہیں اور اگر دعوت نہ کھائیں تو فوتگی والے ناراض ہو جاتے ہیں ۔ کیا ایسی حالت میں مقامی لوگوں کو دعوت وخیرات کھانی چاہیے اور دعوت وخیرات بھی جنازے کے فوراً بعد دیتے ہیں ؟</p></p>","<p><p style=""text-align:justify;"">شرعی حکم یہ ہے کہ جس گھر میں میت ہوجائے ان کے پڑوسیوں اور رشتے داروں کے لیے مستحب اور باعث اجر و ثواب ہے کہ میت کے گھر والوں کے لیے اس دن (دو وقت) کے کھانے کا انتظام کریں اور خود ساتھ بیٹھ کر، اصرار کر کے ان کو کھلائیں،اور ضرورت ہو تو تین دن تک کھانا کھلانا بھی جائز ہے۔</p><p style=""text-align:justify;"">لیکن اس کے برعکس میت کے گھرانے والوں کا عام لوگوں کے لیے دعوت و خیرات کا اہتمام کرنا درست نہیں ہے،  ہاں! جو لوگ دور دراز سے جنازہ میں شرکت کے لیے آتے ہیں او رکسی وجہ سے واپس نہیں ہوسکتے اور  اہلِ میت یا ان کے قریبی اعزہ ان کے لیے کھانے کا نظم کردیں تو اس میں مضائقہ نہیں ہے اور ان کے لیے میت کے گھر کھانے میں حرج نہیں اور وہ کھانا خود میت کے گھر بھی پکایا جا سکتا ہے اور نزدیک پڑوسی کے گھر میں بھی، دونوں صورتوں میں کوئی حرج نہیں۔</p><p style=""text-align:justify;"">حاصل یہ ہے کہ جنازے یا تعزیت میں آنے والے افراد کو جنازے اور تعزیت سے فارغ ہوکر   اپنے اپنے گھروں کو واپس  چلے جانا چاہیے، میت کے گھر قیام بھی نہیں کرنا چاہیے اور اہلِ میت کے یہاں ضیافت و دعوت بھی نہیں کھانی چاہیے، خواہ  میت کے اہلِ خانہ اصرار کریں، کیوں کہ دعوت کا کھانا تو خوشی کے موقع پر مشروع ہے نہ کہ غم کے موقع پر، اسی لیے فقہاء نے تعزیت کے موقع پر کھانے کی دعوت کو مکروہ اور بدعتِ مستقبحہ قرار دیا ہے۔</p><p style=""text-align:justify;"">مرقاۃ المفاتیح میں ہے:</p><p class=""indent"" style=""text-align:justify;""><span class=""ar_writing"">""والمعنى: جاءهم ما يمنعهم من الحزن عن تهيئة الطعام لأنفسهم، فيحصل لهم الضرر وهم لايشعرون. قال الطيبي: دل على أنه يستحب للأقارب والجيران تهيئة طعام لأهل الميت اهـ. والمراد طعام يشبعهم يومهم وليلتهم، فإن الغالب أن الحزن الشاغل عن تناول الطعام لايستمر أكثر من يوم، وقيل: يحمل لهم طعام إلى ثلاثة أيام مدة التعزية، ثم إذا صنع لهم ما ذكر من أن يلح عليهم في الأكل لئلايضعفوا بتركه استحياء، أو لفرط جزع، واصطناعه من بعيد أو قريب للنائحات شديد التحريم ؛ لأنه إعانة على المعصية، واصطناع أهل البيت له لأجل اجتماع الناس عليه بدعة مكروهة، بل صح عن جرير رضي الله عنه: كنا نعده من النياحة، وهو ظاهر في التحريم. قال الغزالي: ويكره الأكل منه، قلت: وهذا إذا لم يكن من مال اليتيم أو الغائب، وإلا فهو حرام بلا خلاف"". </span></p><p class=""indent"" style=""text-align:left;"">(کتاب الجنائز، باب البکاء علی المیت،الفصل الثاني،ج:۴؍ ۱۹۴ ،ط: رشیدیه) </p><p style=""text-align:justify;"">  فتاویٰ شامی میں ہے:</p><p class=""indent"" style=""text-align:justify;""><span class=""ar_writing"">""(قوله: وباتخاذ طعام لهم) قال في الفتح: ويستحب لجيران أهل الميت والأقرباء الأباعد تهيئة طعام لهم يشبعهم يومهم وليلتهم، لقوله صلى الله عليه وسلم: «اصنعوا لآل جعفر طعاماً فقد جاءهم ما يشغلهم». حسنه الترمذي وصححه الحاكم؛ ولأنه بر ومعروف، ويلح عليهم في الأكل؛ لأن الحزن يمنعهم من ذلك فيضعفون. اهـ.</span></p><p class=""indent"" style=""text-align:justify;""><span class=""ar_writing"">مطلب في كراهة الضيافة من أهل الميت</span></p><p class=""indent"" style=""text-align:justify;""><span class=""ar_writing"">وقال أيضاً: ويكره اتخاذ الضيافة من الطعام من أهل الميت؛ لأنه شرع في السرور لا في الشرور، وهي بدعة مستقبحة: وروى الإمام أحمد وابن ماجه بإسناد صحيح عن جرير بن عبد الله قال: "" كنا نعد الاجتماع إلى أهل الميت وصنعهم الطعام من النياحة "". اهـ. وفي البزازية: ويكره اتخاذ الطعام في اليوم الأول والثالث وبعد الأسبوع ونقل الطعام إلى القبر في المواسم، واتخاذ الدعوة لقراءة القرآن وجمع الصلحاء والقراء للختم أو لقراءة سورة الأنعام أو الإخلاص. والحاصل: أن اتخاذ الطعام عند قراءة القرآن لأجل الأكل يكره. وفيها من كتاب الاستحسان: وإن اتخذ طعاماً للفقراء كان حسناً اهـ وأطال في ذلك في المعراج. وقال: وهذه الأفعال كلها للسمعة والرياء فيحترز عنها لأنهم لايريدون بها وجه الله تعالى. اهـ. وبحث هنا في شرح المنية بمعارضة حديث جرير المار بحديث آخر فيه «أنه عليه الصلاة والسلام دعته امرأة رجل ميت لما رجع من دفنه فجاء وجيء بالطعام» . أقول: وفيه نظر، فإنه واقعة حال لا عموم لها مع احتمال سبب خاص، بخلاف ما في حديث جرير. على أنه بحث في المنقول في مذهبنا ومذهب غيرنا كالشافعية والحنابلة استدلالاً بحديث جرير المذكور على الكراهة، ولا سيما إذا كان في الورثة صغار أو غائب، مع قطع النظر عما يحصل عند ذلك غالباً من المنكرات الكثيرة كإيقاد الشموع والقناديل التي توجد في الأفراح، وكدق الطبول، والغناء بالأصوات الحسان، واجتماع النساء والمردان، وأخذ الأجرة على الذكر وقراءة القرآن، وغير ذلك مما هو مشاهد في هذه الأزمان، وما كان كذلك فلا شك في حرمته وبطلان الوصية به، ولا حول ولا قوة إلا بالله العلي العظيم"".</span> </p><p class=""indent"" style=""text-align:left;"">(کتاب الصلاة، باب صلاة الجنازة،ج:۲ ؍ ۲۴۰ ، ط: سعید)</p><p style=""text-align:justify;"">فتح القدیر میں ہے:</p><p class=""indent"" style=""text-align:justify;""><span class=""ar_writing"">""ويكره اتخاذ الضيافة من الطعام من أهل الميت لأنه شرع في السرور لا في الشرور، وهي بدعة مستقبحة. روى الإمام أحمد وابن ماجه بإسناد صحيح عن جرير بن عبد الله قال: كنا نعد الاجتماع إلى أهل الميت وصنعهم الطعام من النياحة. ويستحب لجيران أهل الميت والأقرباء الأباعد تهيئة طعام لهم يشبعهم يومهم وليلتهم؛ لقوله صلى الله عليه وسلم: «اصنعوا لآل جعفر طعاماً فقد جاءهم ما يشغلهم». حسنه الترمذي وصححه الحاكم؛ ولأنه بر ومعروف، ويلح عليهم في الأكل؛ لأن الحزن يمنعهم من ذلك فيضعفون، والله أعلم"". </span></p><p class=""indent"" style=""text-align:left;"">(کتاب الصلاة، قبیل باب الشهید، ج:۲ ؍ ۱۰۲ ، ط: رشیدیه)</p><p class=""indent"" style=""text-align:left;"">فقط واللہ اعلم</p></p><hr class=""big-hr""/>",12-01-2021,200040,banuri.edu.pk,ایمان و عقائد,بدعات اور رسوم,فوتگی، جنازہ، تدفین اور قبور سے متعلقہ بدعات,"<div class=""col-md-12 sawal-jawab""><h3 class=""question_heading"">سوال</h3><p><p style=""text-align:justify;"">ہمارے ہاں جب  کسی گھر میں فوتگی  ہوجاتی ہے تو لوگ دعوت وخیرات کرتے ہیں ، جس میں باہر کے مہمان اور مقامی اس شہر کے لوگوں کو بھی   کھانے میں ٹھہر ادیتےہیں اورسب لوگ دعوت وخیرات کھاکر جاتے ہیں اور اگر دعوت نہ کھائیں تو فوتگی والے ناراض ہو جاتے ہیں ۔ کیا ایسی حالت میں مقامی لوگوں کو دعوت وخیرات کھانی چاہیے اور دعوت وخیرات بھی جنازے کے فوراً بعد دیتے ہیں ؟</p></p><h4 class=""question_heading"">جواب</h4><p><p style=""text-align:justify;"">شرعی حکم یہ ہے کہ جس گھر میں میت ہوجائے ان کے پڑوسیوں اور رشتے داروں کے لیے مستحب اور باعث اجر و ثواب ہے کہ میت کے گھر والوں کے لیے اس دن (دو وقت) کے کھانے کا انتظام کریں اور خود ساتھ بیٹھ کر، اصرار کر کے ان کو کھلائیں،اور ضرورت ہو تو تین دن تک کھانا کھلانا بھی جائز ہے۔</p><p style=""text-align:justify;"">لیکن اس کے برعکس میت کے گھرانے والوں کا عام لوگوں کے لیے دعوت و خیرات کا اہتمام کرنا درست نہیں ہے،  ہاں! جو لوگ دور دراز سے جنازہ میں شرکت کے لیے آتے ہیں او رکسی وجہ سے واپس نہیں ہوسکتے اور  اہلِ میت یا ان کے قریبی اعزہ ان کے لیے کھانے کا نظم کردیں تو اس میں مضائقہ نہیں ہے اور ان کے لیے میت کے گھر کھانے میں حرج نہیں اور وہ کھانا خود میت کے گھر بھی پکایا جا سکتا ہے اور نزدیک پڑوسی کے گھر میں بھی، دونوں صورتوں میں کوئی حرج نہیں۔</p><p style=""text-align:justify;"">حاصل یہ ہے کہ جنازے یا تعزیت میں آنے والے افراد کو جنازے اور تعزیت سے فارغ ہوکر   اپنے اپنے گھروں کو واپس  چلے جانا چاہیے، میت کے گھر قیام بھی نہیں کرنا چاہیے اور اہلِ میت کے یہاں ضیافت و دعوت بھی نہیں کھانی چاہیے، خواہ  میت کے اہلِ خانہ اصرار کریں، کیوں کہ دعوت کا کھانا تو خوشی کے موقع پر مشروع ہے نہ کہ غم کے موقع پر، اسی لیے فقہاء نے تعزیت کے موقع پر کھانے کی دعوت کو مکروہ اور بدعتِ مستقبحہ قرار دیا ہے۔</p><p style=""text-align:justify;"">مرقاۃ المفاتیح میں ہے:</p><p class=""indent"" style=""text-align:justify;""><span class=""ar_writing"">""والمعنى: جاءهم ما يمنعهم من الحزن عن تهيئة الطعام لأنفسهم، فيحصل لهم الضرر وهم لايشعرون. قال الطيبي: دل على أنه يستحب للأقارب والجيران تهيئة طعام لأهل الميت اهـ. والمراد طعام يشبعهم يومهم وليلتهم، فإن الغالب أن الحزن الشاغل عن تناول الطعام لايستمر أكثر من يوم، وقيل: يحمل لهم طعام إلى ثلاثة أيام مدة التعزية، ثم إذا صنع لهم ما ذكر من أن يلح عليهم في الأكل لئلايضعفوا بتركه استحياء، أو لفرط جزع، واصطناعه من بعيد أو قريب للنائحات شديد التحريم ؛ لأنه إعانة على المعصية، واصطناع أهل البيت له لأجل اجتماع الناس عليه بدعة مكروهة، بل صح عن جرير رضي الله عنه: كنا نعده من النياحة، وهو ظاهر في التحريم. قال الغزالي: ويكره الأكل منه، قلت: وهذا إذا لم يكن من مال اليتيم أو الغائب، وإلا فهو حرام بلا خلاف"". </span></p><p class=""indent"" style=""text-align:left;"">(کتاب الجنائز، باب البکاء علی المیت،الفصل الثاني،ج:۴؍ ۱۹۴ ،ط: رشیدیه) </p><p style=""text-align:justify;"">  فتاویٰ شامی میں ہے:</p><p class=""indent"" style=""text-align:justify;""><span class=""ar_writing"">""(قوله: وباتخاذ طعام لهم) قال في الفتح: ويستحب لجيران أهل الميت والأقرباء الأباعد تهيئة طعام لهم يشبعهم يومهم وليلتهم، لقوله صلى الله عليه وسلم: «اصنعوا لآل جعفر طعاماً فقد جاءهم ما يشغلهم». حسنه الترمذي وصححه الحاكم؛ ولأنه بر ومعروف، ويلح عليهم في الأكل؛ لأن الحزن يمنعهم من ذلك فيضعفون. اهـ.</span></p><p class=""indent"" style=""text-align:justify;""><span class=""ar_writing"">مطلب في كراهة الضيافة من أهل الميت</span></p><p class=""indent"" style=""text-align:justify;""><span class=""ar_writing"">وقال أيضاً: ويكره اتخاذ الضيافة من الطعام من أهل الميت؛ لأنه شرع في السرور لا في الشرور، وهي بدعة مستقبحة: وروى الإمام أحمد وابن ماجه بإسناد صحيح عن جرير بن عبد الله قال: "" كنا نعد الاجتماع إلى أهل الميت وصنعهم الطعام من النياحة "". اهـ. وفي البزازية: ويكره اتخاذ الطعام في اليوم الأول والثالث وبعد الأسبوع ونقل الطعام إلى القبر في المواسم، واتخاذ الدعوة لقراءة القرآن وجمع الصلحاء والقراء للختم أو لقراءة سورة الأنعام أو الإخلاص. والحاصل: أن اتخاذ الطعام عند قراءة القرآن لأجل الأكل يكره. وفيها من كتاب الاستحسان: وإن اتخذ طعاماً للفقراء كان حسناً اهـ وأطال في ذلك في المعراج. وقال: وهذه الأفعال كلها للسمعة والرياء فيحترز عنها لأنهم لايريدون بها وجه الله تعالى. اهـ. وبحث هنا في شرح المنية بمعارضة حديث جرير المار بحديث آخر فيه «أنه عليه الصلاة والسلام دعته امرأة رجل ميت لما رجع من دفنه فجاء وجيء بالطعام» . أقول: وفيه نظر، فإنه واقعة حال لا عموم لها مع احتمال سبب خاص، بخلاف ما في حديث جرير. على أنه بحث في المنقول في مذهبنا ومذهب غيرنا كالشافعية والحنابلة استدلالاً بحديث جرير المذكور على الكراهة، ولا سيما إذا كان في الورثة صغار أو غائب، مع قطع النظر عما يحصل عند ذلك غالباً من المنكرات الكثيرة كإيقاد الشموع والقناديل التي توجد في الأفراح، وكدق الطبول، والغناء بالأصوات الحسان، واجتماع النساء والمردان، وأخذ الأجرة على الذكر وقراءة القرآن، وغير ذلك مما هو مشاهد في هذه الأزمان، وما كان كذلك فلا شك في حرمته وبطلان الوصية به، ولا حول ولا قوة إلا بالله العلي العظيم"".</span> </p><p class=""indent"" style=""text-align:left;"">(کتاب الصلاة، باب صلاة الجنازة،ج:۲ ؍ ۲۴۰ ، ط: سعید)</p><p style=""text-align:justify;"">فتح القدیر میں ہے:</p><p class=""indent"" style=""text-align:justify;""><span class=""ar_writing"">""ويكره اتخاذ الضيافة من الطعام من أهل الميت لأنه شرع في السرور لا في الشرور، وهي بدعة مستقبحة. روى الإمام أحمد وابن ماجه بإسناد صحيح عن جرير بن عبد الله قال: كنا نعد الاجتماع إلى أهل الميت وصنعهم الطعام من النياحة. ويستحب لجيران أهل الميت والأقرباء الأباعد تهيئة طعام لهم يشبعهم يومهم وليلتهم؛ لقوله صلى الله عليه وسلم: «اصنعوا لآل جعفر طعاماً فقد جاءهم ما يشغلهم». حسنه الترمذي وصححه الحاكم؛ ولأنه بر ومعروف، ويلح عليهم في الأكل؛ لأن الحزن يمنعهم من ذلك فيضعفون، والله أعلم"". </span></p><p class=""indent"" style=""text-align:left;"">(کتاب الصلاة، قبیل باب الشهید، ج:۲ ؍ ۱۰۲ ، ط: رشیدیه)</p><p class=""indent"" style=""text-align:left;"">فقط واللہ اعلم</p></p><hr class=""big-hr""/><div class=""col-sm-6 col-md-6""><p class=""question_heading"" style=""color:#73161f"">فتویٰ نمبر : <a id=""fatwa_number"">200040</a></p></div><div class=""col-sm-6 col-md-6""><p style=""color:#73161f"">دارالافتاء :
                                جامعہ علوم اسلامیہ علامہ محمد یوسف بنوری ٹاؤن</p></div><hr class=""big-hr""/><div class=""col-sm-4 col-md-4""><div class=""tag""><a href=""https://www.banuri.edu.pk/questions/kitab/aqaed""><i class=""icon-docs-bold""></i> ایمان و عقائد</a></div></div><div class=""col-sm-4 col-md-4""><div class=""tag""><a href=""https://www.banuri.edu.pk/questions/bab/bidaat-rasoomat""><i class=""icon-docs-bold""></i> بدعات اور رسوم</a></div></div><div class=""col-sm-4 col-md-4""><div class=""tag""><a href=""https://www.banuri.edu.pk/questions/fasal/fotgi-janaza-tadfeen-aur-quboor-se-mutalliqa-bidaat""><i class=""icon-docs-bold""></i> فوتگی، جنازہ، تدفین اور قبور سے متعلقہ بدعات</a></div></div></div>"
https://www.banuri.edu.pk/readquestion/pri-zy-name-rkhna-144203201107/06-11-2020,پری زے نام رکھنا,"<p><p style=""text-align:justify;"">""پری زے"" نام رکھنا کیسا ہے؟</p></p>","<p><p style=""text-align:justify;"">""پری زے""  نام بظاہر دو الفاظ ""پری"" اور ""زے"" سے   مرکب  ہے۔ ""پری""  فارسی زبان کا لفظ ہے ، جس کامعنی ہے جنات  کی جنس میں سے خوب صورت عورت۔(فیروزاللغات،فارسی اودو،ص:178، ط:فیروز سنز) اور ""زے"" کا معنی ہمیں تلاش بسیار کے باوجود نہیں ملا۔اس لیے یہ نام رکھنا مناسب نہیں ہے۔اس کی بجائے صحابیات رضی اللہ عنہن یا بامعنی عربی ناموں میں سے کسی نام کا انتخاب کیا جائے۔ اس سلسلہ میں ہماری ویب سائٹ اور ایپلی کیشن میں ""اسلامی ناموں"" کےعنوان سے ایک آپشن موجود ہے،اس میں سے بھی آپ نام کا انتخاب کرسکتے ہیں۔ فقط واللہ اعلم</p></p><hr class=""big-hr""/>",06-11-2020,144203201107,banuri.edu.pk,حقوق و آدابِ معاشرت,حقوق,اولاد کے حقوق,"<div class=""col-md-12 sawal-jawab""><h3 class=""question_heading"">سوال</h3><p><p style=""text-align:justify;"">""پری زے"" نام رکھنا کیسا ہے؟</p></p><h4 class=""question_heading"">جواب</h4><p><p style=""text-align:justify;"">""پری زے""  نام بظاہر دو الفاظ ""پری"" اور ""زے"" سے   مرکب  ہے۔ ""پری""  فارسی زبان کا لفظ ہے ، جس کامعنی ہے جنات  کی جنس میں سے خوب صورت عورت۔(فیروزاللغات،فارسی اودو،ص:178، ط:فیروز سنز) اور ""زے"" کا معنی ہمیں تلاش بسیار کے باوجود نہیں ملا۔اس لیے یہ نام رکھنا مناسب نہیں ہے۔اس کی بجائے صحابیات رضی اللہ عنہن یا بامعنی عربی ناموں میں سے کسی نام کا انتخاب کیا جائے۔ اس سلسلہ میں ہماری ویب سائٹ اور ایپلی کیشن میں ""اسلامی ناموں"" کےعنوان سے ایک آپشن موجود ہے،اس میں سے بھی آپ نام کا انتخاب کرسکتے ہیں۔ فقط واللہ اعلم</p></p><hr class=""big-hr""/><div class=""col-sm-6 col-md-6""><p class=""question_heading"" style=""color:#73161f"">فتویٰ نمبر : <a id=""fatwa_number"">144203201107</a></p></div><div class=""col-sm-6 col-md-6""><p style=""color:#73161f"">دارالافتاء :
                                جامعہ علوم اسلامیہ علامہ محمد یوسف بنوری ٹاؤن</p></div><hr class=""big-hr""/><div class=""col-sm-4 col-md-4""><div class=""tag""><a href=""https://www.banuri.edu.pk/questions/kitab/huqooq-muashret""><i class=""icon-docs-bold""></i> حقوق و آدابِ معاشرت</a></div></div><div class=""col-sm-4 col-md-4""><div class=""tag""><a href=""https://www.banuri.edu.pk/questions/bab/bahmi-huqooq""><i class=""icon-docs-bold""></i> حقوق</a></div></div><div class=""col-sm-4 col-md-4""><div class=""tag""><a href=""https://www.banuri.edu.pk/questions/fasal/olad-ky-hoqoq""><i class=""icon-docs-bold""></i> اولاد کے حقوق</a></div></div></div>"
https://www.banuri.edu.pk/readquestion/masjed-ky-imam-ka-masjid-ky-peson-me-kharch-karny-ka-hukm-144203201393/12-11-2020,مسجد کے امام کا مسجد کے پیسوں میں سے خرچ کرنے کا حکم,"<p><p style=""text-align:justify;"">اگر اهلِ محله امام کے  ساتھ تعاون نہیں کرتے، تو امام مسجد کے پیسوں میں سے خرچ کرسکتا هے؟ اگر نہیں کرسکتا تو کیا صورت هوگی؟</p></p>","<p><p style=""text-align:justify;"">بصورتِ مسئولہ مسجد کے  لیے جو  لوگ پیسہ دیتے ہیں  ان کا مقصد مسجد  کی ضروریات کی تکمیل ہوتی ہے اور امامت بھی مسجد کی ضروریات میں داخل ہے، لہذا  مسجد کےامام  کا مسجد کے پیسوں میں سے بطور تنخواہ پیسے استعمال کرنا جائز ہے، تاہم ان کو چاہیے کہ گاؤں یا محلہ کے دو، تین دِین  دار اور امانت دار افرادکو اعتماد میں لے کر ان کے مشورہ سے اپنے لیے بطورِ امامِ مسجد،  بقدرِ ضرورت ماہانہ تنخواہ مقرر کرلیں، ایسا کرنے کے بعد ان کے لیے مسجد کے پیسوں میں  سے اپنے لیے ماہانہ مقرر شدہ تنخواہ کے بقدر رقم لینے کی گنجائش ہوگی۔  البتہ بلاحساب  اپنی ہی مرضی سے جب چاہے، جتنی چاہے مسجد کے پیسوں میں سے رقم لینا جائز نہیں ہے۔ </p><p style=""text-align:justify;"">فتاوی ہندیہ میں ہے:</p><p class=""indent"" style=""text-align:justify;""><span class=""ar_writing"">""الذي يبدأ من ارتفاع الوقف عمارته شرط الواقف أم لا، ثم ما هو أقرب إلى العمارة وأعم للمصلحة كالإمام للمسجد والمدرس للمدرسة يصرف إليهم بقدر كفايتهم، كذا في السراج.""</span></p><p class=""indent"" style=""text-align:left;""><span class=""ar_writing"">(الباب الثالث فى المصارف، الفصل الاول فيمايكون مصرفاللوقف، ج:2، ص:368، ط:مكتبة رشيدية)</span></p><p class=""indent"" style=""text-align:left;""><span class=""ar_writing"">فقط والله أعلم</span></p></p><hr class=""big-hr""/>",12-11-2020,144203201393,banuri.edu.pk,نماز,مسجد کے آداب و احکام,مسجد کی اشیاء کا استعمال,"<div class=""col-md-12 sawal-jawab""><h3 class=""question_heading"">سوال</h3><p><p style=""text-align:justify;"">اگر اهلِ محله امام کے  ساتھ تعاون نہیں کرتے، تو امام مسجد کے پیسوں میں سے خرچ کرسکتا هے؟ اگر نہیں کرسکتا تو کیا صورت هوگی؟</p></p><h4 class=""question_heading"">جواب</h4><p><p style=""text-align:justify;"">بصورتِ مسئولہ مسجد کے  لیے جو  لوگ پیسہ دیتے ہیں  ان کا مقصد مسجد  کی ضروریات کی تکمیل ہوتی ہے اور امامت بھی مسجد کی ضروریات میں داخل ہے، لہذا  مسجد کےامام  کا مسجد کے پیسوں میں سے بطور تنخواہ پیسے استعمال کرنا جائز ہے، تاہم ان کو چاہیے کہ گاؤں یا محلہ کے دو، تین دِین  دار اور امانت دار افرادکو اعتماد میں لے کر ان کے مشورہ سے اپنے لیے بطورِ امامِ مسجد،  بقدرِ ضرورت ماہانہ تنخواہ مقرر کرلیں، ایسا کرنے کے بعد ان کے لیے مسجد کے پیسوں میں  سے اپنے لیے ماہانہ مقرر شدہ تنخواہ کے بقدر رقم لینے کی گنجائش ہوگی۔  البتہ بلاحساب  اپنی ہی مرضی سے جب چاہے، جتنی چاہے مسجد کے پیسوں میں سے رقم لینا جائز نہیں ہے۔ </p><p style=""text-align:justify;"">فتاوی ہندیہ میں ہے:</p><p class=""indent"" style=""text-align:justify;""><span class=""ar_writing"">""الذي يبدأ من ارتفاع الوقف عمارته شرط الواقف أم لا، ثم ما هو أقرب إلى العمارة وأعم للمصلحة كالإمام للمسجد والمدرس للمدرسة يصرف إليهم بقدر كفايتهم، كذا في السراج.""</span></p><p class=""indent"" style=""text-align:left;""><span class=""ar_writing"">(الباب الثالث فى المصارف، الفصل الاول فيمايكون مصرفاللوقف، ج:2، ص:368، ط:مكتبة رشيدية)</span></p><p class=""indent"" style=""text-align:left;""><span class=""ar_writing"">فقط والله أعلم</span></p></p><hr class=""big-hr""/><div class=""col-sm-6 col-md-6""><p class=""question_heading"" style=""color:#73161f"">فتویٰ نمبر : <a id=""fatwa_number"">144203201393</a></p></div><div class=""col-sm-6 col-md-6""><p style=""color:#73161f"">دارالافتاء :
                                جامعہ علوم اسلامیہ علامہ محمد یوسف بنوری ٹاؤن</p></div><hr class=""big-hr""/><div class=""col-sm-4 col-md-4""><div class=""tag""><a href=""https://www.banuri.edu.pk/questions/kitab/salat""><i class=""icon-docs-bold""></i> نماز</a></div></div><div class=""col-sm-4 col-md-4""><div class=""tag""><a href=""https://www.banuri.edu.pk/questions/bab/masjid-k-aadab-o-ahkaam""><i class=""icon-docs-bold""></i> مسجد کے آداب و احکام</a></div></div><div class=""col-sm-4 col-md-4""><div class=""tag""><a href=""https://www.banuri.edu.pk/questions/fasal/masjid-ki-ashyaa-ka-istemal""><i class=""icon-docs-bold""></i> مسجد کی اشیاء کا استعمال</a></div></div></div>"
https://www.banuri.edu.pk/readquestion/bv-sy-istemtaa-or-gusal-ka-hukum-144203201178/08-11-2020,بیوی سے استمتاع کی صورتیں اور غسل کا حکم,"<p><p style=""text-align:justify;"">اگر کوئی شخص اپنی بیوی کے اوپر لیٹتا ہے کپڑے پہن کر  کچھ سکون حاصل کرنے کے لیے، یا اس کے جسم پر یا نیچے حصے پر ہاتھ پھیرتا ہے لیکن کوئی اخراج نہیں ہوتا۔ تو کیا پھر بھی غسل واجب ہو جاتا ہے۔ اور یہ بھی بتادیں نیچے حصے میں ہاتھ پھیرنا یا انگلی کا ڈالنا گناہ ہے؟</p></p>","<p><p style=""text-align:justify;"">اگر کوئی شخص اپنی بیوی پر لیٹتا ہے یا اس کے جسم پر ہاتھ پھیرتا ہے،  لیکن اس عمل سے منی بھی خارج نہ ہو تو اس صورت میں غسل لازم نہیں ہوتا۔</p><p style=""text-align:justify;"">البتہ اس ملاعبت میں اگر مذی  خارج ہوجائے  تو  اس کے خروج سے  وضو ٹوٹ جاتاہے، غسل فرض نہیں ہوتا، اور  نماز و دیگر عبادات، جیسے قرآن مجید کی تلاوت وغیرہ کے لیے وضو کرنا ضروری ہوتا ہے۔</p><p style=""text-align:justify;"">اور اگر اس حالت میں منی خارج ہوجائے خواہ جماع نہ بھی کیا ہو تو جب یہ شہوت کے ساتھ کود کر خارج ہو تو اس کے خروج سے غسل واجب ہوجائے گا۔</p><p style=""text-align:justify;"">یہ بھی یاد رہے کہ منی اور مذی  دونوں  نجاستِ غلیظہ ہیں، اور ان کا حکم یہ ہے کہ اگر یہ ایک درہم (5.94 مربع سینٹی میٹر پھیلاؤ)سے کم مقدارمیں کپڑے پرلگی ہوں تو  (اگرچہ اس مقدار کو بھی دھولیناچاہیے تاہم ) وہ معاف ہے، یعنی  ایسے کپڑے میں نمازکراہت کے ساتھ ہوجائے گی۔ اوراگرایک درہم کی مقدارسےزائد لگی ہوں تو ایسے کپڑے میں نمازنہیں ہوگی۔منی اور  مذی کپڑے کے جس حصے میں لگی ہو، اس حصے کو پاک کرنے کے لیے بہتے پانی یا زیادہ پانی سے اتنا دھولیا جائے کہ تسلی ہوجائے کہ اس نجاست کا اثر زائل ہوگیا ہے۔ اگر کسی کو  اطمینان نہ ہو تو اسے چاہیے کہ ناپاک کپڑے کو تین مرتبہ اچھی طرح دھوئے اور ہر مرتبہ دھونے کے بعد اچھی طرح نچوڑ دے کہ پانی کے قطرے ٹپکنا بند ہوجائیں، اس طرح تین مرتبہ دھونے سے وہ پاک ہوجائے گا۔</p><p style=""text-align:justify;"">بیوی جب حیض کی حالت میں نہ ہوتو  اس کے جسم کے نچلے حصے(ناف تا گھٹنے) پر ہاتھ پھیرنا درست ہے،  البتہ  ماہواری کے ایام میں بیوی کی ناف سے لے کر گھٹنوں تک کے حصہ سے بغیر حائل کے نفع اٹھانا شوہر کے لیے شرعاً ممنوع قرار دیاگیاہے، البتہ اس حصہ کے علاوہ باقی تمام بدن سے  فائدہ اٹھانے کی شرعاً اجازت ہے۔</p><p style=""text-align:justify;"">عورت کی شرمگاہ میں بلاکسی ضرورت کے انگلی داخل کرنا پسندیدہ نہیں۔  البتہ اس صورت میں غسل سے متعلق تفصیل یہ ہے کہ :</p><p style=""text-align:justify;"">اگر شوہرنے بیوی کی شرم گاہ(فرج)میں انگلی داخل کی اور عورت کو اس سے شہوت نہیں ہوئی تو اس صورت میں غسل واجب نہیں ہوگا۔ البتہ اگر میاں بیوی شہوت کی بنا پر یہ عمل کریں اور شوہر اپنی انگلی عورت کی شرم گاہ میں داخل کرے تو بعض فقہاء کے قول کے مطابق غسل لازم ہوجاتاہے، احتیاط اسی قول میں ہے، لہذا شہوت ہونے کی صورت میں عورت غسل کرے۔اور اگر مرد کے انگلی داخل کرنے کی وجہ سے عورت کی منی خارج ہوگئی توعورت پر  بالاتفاق غسل واجب ہوجائے گا۔</p><p style=""text-align:justify;"">مراقي الفلاح  میں ہے:</p><p class=""indent"" style=""text-align:justify;""><span class=""ar_writing"">""منها مذي.... وهو ماء أبيض رقيق يخرج عند شهوة لا بشهوة ولا دفق ولا يعقبه فتور وربما لا يحس بخروجه وهو أغلب في النساء من الرجال.ويسمى في جانب النساء قذى بفتح القاف والدال المعجمة. ""و"" منها ""ودي"" بإسكان الدال المهملة وتخفيف الياء وهو ماء أبيض كدر ثخين لا رائحة له يعقب البول وقد يسبقه أجمع العلماء على أنه لايجب الغسل بخروج المذي والودي"".</span></p><p class=""indent"" style=""text-align:left;"">(حاشية الطحطاوی علی المراقي، فصل: عشرة أشياء لايغتسل، ١ / ١٠٠ - ١٠١)</p><p style=""text-align:justify;"">تنوير الأبصار مع الدر المختار میں ہے:</p><p class=""indent"" style=""text-align:justify;""><span class=""ar_writing"">""(لَا) عِنْدَ (مَذْيٍ أَوْ وَدْيٍ) بَلْ الْوُضُوءُ مِنْهُ وَمِنْ الْبَوْلِ جَمِيعًا عَلَى الظَّاهِرِ"".</span></p><p class=""indent"" style=""text-align:left;"">(الشامیة، ١/ ١٦٥،ط: سعيد)</p><p style=""text-align:justify;"">فتاویٰ شامی میں ہے:</p><p class=""indent"" style=""text-align:justify;""><span class=""ar_writing"">""( وعفا ) الشارع ( عن قدر درهم ) وإن كره تحريماً، فيجب غسله وما دونه تنزيهاً فيسن، وفوقه مبطل ( وهو مثقال ) عشرون قيراطاً ( في ) نجس ( كثيف ) له جرم (وعرض مقعر الكف ) وهو داخل مفاصل أصابع اليد ( في رقيق من مغلظة كعذرة ) آدمي وكذا كل ما خرج منه موجبا لوضوء أو غسل مغلظ"".</span></p><p class=""indent"" style=""text-align:left;"">(1/316،ط:سعید)</p><p style=""text-align:justify;"">''البحرالرائق'' میں ہے:</p><p style=""text-align:justify;""> </p><p class=""indent"" style=""text-align:justify;""><span class=""ar_writing"">''( قوله : وفي فتح القدير أن في إدخال الإصبع الدبر خلافاً إلخ ) ذكر العلامة الحلبي هنا تفصيلاً، فقال: والأولى أن يجب في القبل إذا قصد الاستمتاع ؛ لغلبة الشهوة ؛ لأن الشهوة فيهن غالبة فيقام السبب مقام المسبب وهو الإنزال دون الدبر لعدمها''۔ </span>(1/229)</p><p style=""text-align:justify;"">''تنویر الابصار مع الدر المختار'' میں ہے:</p><p class=""indent"" style=""text-align:justify;""><span class=""ar_writing"">''(و) يمنع... (و قربان ماتحت إزار) يعني مابين سرة و ركبة ولو بلاشهوة و حل ماعداه مطلقاً''.</span></p><p class=""indent"" style=""text-align:left;"">(باب الحيض ١/ ٢٩٢، ط:سعيد)</p><p class=""indent"" style=""text-align:left;"">-(امدادالاحکام ،جلد اول،ص:39)</p><p class=""indent"" style=""text-align:left;"">فقط والله أعلم</p></p><hr class=""big-hr""/>",08-11-2020,144203201178,banuri.edu.pk,طہارت,غسل,موجبات غسل,"<div class=""col-md-12 sawal-jawab""><h3 class=""question_heading"">سوال</h3><p><p style=""text-align:justify;"">اگر کوئی شخص اپنی بیوی کے اوپر لیٹتا ہے کپڑے پہن کر  کچھ سکون حاصل کرنے کے لیے، یا اس کے جسم پر یا نیچے حصے پر ہاتھ پھیرتا ہے لیکن کوئی اخراج نہیں ہوتا۔ تو کیا پھر بھی غسل واجب ہو جاتا ہے۔ اور یہ بھی بتادیں نیچے حصے میں ہاتھ پھیرنا یا انگلی کا ڈالنا گناہ ہے؟</p></p><h4 class=""question_heading"">جواب</h4><p><p style=""text-align:justify;"">اگر کوئی شخص اپنی بیوی پر لیٹتا ہے یا اس کے جسم پر ہاتھ پھیرتا ہے،  لیکن اس عمل سے منی بھی خارج نہ ہو تو اس صورت میں غسل لازم نہیں ہوتا۔</p><p style=""text-align:justify;"">البتہ اس ملاعبت میں اگر مذی  خارج ہوجائے  تو  اس کے خروج سے  وضو ٹوٹ جاتاہے، غسل فرض نہیں ہوتا، اور  نماز و دیگر عبادات، جیسے قرآن مجید کی تلاوت وغیرہ کے لیے وضو کرنا ضروری ہوتا ہے۔</p><p style=""text-align:justify;"">اور اگر اس حالت میں منی خارج ہوجائے خواہ جماع نہ بھی کیا ہو تو جب یہ شہوت کے ساتھ کود کر خارج ہو تو اس کے خروج سے غسل واجب ہوجائے گا۔</p><p style=""text-align:justify;"">یہ بھی یاد رہے کہ منی اور مذی  دونوں  نجاستِ غلیظہ ہیں، اور ان کا حکم یہ ہے کہ اگر یہ ایک درہم (5.94 مربع سینٹی میٹر پھیلاؤ)سے کم مقدارمیں کپڑے پرلگی ہوں تو  (اگرچہ اس مقدار کو بھی دھولیناچاہیے تاہم ) وہ معاف ہے، یعنی  ایسے کپڑے میں نمازکراہت کے ساتھ ہوجائے گی۔ اوراگرایک درہم کی مقدارسےزائد لگی ہوں تو ایسے کپڑے میں نمازنہیں ہوگی۔منی اور  مذی کپڑے کے جس حصے میں لگی ہو، اس حصے کو پاک کرنے کے لیے بہتے پانی یا زیادہ پانی سے اتنا دھولیا جائے کہ تسلی ہوجائے کہ اس نجاست کا اثر زائل ہوگیا ہے۔ اگر کسی کو  اطمینان نہ ہو تو اسے چاہیے کہ ناپاک کپڑے کو تین مرتبہ اچھی طرح دھوئے اور ہر مرتبہ دھونے کے بعد اچھی طرح نچوڑ دے کہ پانی کے قطرے ٹپکنا بند ہوجائیں، اس طرح تین مرتبہ دھونے سے وہ پاک ہوجائے گا۔</p><p style=""text-align:justify;"">بیوی جب حیض کی حالت میں نہ ہوتو  اس کے جسم کے نچلے حصے(ناف تا گھٹنے) پر ہاتھ پھیرنا درست ہے،  البتہ  ماہواری کے ایام میں بیوی کی ناف سے لے کر گھٹنوں تک کے حصہ سے بغیر حائل کے نفع اٹھانا شوہر کے لیے شرعاً ممنوع قرار دیاگیاہے، البتہ اس حصہ کے علاوہ باقی تمام بدن سے  فائدہ اٹھانے کی شرعاً اجازت ہے۔</p><p style=""text-align:justify;"">عورت کی شرمگاہ میں بلاکسی ضرورت کے انگلی داخل کرنا پسندیدہ نہیں۔  البتہ اس صورت میں غسل سے متعلق تفصیل یہ ہے کہ :</p><p style=""text-align:justify;"">اگر شوہرنے بیوی کی شرم گاہ(فرج)میں انگلی داخل کی اور عورت کو اس سے شہوت نہیں ہوئی تو اس صورت میں غسل واجب نہیں ہوگا۔ البتہ اگر میاں بیوی شہوت کی بنا پر یہ عمل کریں اور شوہر اپنی انگلی عورت کی شرم گاہ میں داخل کرے تو بعض فقہاء کے قول کے مطابق غسل لازم ہوجاتاہے، احتیاط اسی قول میں ہے، لہذا شہوت ہونے کی صورت میں عورت غسل کرے۔اور اگر مرد کے انگلی داخل کرنے کی وجہ سے عورت کی منی خارج ہوگئی توعورت پر  بالاتفاق غسل واجب ہوجائے گا۔</p><p style=""text-align:justify;"">مراقي الفلاح  میں ہے:</p><p class=""indent"" style=""text-align:justify;""><span class=""ar_writing"">""منها مذي.... وهو ماء أبيض رقيق يخرج عند شهوة لا بشهوة ولا دفق ولا يعقبه فتور وربما لا يحس بخروجه وهو أغلب في النساء من الرجال.ويسمى في جانب النساء قذى بفتح القاف والدال المعجمة. ""و"" منها ""ودي"" بإسكان الدال المهملة وتخفيف الياء وهو ماء أبيض كدر ثخين لا رائحة له يعقب البول وقد يسبقه أجمع العلماء على أنه لايجب الغسل بخروج المذي والودي"".</span></p><p class=""indent"" style=""text-align:left;"">(حاشية الطحطاوی علی المراقي، فصل: عشرة أشياء لايغتسل، ١ / ١٠٠ - ١٠١)</p><p style=""text-align:justify;"">تنوير الأبصار مع الدر المختار میں ہے:</p><p class=""indent"" style=""text-align:justify;""><span class=""ar_writing"">""(لَا) عِنْدَ (مَذْيٍ أَوْ وَدْيٍ) بَلْ الْوُضُوءُ مِنْهُ وَمِنْ الْبَوْلِ جَمِيعًا عَلَى الظَّاهِرِ"".</span></p><p class=""indent"" style=""text-align:left;"">(الشامیة، ١/ ١٦٥،ط: سعيد)</p><p style=""text-align:justify;"">فتاویٰ شامی میں ہے:</p><p class=""indent"" style=""text-align:justify;""><span class=""ar_writing"">""( وعفا ) الشارع ( عن قدر درهم ) وإن كره تحريماً، فيجب غسله وما دونه تنزيهاً فيسن، وفوقه مبطل ( وهو مثقال ) عشرون قيراطاً ( في ) نجس ( كثيف ) له جرم (وعرض مقعر الكف ) وهو داخل مفاصل أصابع اليد ( في رقيق من مغلظة كعذرة ) آدمي وكذا كل ما خرج منه موجبا لوضوء أو غسل مغلظ"".</span></p><p class=""indent"" style=""text-align:left;"">(1/316،ط:سعید)</p><p style=""text-align:justify;"">''البحرالرائق'' میں ہے:</p><p style=""text-align:justify;""> </p><p class=""indent"" style=""text-align:justify;""><span class=""ar_writing"">''( قوله : وفي فتح القدير أن في إدخال الإصبع الدبر خلافاً إلخ ) ذكر العلامة الحلبي هنا تفصيلاً، فقال: والأولى أن يجب في القبل إذا قصد الاستمتاع ؛ لغلبة الشهوة ؛ لأن الشهوة فيهن غالبة فيقام السبب مقام المسبب وهو الإنزال دون الدبر لعدمها''۔ </span>(1/229)</p><p style=""text-align:justify;"">''تنویر الابصار مع الدر المختار'' میں ہے:</p><p class=""indent"" style=""text-align:justify;""><span class=""ar_writing"">''(و) يمنع... (و قربان ماتحت إزار) يعني مابين سرة و ركبة ولو بلاشهوة و حل ماعداه مطلقاً''.</span></p><p class=""indent"" style=""text-align:left;"">(باب الحيض ١/ ٢٩٢، ط:سعيد)</p><p class=""indent"" style=""text-align:left;"">-(امدادالاحکام ،جلد اول،ص:39)</p><p class=""indent"" style=""text-align:left;"">فقط والله أعلم</p></p><hr class=""big-hr""/><div class=""col-sm-6 col-md-6""><p class=""question_heading"" style=""color:#73161f"">فتویٰ نمبر : <a id=""fatwa_number"">144203201178</a></p></div><div class=""col-sm-6 col-md-6""><p style=""color:#73161f"">دارالافتاء :
                                جامعہ علوم اسلامیہ علامہ محمد یوسف بنوری ٹاؤن</p></div><hr class=""big-hr""/><div class=""col-sm-4 col-md-4""><div class=""tag""><a href=""https://www.banuri.edu.pk/questions/kitab/taharat""><i class=""icon-docs-bold""></i> طہارت</a></div></div><div class=""col-sm-4 col-md-4""><div class=""tag""><a href=""https://www.banuri.edu.pk/questions/bab/ghusl""><i class=""icon-docs-bold""></i> غسل</a></div></div><div class=""col-sm-4 col-md-4""><div class=""tag""><a href=""https://www.banuri.edu.pk/questions/fasal/moojibaat-e-gusal""><i class=""icon-docs-bold""></i> موجبات غسل</a></div></div></div>"
https://www.banuri.edu.pk/readquestion/razaat-ki-aek-sorat-ka-hukum-144203201373/11-11-2020,رضاعت کی ایک صورت کا حکم,"<p><p style=""text-align:justify;"">ایک بچی نے چچیری نا نی کا دودھ پیا، تو اس بچی کے والد کے لیے  چچیری نانی کی بیٹی سے شادی کرنا کیسا ہے ؟یعنی ایک بچی ہے، جس کا نام رقیہ ہے، اس نے فاطمہ نام کی عورت کا دودھ پیا ، اور فاطمہ کی ایک بیٹی ہے،جس کا نام رشدہ ہے ، اس بچی کے والد کا رشدہ نامی لڑکی سے شادی کرنا کیسا ہے؟</p></p>","<p><p style=""text-align:justify;"">مذکورہ صورت میں رقیہ کے والد کا فاطمہ کی بیٹی رشدہ سے شادی کرنا صحیح ہے ،اس لیے  کہ رقیہ کے فاطمہ کے دودھ پینے سے رقیہ کی فاطمہ اور فاطمہ کے شوہر اور دیگر بچوں وغیرہ سے حرمتِ  رضاعت ثابت ہوئی ہے،رقیہ کے والد کی فاطمہ یا اس کے اولاد سے حرمتِ  رضاعت ثابت نہیں ہوئی ۔</p><p style=""text-align:justify;""><span class=""ar_writing"">وفي الدر المختار وحاشية ابن عابدين:</span></p><p class=""indent"" style=""text-align:justify;""><span class=""ar_writing"">(ويثبت به) ولو بين الحربيين بزازية (وإن قل) ....(أمومية المرضعة للرضيع، و) يثبت (أبوة زوج مرضعة) إذا كان (لبنها منه) (له) وإلا لا كما سيجي(فيحرم منه) أي بسببه (ما يحرم من النسب).</span></p><p class=""indent"" style=""text-align:left;""><span class=""ar_writing"">(رد المحتار3/ 212ط:سعيد)</span></p><p class=""indent"" style=""text-align:left;"">فقط واللہ اعلم</p></p><hr class=""big-hr""/>",11-11-2020,144203201373,banuri.edu.pk,رضاعت,رضاعت کے احکام,رضاعت,"<div class=""col-md-12 sawal-jawab""><h3 class=""question_heading"">سوال</h3><p><p style=""text-align:justify;"">ایک بچی نے چچیری نا نی کا دودھ پیا، تو اس بچی کے والد کے لیے  چچیری نانی کی بیٹی سے شادی کرنا کیسا ہے ؟یعنی ایک بچی ہے، جس کا نام رقیہ ہے، اس نے فاطمہ نام کی عورت کا دودھ پیا ، اور فاطمہ کی ایک بیٹی ہے،جس کا نام رشدہ ہے ، اس بچی کے والد کا رشدہ نامی لڑکی سے شادی کرنا کیسا ہے؟</p></p><h4 class=""question_heading"">جواب</h4><p><p style=""text-align:justify;"">مذکورہ صورت میں رقیہ کے والد کا فاطمہ کی بیٹی رشدہ سے شادی کرنا صحیح ہے ،اس لیے  کہ رقیہ کے فاطمہ کے دودھ پینے سے رقیہ کی فاطمہ اور فاطمہ کے شوہر اور دیگر بچوں وغیرہ سے حرمتِ  رضاعت ثابت ہوئی ہے،رقیہ کے والد کی فاطمہ یا اس کے اولاد سے حرمتِ  رضاعت ثابت نہیں ہوئی ۔</p><p style=""text-align:justify;""><span class=""ar_writing"">وفي الدر المختار وحاشية ابن عابدين:</span></p><p class=""indent"" style=""text-align:justify;""><span class=""ar_writing"">(ويثبت به) ولو بين الحربيين بزازية (وإن قل) ....(أمومية المرضعة للرضيع، و) يثبت (أبوة زوج مرضعة) إذا كان (لبنها منه) (له) وإلا لا كما سيجي(فيحرم منه) أي بسببه (ما يحرم من النسب).</span></p><p class=""indent"" style=""text-align:left;""><span class=""ar_writing"">(رد المحتار3/ 212ط:سعيد)</span></p><p class=""indent"" style=""text-align:left;"">فقط واللہ اعلم</p></p><hr class=""big-hr""/><div class=""col-sm-6 col-md-6""><p class=""question_heading"" style=""color:#73161f"">فتویٰ نمبر : <a id=""fatwa_number"">144203201373</a></p></div><div class=""col-sm-6 col-md-6""><p style=""color:#73161f"">دارالافتاء :
                                جامعہ علوم اسلامیہ علامہ محمد یوسف بنوری ٹاؤن</p></div><hr class=""big-hr""/><div class=""col-sm-4 col-md-4""><div class=""tag""><a href=""https://www.banuri.edu.pk/questions/kitab/razaat""><i class=""icon-docs-bold""></i> رضاعت</a></div></div><div class=""col-sm-4 col-md-4""><div class=""tag""><a href=""https://www.banuri.edu.pk/questions/bab/razaat-k-ahkaam""><i class=""icon-docs-bold""></i> رضاعت کے احکام</a></div></div><div class=""col-sm-4 col-md-4""><div class=""tag""><a href=""https://www.banuri.edu.pk/questions/fasal/rizaat""><i class=""icon-docs-bold""></i> رضاعت</a></div></div></div>"
https://www.banuri.edu.pk/readquestion/sirri-namaz-mr-jahar-ka-hukum-144203201328/11-11-2020,سری نماز میں جہر کا حکم,"<p><p style=""text-align:justify;"">سری نمازوں  میں غلطی سے قراءت کا کچھ حصہ جہری  پڑھ  لینے سے سجدہ سہو واجب ہوگا؟</p></p>","<p><p style=""text-align:justify;"">جن نمازوں میں یا جن رکعتوں میں  آہستہ آواز سے قراءت کرنا ضروری ہے، اس میں اگر امام بلند آواز سے تلاوت کرلیتا ہے، یا جن رکعتوں میں بلند آواز سے قراءت کرنا واجب ہے ان میں سے کسی رکعت میں امام آہستہ آواز سے قراءت کرلیتا ہے تو اگر اتنی مقدار بلند آواز سے قراءت کرلے یا آہستہ آواز سے قراءت کرلے جس  مقدارِ قراءت سے نماز درست  ہوجاتی ہے (جس کا اندازہ  فقہاء کرامؒ   نے کلمات کے اعتبار سے دس کلمے، اور حروف کے حساب سے تیس حروف سےکیا ہے) یعنی تین مختصر آیتوں یا ایک لمبی آیت کے بقدر تو  اس سے سجدہ سہو لازم ہوجاتا ہے، صرف ایک دو کلمہ  سری نماز میں  بلند آواز سے،  اور  جہری نمازوں میں آہستہ آواز سے قراءت کرلینے سے سجدہ سہو لازم نہیں ہوتا۔ البتہ اگر  منفرد،  یعنی تنہا نماز پڑھنے والے نے  سری نماز میں  بلند آواز سے،  اور جہری نماز میں آستہ  آواز سے قرأت کی تو  نماز درست ہوجائے گی، اس پر سجدہ سہو بھی  لازم نہیں ہوگا۔</p><p style=""text-align:justify;""><strong>الدر المختار وحاشية ابن عابدين میں ہے:</strong></p><p class=""indent"" style=""text-align:justify;""><span class=""ar_writing"">""[تنبيه] لم أر من قدر أدنى ما يكفي بحد مقدر من الآية الطويلة ... ويفيد قولهم: لو قرأ آية تعدل أقصر سورة جاز، وفي بعض العبارات تعدل ثلاثا قصارا أي كقوله تعالى-: <span class=""qr_writing"">{ثم نظر}</span> [المدثر: 21] <span class=""qr_writing"">{ثم عبس وبسر}</span> [المدثر: 22] <span class=""qr_writing"">{ثم أدبر واستكبر}</span> [المدثر: 23]- وقدرها من حيث الكلمات عشر، ومن حيث الحروف ثلاثون، فلو قرأ - <span class=""qr_writing"">{الله لا إله إلا هو الحي القيوم لا تأخذه سنة ولا نوم}</span> [البقرة: 255]- يبلغ مقدار هذه الآيات الثلاث، فعلى ما قلناه لو اقتصر على هذا القدر في كل ركعة كفى عن الواجب، ولم أر من تعرض لشيء من ذلك فليتأمل.""</span></p><p style=""text-align:justify;""><strong>وفیہ ایضاً: </strong></p><p class=""indent"" style=""text-align:justify;""><span class=""ar_writing""><strong>""(والجهر فيما يخافت فيه) للإمام، (وعكسه) لكل مصل في الأصح، والأصح تقديره (بقدر ما تجوز به الصلاة في الفصلين. وقيل:) قائله قاضي خان، يجب السهو (بهما) أي بالجهر والمخافتة (مطلقاً) أي قل أو كثر ... (قوله: والجهر فيما يخافت فيه للإمام إلخ) في العبارة قلب، وصوابها والجهر فيما يخافت لكل مصل وعكسه للإمام ح وهذا ما صححه في البدائع والدرر، ومال إليه في الفتح وشرح المنية والبحر والنهر والحلية على خلاف ما في الهداية والزيلعي وغيرهما، من أن وجوب الجهر والمخافتة من خصائص الإمام دون المنفرد ... والحاصل: أن الجهر في الجهرية لا يجب على المنفرد اتفاقاً؛ وإنما الخلاف في وجوب الإخفاء عليه في السرية، وظاهر الرواية عدم الوجوب، كما صرح بذلك في التتارخانية عن المحيط، وكذا في الذخيرة وشروح الهداية كالنهاية والكفاية والعناية ومعراج الدراية. وصرحوا بأن وجوب السهو عليه إذا جهر فيما يخافت رواية النوادر اهـ فعلى ظاهر الرواية لا سهو على المنفرد إذا جهر فيما يخافت فيه، وإنما هو على الإمام فقط.""</strong></span></p><p class=""indent"" style=""text-align:left;""><strong>(کتاب الصلاۃ،  باب صفۃ الصلاۃ، ج:1، صفحہ: 537 و538، وفی:</strong><strong style=""font-family:Nafees,sans-serif;font-size:18px;""><span class=""ur_writing"">کتاب الصلاۃ، باب سجود السہو، ج: 2، صفحہ: 81، ط: ایچ، ایم، سعید)</span></strong></p><p style=""text-align:justify;""><strong><span class=""ur_writing"">فتاوی عالمگیری میں ہے:</span></strong></p><p class=""indent"" style=""text-align:justify;""><span class=""ar_writing"">""(ومنها الجهر والإخفاء)  حتى لو جهر فيما يخافت أو خافت فيما يجهر وجب عليه سجود السهو واختلفوا في مقدار ما يجب به السهو منهما قيل: يعتبر في الفصلين بقدر ما تجوز به الصلاة وهو الأصح ولا فرق بين الفاتحة وغيرها، والمنفرد لا يجب عليه السهو بالجهر والإخفاء؛ لأنهما من خصائص الجماعة، هكذا في التبيين.""</span></p><p class=""indent"" style=""text-align:left;""><span style=""font-family:Nafees;""><span style=""font-size:17px;""><strong>(کتاب الصلاۃ، الباب الثاني عشر في سجود السهو، ج: 1، صفحہ: 128، ط: دار الفکر)</strong></span></span></p><p class=""indent"" style=""text-align:left;""><strong><span class=""ur_writing""> </span></strong><strong><span class=""ur_writing"">فقط واللہ اعلم</span></strong></p></p><hr class=""big-hr""/>",11-11-2020,144203201328,banuri.edu.pk,نماز,نماز کا طریقہ,نماز کے واجبات,"<div class=""col-md-12 sawal-jawab""><h3 class=""question_heading"">سوال</h3><p><p style=""text-align:justify;"">سری نمازوں  میں غلطی سے قراءت کا کچھ حصہ جہری  پڑھ  لینے سے سجدہ سہو واجب ہوگا؟</p></p><h4 class=""question_heading"">جواب</h4><p><p style=""text-align:justify;"">جن نمازوں میں یا جن رکعتوں میں  آہستہ آواز سے قراءت کرنا ضروری ہے، اس میں اگر امام بلند آواز سے تلاوت کرلیتا ہے، یا جن رکعتوں میں بلند آواز سے قراءت کرنا واجب ہے ان میں سے کسی رکعت میں امام آہستہ آواز سے قراءت کرلیتا ہے تو اگر اتنی مقدار بلند آواز سے قراءت کرلے یا آہستہ آواز سے قراءت کرلے جس  مقدارِ قراءت سے نماز درست  ہوجاتی ہے (جس کا اندازہ  فقہاء کرامؒ   نے کلمات کے اعتبار سے دس کلمے، اور حروف کے حساب سے تیس حروف سےکیا ہے) یعنی تین مختصر آیتوں یا ایک لمبی آیت کے بقدر تو  اس سے سجدہ سہو لازم ہوجاتا ہے، صرف ایک دو کلمہ  سری نماز میں  بلند آواز سے،  اور  جہری نمازوں میں آہستہ آواز سے قراءت کرلینے سے سجدہ سہو لازم نہیں ہوتا۔ البتہ اگر  منفرد،  یعنی تنہا نماز پڑھنے والے نے  سری نماز میں  بلند آواز سے،  اور جہری نماز میں آستہ  آواز سے قرأت کی تو  نماز درست ہوجائے گی، اس پر سجدہ سہو بھی  لازم نہیں ہوگا۔</p><p style=""text-align:justify;""><strong>الدر المختار وحاشية ابن عابدين میں ہے:</strong></p><p class=""indent"" style=""text-align:justify;""><span class=""ar_writing"">""[تنبيه] لم أر من قدر أدنى ما يكفي بحد مقدر من الآية الطويلة ... ويفيد قولهم: لو قرأ آية تعدل أقصر سورة جاز، وفي بعض العبارات تعدل ثلاثا قصارا أي كقوله تعالى-: <span class=""qr_writing"">{ثم نظر}</span> [المدثر: 21] <span class=""qr_writing"">{ثم عبس وبسر}</span> [المدثر: 22] <span class=""qr_writing"">{ثم أدبر واستكبر}</span> [المدثر: 23]- وقدرها من حيث الكلمات عشر، ومن حيث الحروف ثلاثون، فلو قرأ - <span class=""qr_writing"">{الله لا إله إلا هو الحي القيوم لا تأخذه سنة ولا نوم}</span> [البقرة: 255]- يبلغ مقدار هذه الآيات الثلاث، فعلى ما قلناه لو اقتصر على هذا القدر في كل ركعة كفى عن الواجب، ولم أر من تعرض لشيء من ذلك فليتأمل.""</span></p><p style=""text-align:justify;""><strong>وفیہ ایضاً: </strong></p><p class=""indent"" style=""text-align:justify;""><span class=""ar_writing""><strong>""(والجهر فيما يخافت فيه) للإمام، (وعكسه) لكل مصل في الأصح، والأصح تقديره (بقدر ما تجوز به الصلاة في الفصلين. وقيل:) قائله قاضي خان، يجب السهو (بهما) أي بالجهر والمخافتة (مطلقاً) أي قل أو كثر ... (قوله: والجهر فيما يخافت فيه للإمام إلخ) في العبارة قلب، وصوابها والجهر فيما يخافت لكل مصل وعكسه للإمام ح وهذا ما صححه في البدائع والدرر، ومال إليه في الفتح وشرح المنية والبحر والنهر والحلية على خلاف ما في الهداية والزيلعي وغيرهما، من أن وجوب الجهر والمخافتة من خصائص الإمام دون المنفرد ... والحاصل: أن الجهر في الجهرية لا يجب على المنفرد اتفاقاً؛ وإنما الخلاف في وجوب الإخفاء عليه في السرية، وظاهر الرواية عدم الوجوب، كما صرح بذلك في التتارخانية عن المحيط، وكذا في الذخيرة وشروح الهداية كالنهاية والكفاية والعناية ومعراج الدراية. وصرحوا بأن وجوب السهو عليه إذا جهر فيما يخافت رواية النوادر اهـ فعلى ظاهر الرواية لا سهو على المنفرد إذا جهر فيما يخافت فيه، وإنما هو على الإمام فقط.""</strong></span></p><p class=""indent"" style=""text-align:left;""><strong>(کتاب الصلاۃ،  باب صفۃ الصلاۃ، ج:1، صفحہ: 537 و538، وفی:</strong><strong style=""font-family:Nafees,sans-serif;font-size:18px;""><span class=""ur_writing"">کتاب الصلاۃ، باب سجود السہو، ج: 2، صفحہ: 81، ط: ایچ، ایم، سعید)</span></strong></p><p style=""text-align:justify;""><strong><span class=""ur_writing"">فتاوی عالمگیری میں ہے:</span></strong></p><p class=""indent"" style=""text-align:justify;""><span class=""ar_writing"">""(ومنها الجهر والإخفاء)  حتى لو جهر فيما يخافت أو خافت فيما يجهر وجب عليه سجود السهو واختلفوا في مقدار ما يجب به السهو منهما قيل: يعتبر في الفصلين بقدر ما تجوز به الصلاة وهو الأصح ولا فرق بين الفاتحة وغيرها، والمنفرد لا يجب عليه السهو بالجهر والإخفاء؛ لأنهما من خصائص الجماعة، هكذا في التبيين.""</span></p><p class=""indent"" style=""text-align:left;""><span style=""font-family:Nafees;""><span style=""font-size:17px;""><strong>(کتاب الصلاۃ، الباب الثاني عشر في سجود السهو، ج: 1، صفحہ: 128، ط: دار الفکر)</strong></span></span></p><p class=""indent"" style=""text-align:left;""><strong><span class=""ur_writing""> </span></strong><strong><span class=""ur_writing"">فقط واللہ اعلم</span></strong></p></p><hr class=""big-hr""/><div class=""col-sm-6 col-md-6""><p class=""question_heading"" style=""color:#73161f"">فتویٰ نمبر : <a id=""fatwa_number"">144203201328</a></p></div><div class=""col-sm-6 col-md-6""><p style=""color:#73161f"">دارالافتاء :
                                جامعہ علوم اسلامیہ علامہ محمد یوسف بنوری ٹاؤن</p></div><hr class=""big-hr""/><div class=""col-sm-4 col-md-4""><div class=""tag""><a href=""https://www.banuri.edu.pk/questions/kitab/salat""><i class=""icon-docs-bold""></i> نماز</a></div></div><div class=""col-sm-4 col-md-4""><div class=""tag""><a href=""https://www.banuri.edu.pk/questions/bab/namaz-ka-tariqah""><i class=""icon-docs-bold""></i> نماز کا طریقہ</a></div></div><div class=""col-sm-4 col-md-4""><div class=""tag""><a href=""https://www.banuri.edu.pk/questions/fasal/namaz-ke-wajibaat""><i class=""icon-docs-bold""></i> نماز کے واجبات</a></div></div></div>"
https://www.banuri.edu.pk/readquestion/billi-r-kutty-ki-khal-ki-bani-huvi-ashya-k-astemal-ka-hukam-144203201327/11-11-2020,بلی اور کتے کے کھال کی بنی ہوئی اشیاء کے استعمال کا حکم,"<p><p style=""text-align:justify;"">بلی اور کتے کے کھال کی بنی ہوئی اشیاء کے استعمال کے بارے میں کیا حکم ہے؟</p></p>","<p><p dir=""rtl"" style=""text-align:justify;"">احناف کے ہاں خنزیر کے علاوہ کسی بھی جانور کی کھال دباغت دینے سے پاک ہو جاتی ہے؛  اس لیے کہ اس میں موجود تمام تری اور ناپاک اجزاء دباغت کے عمل سے  ختم ہو جاتے ہیں؛ لہذابلی اور کتے  کی دباغت دی ہوئی کھال کی بنی ہوئی اشیاء کا استعمال درست ہے ۔</p><p style=""text-align:justify;"">ہدایہ میں ہے:</p><p class=""indent"" dir=""rtl"" style=""text-align:justify;""><span class=""ar_writing"">""وکل إهاب دبغ فقد طهر وجازت الصلاة فیه"". (الهدایة: ۱/۴۰)</span></p><p class=""indent"" dir=""rtl"" style=""text-align:left;"">فقط واللہ اعلم </p></p><hr class=""big-hr""/>",11-11-2020,144203201327,banuri.edu.pk,نماز,نماز کی شرائط,نجاست سے پاکی,"<div class=""col-md-12 sawal-jawab""><h3 class=""question_heading"">سوال</h3><p><p style=""text-align:justify;"">بلی اور کتے کے کھال کی بنی ہوئی اشیاء کے استعمال کے بارے میں کیا حکم ہے؟</p></p><h4 class=""question_heading"">جواب</h4><p><p dir=""rtl"" style=""text-align:justify;"">احناف کے ہاں خنزیر کے علاوہ کسی بھی جانور کی کھال دباغت دینے سے پاک ہو جاتی ہے؛  اس لیے کہ اس میں موجود تمام تری اور ناپاک اجزاء دباغت کے عمل سے  ختم ہو جاتے ہیں؛ لہذابلی اور کتے  کی دباغت دی ہوئی کھال کی بنی ہوئی اشیاء کا استعمال درست ہے ۔</p><p style=""text-align:justify;"">ہدایہ میں ہے:</p><p class=""indent"" dir=""rtl"" style=""text-align:justify;""><span class=""ar_writing"">""وکل إهاب دبغ فقد طهر وجازت الصلاة فیه"". (الهدایة: ۱/۴۰)</span></p><p class=""indent"" dir=""rtl"" style=""text-align:left;"">فقط واللہ اعلم </p></p><hr class=""big-hr""/><div class=""col-sm-6 col-md-6""><p class=""question_heading"" style=""color:#73161f"">فتویٰ نمبر : <a id=""fatwa_number"">144203201327</a></p></div><div class=""col-sm-6 col-md-6""><p style=""color:#73161f"">دارالافتاء :
                                جامعہ علوم اسلامیہ علامہ محمد یوسف بنوری ٹاؤن</p></div><hr class=""big-hr""/><div class=""col-sm-4 col-md-4""><div class=""tag""><a href=""https://www.banuri.edu.pk/questions/kitab/salat""><i class=""icon-docs-bold""></i> نماز</a></div></div><div class=""col-sm-4 col-md-4""><div class=""tag""><a href=""https://www.banuri.edu.pk/questions/bab/namaz-ki-sharait""><i class=""icon-docs-bold""></i> نماز کی شرائط</a></div></div><div class=""col-sm-4 col-md-4""><div class=""tag""><a href=""https://www.banuri.edu.pk/questions/fasal/najasat-say-paaki""><i class=""icon-docs-bold""></i> نجاست سے پاکی</a></div></div></div>"
https://www.banuri.edu.pk/readquestion/daraz-ky-zarey-bill-jama-krana-144203201249/09-11-2020,دراز ایپلیکیشین کے ذریعے بل جمع کرانے پر ڈسکاؤنٹ لینا,"<p><p style=""text-align:justify;"">آج کل دراز کے نام سے ایک ایپلیکیشن ہے جس کے ذریعے لوگ آن لائن خریداری کرتے ہیں، کچھ دنوں سے انہوں نے آن لائن یوٹیلیٹی بلز جمع کروانے کی سہولت دی ہے اور انہوں نے یہ پیشکش کی ہے کہ اگر کوئی ان کی اس آن لائن ایپلیکیشن سے بل جمع کروائے گا تو دراز کمپنی والے اس بل جمع کرانے پر اپنی طرف سے کچھ رقم کی چھوٹ دیتے ہیں۔ تو کیا ہمارے لیے یہ چھوٹ لیناجائز ہے؟</p></p>","<p><p style=""text-align:justify;"">اگر ""دراز ایپلیکیشن"" کے ذریعہ بل جمع کروانے پر ملنے والا ڈسکاؤنٹ ، اس ایپ میں پیسے رکھوانے کی بنیاد پر نہ ہو، نیز اس ادارے (Daraz.pk)کے تمام یا اکثر معاملات جائز ہوں، خلافِ  شرع  معاملات نہ ہوتے ہوں اور ان کی آمدن کل یا کم از کم اکثر حلال ہو تو اس صورت میں اس ادارے کے ذریعہ بل جمع کروانے پر ان سے  ملنے والا  ڈسکاؤنٹ  حاصل کرنے کی اجازت ہوگی۔</p><p style=""text-align:left;"">فقط واللہ اعلم</p><p style=""text-align:justify;""> </p></p><hr class=""big-hr""/>",09-11-2020,144203201249,banuri.edu.pk,معاملات,سود / بینکاری / انشورنس / شیئرز,متفرقات سود,"<div class=""col-md-12 sawal-jawab""><h3 class=""question_heading"">سوال</h3><p><p style=""text-align:justify;"">آج کل دراز کے نام سے ایک ایپلیکیشن ہے جس کے ذریعے لوگ آن لائن خریداری کرتے ہیں، کچھ دنوں سے انہوں نے آن لائن یوٹیلیٹی بلز جمع کروانے کی سہولت دی ہے اور انہوں نے یہ پیشکش کی ہے کہ اگر کوئی ان کی اس آن لائن ایپلیکیشن سے بل جمع کروائے گا تو دراز کمپنی والے اس بل جمع کرانے پر اپنی طرف سے کچھ رقم کی چھوٹ دیتے ہیں۔ تو کیا ہمارے لیے یہ چھوٹ لیناجائز ہے؟</p></p><h4 class=""question_heading"">جواب</h4><p><p style=""text-align:justify;"">اگر ""دراز ایپلیکیشن"" کے ذریعہ بل جمع کروانے پر ملنے والا ڈسکاؤنٹ ، اس ایپ میں پیسے رکھوانے کی بنیاد پر نہ ہو، نیز اس ادارے (Daraz.pk)کے تمام یا اکثر معاملات جائز ہوں، خلافِ  شرع  معاملات نہ ہوتے ہوں اور ان کی آمدن کل یا کم از کم اکثر حلال ہو تو اس صورت میں اس ادارے کے ذریعہ بل جمع کروانے پر ان سے  ملنے والا  ڈسکاؤنٹ  حاصل کرنے کی اجازت ہوگی۔</p><p style=""text-align:left;"">فقط واللہ اعلم</p><p style=""text-align:justify;""> </p></p><hr class=""big-hr""/><div class=""col-sm-6 col-md-6""><p class=""question_heading"" style=""color:#73161f"">فتویٰ نمبر : <a id=""fatwa_number"">144203201249</a></p></div><div class=""col-sm-6 col-md-6""><p style=""color:#73161f"">دارالافتاء :
                                جامعہ علوم اسلامیہ علامہ محمد یوسف بنوری ٹاؤن</p></div><hr class=""big-hr""/><div class=""col-sm-4 col-md-4""><div class=""tag""><a href=""https://www.banuri.edu.pk/questions/kitab/muamlat""><i class=""icon-docs-bold""></i> معاملات</a></div></div><div class=""col-sm-4 col-md-4""><div class=""tag""><a href=""https://www.banuri.edu.pk/questions/bab/sood-bankari-insurance-shares""><i class=""icon-docs-bold""></i> سود / بینکاری / انشورنس / شیئرز</a></div></div><div class=""col-sm-4 col-md-4""><div class=""tag""><a href=""https://www.banuri.edu.pk/questions/fasal/mutafarriqat-e-sood""><i class=""icon-docs-bold""></i> متفرقات سود</a></div></div></div>"
https://www.banuri.edu.pk/readquestion/bacche-ka-naam-muhaimin-rakhna-144203201195/08-11-2020,بچے کا نام مھیمن رکھنا,"<p><p style=""text-align:justify;"">کیا بچے کا نام   ""مہیمن""    رکھ سکتے ہیں؟</p></p>","<p><p style=""text-align:justify;"">واضح رہے کہ <span class=""ar_writing"">’’المهیمن‘‘</span>( جس کا معنی ہے : ہر چیز پر حاوی وقابض اور اس کا محافظ ونگراں) یہ نام اللہ تعالی کے صفاتی ناموں میں سے ہے، غیر اللہ کے لیے  <span class=""ar_writing"">""عبد"" </span>کی اضافت کے بغیر ان کا استعمال جائز نہیں  ہے، لہذا صرف <span class=""ar_writing"">"" مھیمن ""</span>نام رکھنا جائز نہیں ہے ، بلکہ <span class=""ar_writing"">""عبد المھیمن""</span>رکھ سکتے ہیں۔</p><p style=""text-align:justify;"">سورہ مائدہ میں قرآنِ مجید کو دیگر کتبِ سماویہ کے لیے <span class=""ar_writing"">"" مهيمن "" </span>کہا گیا ہے،  چوں کہ اللہ تعالیٰ کا کلام (خواہ قرآن مجید ہو یا دیگر کلام الٰہی) باری تعالیٰ کی صفت ہے، اور یہاں صفتِ باری تعالیٰ کے لیے <span class=""ar_writing"">"" مهيمن ""</span>کا استعمال کیا گیا ہے، نہ کہ غیر اللہ کے لیے۔</p><p style=""text-align:justify;"">تفسیرالطبری  میں ہے:</p><p class=""indent"" style=""text-align:justify;""><span class=""ar_writing"">"" وكان لله جل ذكره أسماء قد حرم على خلقه أن يتسموا بها، خص بها نفسه دونهم، وذلك مثل ""الله"" و ""الرحمن"" و ""الخالق""؛ وأسماء أباح لهم أن يسمي بعضهم بعضاً بها، وذلك: كالرحيم والسميع والبصير والكريم، وما أشبه ذلك من الأسماء ، كان الواجب أن تقدم أسماؤه التي هي له خاصة دون جميع خلقه، ليعرف السامع ذلك من توجه إليه الحمد والتمجيد، ثم يتبع ذلك بأسمائه التي قد تسمى بها غيره، بعد علم المخاطب أو السامع من توجه إليه ما يتلو ذلك من المعاني"".</span></p><p class=""indent"" style=""text-align:left;""><span class=""ar_writing"">(تفسير الطبري = جامع البيان ، (1/ 133)، سورۃ الفاتحه، ط: مؤسسة الرسالة)</span></p><p class=""indent"" style=""text-align:left;"">فقط واللہ اعلم </p></p><hr class=""big-hr""/>",08-11-2020,144203201195,banuri.edu.pk,حقوق و آدابِ معاشرت,حقوق,اولاد کے حقوق,"<div class=""col-md-12 sawal-jawab""><h3 class=""question_heading"">سوال</h3><p><p style=""text-align:justify;"">کیا بچے کا نام   ""مہیمن""    رکھ سکتے ہیں؟</p></p><h4 class=""question_heading"">جواب</h4><p><p style=""text-align:justify;"">واضح رہے کہ <span class=""ar_writing"">’’المهیمن‘‘</span>( جس کا معنی ہے : ہر چیز پر حاوی وقابض اور اس کا محافظ ونگراں) یہ نام اللہ تعالی کے صفاتی ناموں میں سے ہے، غیر اللہ کے لیے  <span class=""ar_writing"">""عبد"" </span>کی اضافت کے بغیر ان کا استعمال جائز نہیں  ہے، لہذا صرف <span class=""ar_writing"">"" مھیمن ""</span>نام رکھنا جائز نہیں ہے ، بلکہ <span class=""ar_writing"">""عبد المھیمن""</span>رکھ سکتے ہیں۔</p><p style=""text-align:justify;"">سورہ مائدہ میں قرآنِ مجید کو دیگر کتبِ سماویہ کے لیے <span class=""ar_writing"">"" مهيمن "" </span>کہا گیا ہے،  چوں کہ اللہ تعالیٰ کا کلام (خواہ قرآن مجید ہو یا دیگر کلام الٰہی) باری تعالیٰ کی صفت ہے، اور یہاں صفتِ باری تعالیٰ کے لیے <span class=""ar_writing"">"" مهيمن ""</span>کا استعمال کیا گیا ہے، نہ کہ غیر اللہ کے لیے۔</p><p style=""text-align:justify;"">تفسیرالطبری  میں ہے:</p><p class=""indent"" style=""text-align:justify;""><span class=""ar_writing"">"" وكان لله جل ذكره أسماء قد حرم على خلقه أن يتسموا بها، خص بها نفسه دونهم، وذلك مثل ""الله"" و ""الرحمن"" و ""الخالق""؛ وأسماء أباح لهم أن يسمي بعضهم بعضاً بها، وذلك: كالرحيم والسميع والبصير والكريم، وما أشبه ذلك من الأسماء ، كان الواجب أن تقدم أسماؤه التي هي له خاصة دون جميع خلقه، ليعرف السامع ذلك من توجه إليه الحمد والتمجيد، ثم يتبع ذلك بأسمائه التي قد تسمى بها غيره، بعد علم المخاطب أو السامع من توجه إليه ما يتلو ذلك من المعاني"".</span></p><p class=""indent"" style=""text-align:left;""><span class=""ar_writing"">(تفسير الطبري = جامع البيان ، (1/ 133)، سورۃ الفاتحه، ط: مؤسسة الرسالة)</span></p><p class=""indent"" style=""text-align:left;"">فقط واللہ اعلم </p></p><hr class=""big-hr""/><div class=""col-sm-6 col-md-6""><p class=""question_heading"" style=""color:#73161f"">فتویٰ نمبر : <a id=""fatwa_number"">144203201195</a></p></div><div class=""col-sm-6 col-md-6""><p style=""color:#73161f"">دارالافتاء :
                                جامعہ علوم اسلامیہ علامہ محمد یوسف بنوری ٹاؤن</p></div><hr class=""big-hr""/><div class=""col-sm-4 col-md-4""><div class=""tag""><a href=""https://www.banuri.edu.pk/questions/kitab/huqooq-muashret""><i class=""icon-docs-bold""></i> حقوق و آدابِ معاشرت</a></div></div><div class=""col-sm-4 col-md-4""><div class=""tag""><a href=""https://www.banuri.edu.pk/questions/bab/bahmi-huqooq""><i class=""icon-docs-bold""></i> حقوق</a></div></div><div class=""col-sm-4 col-md-4""><div class=""tag""><a href=""https://www.banuri.edu.pk/questions/fasal/olad-ky-hoqoq""><i class=""icon-docs-bold""></i> اولاد کے حقوق</a></div></div></div>"
https://www.banuri.edu.pk/readquestion/ghee-me-chooha-gir-jae-aur-ose-zinda-nikal-lia-jae-144203201186/08-11-2020,گھی میں چوہا گر جائے اور اسے زندہ نکال لیا جائے,"<p><p style=""text-align:justify;"">اگر گھی میں زندہ چوہا گرجاۓ تو اس کا کیا حکم ہے جب کہ گھی جامد نہ ہو اور چوہا زندہ نکال لیا جاۓ؟</p></p>","<p><p style=""text-align:justify;""> اگر چوہے کے جسم پر ظاہرًا کوئی ناپاکی نہیں تھی تو اس سے گھی ناپاک نہیں ہوا ،  اس کو استعمال کرنا یا فروخت کرنا درست ہے ۔</p><p style=""text-align:justify;"">فتاوی شامی(216/1):</p><p class=""indent"" style=""text-align:justify;""><span class=""ar_writing"">""(وَلَا نَزْحَ) فِي بَوْلِ فَأْرَةٍ فِي الْأَصَحِّ فَيْضٌ ... (قَوْلُهُ: فِي بَوْلِ فَأْرَةٍ فِي الْأَصَحِّ) وَسَيَذْكُرُ فِي الْأَنْجَاسِ أَنَّ عَلَيْهِ الْفَتْوَى، وَأَنَّ خُرْأَهَا لَايُفْسِدُ مَا لَمْ يَظْهَرْ أَثَرُهُ؛ وَأَنَّ بَوْلَ السِّنَّوْرِ عَفْوٌ فِي غَيْرِ أَوَانِي الْمَاءِ، وَ عَلَيْهِ الْفَتْوَى. اهـ.</span></p><p class=""indent"" style=""text-align:justify;""><span class=""ar_writing"">أَقُولُ: وَفِي الْخَانِيَّةِ: أَنَّ بَوْلَ الْهِرَّةِ وَالْفَأْرَةِ وَخُرْأَهُمَا نَجِسٌ فِي أَظْهَرْ الرِّوَايَاتِ يُفْسِدُ الْمَاءَ وَالثَّوْبَ. اهـ وَلَعَلَّهُمْ رَجَّحُوا الْقَوْلَ بِالْعَفْوِ لِلضَّرُورَةِ.""</span></p><p class=""indent"" style=""text-align:left;"">فقط واللہ اعلم </p></p><hr class=""big-hr""/>",08-11-2020,144203201186,banuri.edu.pk,طہارت,نجاست اور اس سے پاکی,نجاست سے پاکی,"<div class=""col-md-12 sawal-jawab""><h3 class=""question_heading"">سوال</h3><p><p style=""text-align:justify;"">اگر گھی میں زندہ چوہا گرجاۓ تو اس کا کیا حکم ہے جب کہ گھی جامد نہ ہو اور چوہا زندہ نکال لیا جاۓ؟</p></p><h4 class=""question_heading"">جواب</h4><p><p style=""text-align:justify;""> اگر چوہے کے جسم پر ظاہرًا کوئی ناپاکی نہیں تھی تو اس سے گھی ناپاک نہیں ہوا ،  اس کو استعمال کرنا یا فروخت کرنا درست ہے ۔</p><p style=""text-align:justify;"">فتاوی شامی(216/1):</p><p class=""indent"" style=""text-align:justify;""><span class=""ar_writing"">""(وَلَا نَزْحَ) فِي بَوْلِ فَأْرَةٍ فِي الْأَصَحِّ فَيْضٌ ... (قَوْلُهُ: فِي بَوْلِ فَأْرَةٍ فِي الْأَصَحِّ) وَسَيَذْكُرُ فِي الْأَنْجَاسِ أَنَّ عَلَيْهِ الْفَتْوَى، وَأَنَّ خُرْأَهَا لَايُفْسِدُ مَا لَمْ يَظْهَرْ أَثَرُهُ؛ وَأَنَّ بَوْلَ السِّنَّوْرِ عَفْوٌ فِي غَيْرِ أَوَانِي الْمَاءِ، وَ عَلَيْهِ الْفَتْوَى. اهـ.</span></p><p class=""indent"" style=""text-align:justify;""><span class=""ar_writing"">أَقُولُ: وَفِي الْخَانِيَّةِ: أَنَّ بَوْلَ الْهِرَّةِ وَالْفَأْرَةِ وَخُرْأَهُمَا نَجِسٌ فِي أَظْهَرْ الرِّوَايَاتِ يُفْسِدُ الْمَاءَ وَالثَّوْبَ. اهـ وَلَعَلَّهُمْ رَجَّحُوا الْقَوْلَ بِالْعَفْوِ لِلضَّرُورَةِ.""</span></p><p class=""indent"" style=""text-align:left;"">فقط واللہ اعلم </p></p><hr class=""big-hr""/><div class=""col-sm-6 col-md-6""><p class=""question_heading"" style=""color:#73161f"">فتویٰ نمبر : <a id=""fatwa_number"">144203201186</a></p></div><div class=""col-sm-6 col-md-6""><p style=""color:#73161f"">دارالافتاء :
                                جامعہ علوم اسلامیہ علامہ محمد یوسف بنوری ٹاؤن</p></div><hr class=""big-hr""/><div class=""col-sm-4 col-md-4""><div class=""tag""><a href=""https://www.banuri.edu.pk/questions/kitab/taharat""><i class=""icon-docs-bold""></i> طہارت</a></div></div><div class=""col-sm-4 col-md-4""><div class=""tag""><a href=""https://www.banuri.edu.pk/questions/bab/najasat-aur-us-ki-paki""><i class=""icon-docs-bold""></i> نجاست اور اس سے پاکی</a></div></div><div class=""col-sm-4 col-md-4""><div class=""tag""><a href=""https://www.banuri.edu.pk/questions/fasal/nijasat-aur-us-ki-paki""><i class=""icon-docs-bold""></i> نجاست سے پاکی</a></div></div></div>"
https://www.banuri.edu.pk/readquestion/tamam-warasa-ka-wirasat-ki-jaedad-kisi-aik-waris-kay-naam-karnay-ka-hukum-144203201060/05-11-2020,تمام ورثاء کا وراثت کی جائیداد کسی ایک وارث کے نام کرنے کا حکم,"<p><p style=""text-align:justify;"">کیا والد کے مرنے کے بعد بچے مل کر وراثت کسی ایک وارث کے نام کرسکتے ہیں؟</p></p>","<p><p style=""text-align:justify;"">وراثت کی جائیداد کسی ایک وارث  کے نام کرنے سے وہ وارث اگرچہ قانونی طور پر تو وراثت کی جائیداد کا مالک بن جائے گا، لیکن شرعی طور پر وہ ایک وارث  صرف جائیداد نام پر ہونے سے مالک نہیں بنے گا، اس لیے وراثت والی جائیداد پہلے تمام ورثاء میں باقاعدہ تقسیم کرنا یا کم از کم ہر ایک وارث کے حصہ کی تعیین کرنا ضروری ہے، اس کے بعد اگر کوئی اپنی مرضی سے اپنا حصہ کسی دوسرے کو ہبہ کر کے مکمل قبضہ اور تصرف کا اختیار دے دے تو وہ  مالک بن جائے گا۔ </p><p style=""text-align:justify;""><span class=""ar_writing"">"" تکملة رد المحتار علی الدر المختار""</span>  میں ہے:</p><p class=""indent"" style=""text-align:justify;""><span class=""ar_writing"">"" الإرث جبري لَا يسْقط بالإسقاط"".</span></p><p class=""indent"" style=""text-align:left;""><span class=""ar_writing"">(ج: 7/ص:505 / کتاب الدعوی، ط :سعید)</span></p><p style=""text-align:justify;""><span class=""ar_writing"">""الأشباہ والنظائر""  لابن نجیم</span>   میں ہے:           </p><p class=""indent"" style=""text-align:justify;""><span class=""ar_writing"">""لَوْ قَالَ الْوَارِثُ: تَرَكْتُ حَقِّي لَمْ يَبْطُلْ حَقُّهُ؛ إذْ الْمِلْكُ لَا يَبْطُلُ بِالتَّرْك"".</span></p><p class=""indent"" style=""text-align:left;""><span class=""ar_writing""> (ص؛309/ما یقبل الاسقاط من الحقوق وما لا یقبلہ/ط:قدیمی)</span></p><p class=""indent"" dir=""rtl"" style=""text-align:left;"">فقط واللہ اعلم</p></p><hr class=""big-hr""/>",05-11-2020,144203201060,banuri.edu.pk,معاملات,وراثت / وصیت,ورثاء اور ان کے حصص,"<div class=""col-md-12 sawal-jawab""><h3 class=""question_heading"">سوال</h3><p><p style=""text-align:justify;"">کیا والد کے مرنے کے بعد بچے مل کر وراثت کسی ایک وارث کے نام کرسکتے ہیں؟</p></p><h4 class=""question_heading"">جواب</h4><p><p style=""text-align:justify;"">وراثت کی جائیداد کسی ایک وارث  کے نام کرنے سے وہ وارث اگرچہ قانونی طور پر تو وراثت کی جائیداد کا مالک بن جائے گا، لیکن شرعی طور پر وہ ایک وارث  صرف جائیداد نام پر ہونے سے مالک نہیں بنے گا، اس لیے وراثت والی جائیداد پہلے تمام ورثاء میں باقاعدہ تقسیم کرنا یا کم از کم ہر ایک وارث کے حصہ کی تعیین کرنا ضروری ہے، اس کے بعد اگر کوئی اپنی مرضی سے اپنا حصہ کسی دوسرے کو ہبہ کر کے مکمل قبضہ اور تصرف کا اختیار دے دے تو وہ  مالک بن جائے گا۔ </p><p style=""text-align:justify;""><span class=""ar_writing"">"" تکملة رد المحتار علی الدر المختار""</span>  میں ہے:</p><p class=""indent"" style=""text-align:justify;""><span class=""ar_writing"">"" الإرث جبري لَا يسْقط بالإسقاط"".</span></p><p class=""indent"" style=""text-align:left;""><span class=""ar_writing"">(ج: 7/ص:505 / کتاب الدعوی، ط :سعید)</span></p><p style=""text-align:justify;""><span class=""ar_writing"">""الأشباہ والنظائر""  لابن نجیم</span>   میں ہے:           </p><p class=""indent"" style=""text-align:justify;""><span class=""ar_writing"">""لَوْ قَالَ الْوَارِثُ: تَرَكْتُ حَقِّي لَمْ يَبْطُلْ حَقُّهُ؛ إذْ الْمِلْكُ لَا يَبْطُلُ بِالتَّرْك"".</span></p><p class=""indent"" style=""text-align:left;""><span class=""ar_writing""> (ص؛309/ما یقبل الاسقاط من الحقوق وما لا یقبلہ/ط:قدیمی)</span></p><p class=""indent"" dir=""rtl"" style=""text-align:left;"">فقط واللہ اعلم</p></p><hr class=""big-hr""/><div class=""col-sm-6 col-md-6""><p class=""question_heading"" style=""color:#73161f"">فتویٰ نمبر : <a id=""fatwa_number"">144203201060</a></p></div><div class=""col-sm-6 col-md-6""><p style=""color:#73161f"">دارالافتاء :
                                جامعہ علوم اسلامیہ علامہ محمد یوسف بنوری ٹاؤن</p></div><hr class=""big-hr""/><div class=""col-sm-4 col-md-4""><div class=""tag""><a href=""https://www.banuri.edu.pk/questions/kitab/muamlat""><i class=""icon-docs-bold""></i> معاملات</a></div></div><div class=""col-sm-4 col-md-4""><div class=""tag""><a href=""https://www.banuri.edu.pk/questions/bab/wirasat-wasyat""><i class=""icon-docs-bold""></i> وراثت / وصیت</a></div></div><div class=""col-sm-4 col-md-4""><div class=""tag""><a href=""https://www.banuri.edu.pk/questions/fasal/wurasa-or-un-k-hisas""><i class=""icon-docs-bold""></i> ورثاء اور ان کے حصص</a></div></div></div>"
https://www.banuri.edu.pk/readquestion/government-ke-tankwah-dar-safai-walon-ko-ujrat-de-kr-apna-kam-krwane-ka-hukm-144203201065/06-11-2020,گورنمنٹ کے تنخواہ دار صفائی والوں کو اجرت دے کر اپنا کام کروانے کا حکم,"<p><p style=""text-align:justify;"">گورنمنٹ کی طرف  سے روڈ کی صفائی کے  لیے بندے ہوتے ہیں،  اگر یہ لوگ فارغ ہوتے ہیں،  کیا ان سے کوئی ڈیوٹی کے اوقات کے دوران اپنا کام کرالے اور پیسے بھی  دے دے تو یہ درست ہے؟</p></p>","<p><p style=""text-align:justify;"">گورنمنٹ  کے یہ ملازمین  گورنمنٹ کے اجیر خاص  ہوتے ہیں یعنی ان کی تنخواہ وقت کے ساتھ متعلق ہوتی ہے؛  لہذا  ڈیوٹی کے اوقات میں کسی دوسرے کے لیے  اجرت پر کام کرنا ان صفائی والوں کے لیے جائز نہیں ہے اور نہ ہی  ڈیوٹی کے اوقات میں  لوگوں کے لیے ان سے اجرت پر کام کروانا جائز ہے۔</p><p style=""text-align:justify;"">فتاوی شامی میں ہے:</p><p class=""indent"" style=""text-align:justify;""><span class=""ar_writing"">""(والثاني) وهو الأجير (الخاص) ويسمى أجير وحد (وهو من يعمل لواحد عملا مؤقتا بالتخصيص ويستحق الأجر بتسليم نفسه في المدة وإن لم يعمل كمن استؤجر شهرا للخدمة أو) شهرا (لرعي الغنم) المسمى بأجر مسمى ... وليس للخاص أن يعمل لغيره، ولو عمل نقص من أجرته بقدر ما عمل فتاوى النوازل</span></p><p class=""indent"" style=""text-align:justify;""><span class=""ar_writing"">(قوله: ولو عمل نقص من أجرته إلخ) قال في التتارخانية: نجار استؤجر إلى الليل فعمل لآخر دواة بدرهم وهو يعلم فهو آثم، وإن لم يعلم فلا شيء عليه وينقص من أجر النجار بقدر ما عمل في الدواة.""</span></p><p class=""indent"" style=""text-align:left;"">(کتاب الاجارہ باب ضمان الاجیر مطلب فی اجیر خاص ج نمبر ۶ ص نمبر ۷۰ ایچ ایم سعید)</p><p class=""indent"" style=""text-align:left;"">فقط واللہ اعلم</p></p><hr class=""big-hr""/>",06-11-2020,144203201065,banuri.edu.pk,معاملات,ملازمت,اوقات ملازمت,"<div class=""col-md-12 sawal-jawab""><h3 class=""question_heading"">سوال</h3><p><p style=""text-align:justify;"">گورنمنٹ کی طرف  سے روڈ کی صفائی کے  لیے بندے ہوتے ہیں،  اگر یہ لوگ فارغ ہوتے ہیں،  کیا ان سے کوئی ڈیوٹی کے اوقات کے دوران اپنا کام کرالے اور پیسے بھی  دے دے تو یہ درست ہے؟</p></p><h4 class=""question_heading"">جواب</h4><p><p style=""text-align:justify;"">گورنمنٹ  کے یہ ملازمین  گورنمنٹ کے اجیر خاص  ہوتے ہیں یعنی ان کی تنخواہ وقت کے ساتھ متعلق ہوتی ہے؛  لہذا  ڈیوٹی کے اوقات میں کسی دوسرے کے لیے  اجرت پر کام کرنا ان صفائی والوں کے لیے جائز نہیں ہے اور نہ ہی  ڈیوٹی کے اوقات میں  لوگوں کے لیے ان سے اجرت پر کام کروانا جائز ہے۔</p><p style=""text-align:justify;"">فتاوی شامی میں ہے:</p><p class=""indent"" style=""text-align:justify;""><span class=""ar_writing"">""(والثاني) وهو الأجير (الخاص) ويسمى أجير وحد (وهو من يعمل لواحد عملا مؤقتا بالتخصيص ويستحق الأجر بتسليم نفسه في المدة وإن لم يعمل كمن استؤجر شهرا للخدمة أو) شهرا (لرعي الغنم) المسمى بأجر مسمى ... وليس للخاص أن يعمل لغيره، ولو عمل نقص من أجرته بقدر ما عمل فتاوى النوازل</span></p><p class=""indent"" style=""text-align:justify;""><span class=""ar_writing"">(قوله: ولو عمل نقص من أجرته إلخ) قال في التتارخانية: نجار استؤجر إلى الليل فعمل لآخر دواة بدرهم وهو يعلم فهو آثم، وإن لم يعلم فلا شيء عليه وينقص من أجر النجار بقدر ما عمل في الدواة.""</span></p><p class=""indent"" style=""text-align:left;"">(کتاب الاجارہ باب ضمان الاجیر مطلب فی اجیر خاص ج نمبر ۶ ص نمبر ۷۰ ایچ ایم سعید)</p><p class=""indent"" style=""text-align:left;"">فقط واللہ اعلم</p></p><hr class=""big-hr""/><div class=""col-sm-6 col-md-6""><p class=""question_heading"" style=""color:#73161f"">فتویٰ نمبر : <a id=""fatwa_number"">144203201065</a></p></div><div class=""col-sm-6 col-md-6""><p style=""color:#73161f"">دارالافتاء :
                                جامعہ علوم اسلامیہ علامہ محمد یوسف بنوری ٹاؤن</p></div><hr class=""big-hr""/><div class=""col-sm-4 col-md-4""><div class=""tag""><a href=""https://www.banuri.edu.pk/questions/kitab/muamlat""><i class=""icon-docs-bold""></i> معاملات</a></div></div><div class=""col-sm-4 col-md-4""><div class=""tag""><a href=""https://www.banuri.edu.pk/questions/bab/ملازمت""><i class=""icon-docs-bold""></i> ملازمت</a></div></div><div class=""col-sm-4 col-md-4""><div class=""tag""><a href=""https://www.banuri.edu.pk/questions/fasal/owqat-e-mulazimat""><i class=""icon-docs-bold""></i> اوقات ملازمت</a></div></div></div>"
https://www.banuri.edu.pk/readquestion/500ky-not-ky-badly-500-sy-km-khuly-paisy-le-na-144203201369/11-11-2020,پانچ سو کے بندھے نوٹ کے بدلے پانچ سوسے کم کھلے نوٹ لینا,"<p><p style=""text-align:justify;"">ایک شخص نے مجھ سے پانچ سو کے کھلے نوٹ مانگے اور مجھے پانچ سو کا ایک نوٹ دیا، مگر میرے پاس چار سو نوے روپے  کھلے  نکلے، باقی نہیں تھے، تو اس نے کہا خیر ہے، آپس کی بات ہے، کوئی مسئلہ نہیں ہے، اب نہ میں نے شرط لگائی تھی اور نہ ہی کوئی ارادہ تھا اور اس کی بھی رضامندی تھی، تو کیا یہ سود کے حکم میں ہے؟ اور کیا مجھے دس روپے واپس کرنے ہوں گے؟</p></p>","<p><p class=""a"" dir=""rtl"" style=""text-align:justify;""><span lang=""er"" xml:lang=""er"">پانچ سو  کے نوٹ کے بدلے پانچ سو سے کم کھلے نوٹ دینا،یا اسی وقت نہ دینا بعد میں دینا   جائز نہیں ہے،یہ سود ہے اگرچہ پہلے سے کوئی شرط نہ لگائی جائے،لہذا  سائل پر لازم ہے کہ  مذکورہ شخص سے چار سو نوے روپے لے کر  پانچ سو روپے اس کو واپس کرے ۔ البتہ آئندہ اگر کبھی ایسا معاملہ پیش آئے کہ  کوئی آپ سے  کھلے  مانگے اور آپ کے پاس مکمل رقم نہ ہو تو  اسی وقت بقیہ رقم کے بدلے کوئی چیز مثلا ً  ٹافی ،بسکٹ وغیرہ دے دیا کریں، اس صورت میں سود ختم ہوجائے گا اور اضافی رقم کے مقابلہ وہ  چیز آجائے گی ۔</span></p><p class=""a"" dir=""rtl"" style=""text-align:justify;""><span class=""ar_writing""><span lang=""ar-sa"" xml:lang=""ar-sa"">وفي الدر المختار</span><span dir=""ltr"">:</span></span></p><p class=""indent"" dir=""rtl"" style=""text-align:justify;""><span class=""ar_writing""><span lang=""ar-sa"" xml:lang=""ar-sa"">""وشرعًا (بيع الثمن بالثمن) أي ما خلق للثمنية ومنه المصوغ (جنسًا بجنس أو بغير جنس) كذهب بفضة (ويشترط) عدم التأجيل والخيار و (التماثل).""</span></span></p><p class=""indent"" dir=""rtl"" style=""text-align:justify;""><span class=""ar_writing""><span lang=""ar-sa"" xml:lang=""ar-sa"">(رد المحتار5/ 257ط:سعيد)</span></span></p><p dir=""rtl"" style=""text-align:justify;""><span style=""font-family:arabic_font;""><span style=""font-size:23px;""><strong>وفي بدائع الصنائع في ترتيب الشرائع:</strong></span></span></p><p class=""indent"" dir=""rtl"" style=""text-align:justify;""><span style=""font-family:arabic_font;""><span style=""font-size:23px;""><strong>""وكذا إذا باع سيفًا محلى بالفضة مفردةً، أو منطقةً مفضضةً، أو لجامًا، أو سرجًا، أو سكينًا مفضضةً، أو جاريةً على عنقها طوق فضة بفضة مفردةً والفضة المفردة أكثر حتى جاز البيع كان بحصة الفضة صرفا.</strong></span></span><span style=""font-family:arabic_font;""><span style=""font-size:23px;""><strong>ويراعى فيه شرائط الصرف وبحصة الزيادة التي هي من خلاف جنسها بيعا مطلقًا فلايشترط له ما يشترط للصرف.""</strong></span></span></p><p class=""indent"" dir=""rtl"" style=""text-align:left;""><strong style=""font-family:arabic_font;font-size:23px;"">(5/ 217ط:</strong><span style=""font-family:arabic_font;""><span style=""font-size:23px;""><strong>دار الكتب العلمية</strong></span></span><strong style=""font-family:arabic_font;font-size:23px;"">)</strong></p><p class=""a3 indent"" dir=""rtl"" style=""text-align:left;""><span lang=""ar-sa"" xml:lang=""ar-sa"">فقط والله اعلم </span></p></p><hr class=""big-hr""/>",11-11-2020,144203201369,banuri.edu.pk,معاملات,سود / بینکاری / انشورنس / شیئرز,متفرقات سود,"<div class=""col-md-12 sawal-jawab""><h3 class=""question_heading"">سوال</h3><p><p style=""text-align:justify;"">ایک شخص نے مجھ سے پانچ سو کے کھلے نوٹ مانگے اور مجھے پانچ سو کا ایک نوٹ دیا، مگر میرے پاس چار سو نوے روپے  کھلے  نکلے، باقی نہیں تھے، تو اس نے کہا خیر ہے، آپس کی بات ہے، کوئی مسئلہ نہیں ہے، اب نہ میں نے شرط لگائی تھی اور نہ ہی کوئی ارادہ تھا اور اس کی بھی رضامندی تھی، تو کیا یہ سود کے حکم میں ہے؟ اور کیا مجھے دس روپے واپس کرنے ہوں گے؟</p></p><h4 class=""question_heading"">جواب</h4><p><p class=""a"" dir=""rtl"" style=""text-align:justify;""><span lang=""er"" xml:lang=""er"">پانچ سو  کے نوٹ کے بدلے پانچ سو سے کم کھلے نوٹ دینا،یا اسی وقت نہ دینا بعد میں دینا   جائز نہیں ہے،یہ سود ہے اگرچہ پہلے سے کوئی شرط نہ لگائی جائے،لہذا  سائل پر لازم ہے کہ  مذکورہ شخص سے چار سو نوے روپے لے کر  پانچ سو روپے اس کو واپس کرے ۔ البتہ آئندہ اگر کبھی ایسا معاملہ پیش آئے کہ  کوئی آپ سے  کھلے  مانگے اور آپ کے پاس مکمل رقم نہ ہو تو  اسی وقت بقیہ رقم کے بدلے کوئی چیز مثلا ً  ٹافی ،بسکٹ وغیرہ دے دیا کریں، اس صورت میں سود ختم ہوجائے گا اور اضافی رقم کے مقابلہ وہ  چیز آجائے گی ۔</span></p><p class=""a"" dir=""rtl"" style=""text-align:justify;""><span class=""ar_writing""><span lang=""ar-sa"" xml:lang=""ar-sa"">وفي الدر المختار</span><span dir=""ltr"">:</span></span></p><p class=""indent"" dir=""rtl"" style=""text-align:justify;""><span class=""ar_writing""><span lang=""ar-sa"" xml:lang=""ar-sa"">""وشرعًا (بيع الثمن بالثمن) أي ما خلق للثمنية ومنه المصوغ (جنسًا بجنس أو بغير جنس) كذهب بفضة (ويشترط) عدم التأجيل والخيار و (التماثل).""</span></span></p><p class=""indent"" dir=""rtl"" style=""text-align:justify;""><span class=""ar_writing""><span lang=""ar-sa"" xml:lang=""ar-sa"">(رد المحتار5/ 257ط:سعيد)</span></span></p><p dir=""rtl"" style=""text-align:justify;""><span style=""font-family:arabic_font;""><span style=""font-size:23px;""><strong>وفي بدائع الصنائع في ترتيب الشرائع:</strong></span></span></p><p class=""indent"" dir=""rtl"" style=""text-align:justify;""><span style=""font-family:arabic_font;""><span style=""font-size:23px;""><strong>""وكذا إذا باع سيفًا محلى بالفضة مفردةً، أو منطقةً مفضضةً، أو لجامًا، أو سرجًا، أو سكينًا مفضضةً، أو جاريةً على عنقها طوق فضة بفضة مفردةً والفضة المفردة أكثر حتى جاز البيع كان بحصة الفضة صرفا.</strong></span></span><span style=""font-family:arabic_font;""><span style=""font-size:23px;""><strong>ويراعى فيه شرائط الصرف وبحصة الزيادة التي هي من خلاف جنسها بيعا مطلقًا فلايشترط له ما يشترط للصرف.""</strong></span></span></p><p class=""indent"" dir=""rtl"" style=""text-align:left;""><strong style=""font-family:arabic_font;font-size:23px;"">(5/ 217ط:</strong><span style=""font-family:arabic_font;""><span style=""font-size:23px;""><strong>دار الكتب العلمية</strong></span></span><strong style=""font-family:arabic_font;font-size:23px;"">)</strong></p><p class=""a3 indent"" dir=""rtl"" style=""text-align:left;""><span lang=""ar-sa"" xml:lang=""ar-sa"">فقط والله اعلم </span></p></p><hr class=""big-hr""/><div class=""col-sm-6 col-md-6""><p class=""question_heading"" style=""color:#73161f"">فتویٰ نمبر : <a id=""fatwa_number"">144203201369</a></p></div><div class=""col-sm-6 col-md-6""><p style=""color:#73161f"">دارالافتاء :
                                جامعہ علوم اسلامیہ علامہ محمد یوسف بنوری ٹاؤن</p></div><hr class=""big-hr""/><div class=""col-sm-4 col-md-4""><div class=""tag""><a href=""https://www.banuri.edu.pk/questions/kitab/muamlat""><i class=""icon-docs-bold""></i> معاملات</a></div></div><div class=""col-sm-4 col-md-4""><div class=""tag""><a href=""https://www.banuri.edu.pk/questions/bab/sood-bankari-insurance-shares""><i class=""icon-docs-bold""></i> سود / بینکاری / انشورنس / شیئرز</a></div></div><div class=""col-sm-4 col-md-4""><div class=""tag""><a href=""https://www.banuri.edu.pk/questions/fasal/mutafarriqat-e-sood""><i class=""icon-docs-bold""></i> متفرقات سود</a></div></div></div>"
https://www.banuri.edu.pk/readquestion/syed-rishtedar-ko-zkat-dena-ghair-muslim-ko-zakat-dena-144209200376/18-04-2021,سید رشتہ دار کو زکات دینا / غیر مسلم کو زکات دینا,"<p><p style=""text-align:justify;""> ہم زکات کے پیسے نکالتے ہیں، اور ہمارے خاندان  میں  کوئی سفید پوش   ہے، تو  کیا ہم  اسے زکات دے سکتے ہیں،  جب کہ وہ سید بھی  ہے؟ اس معاملہ کا حل بتائیں کہ اس کی مدد کیسے کریں؟   کیا کسی غیر مسلم کو زکات کی رقم دے کر اس سے اتنے پیسے لے کر اپنے  سید رشتہ دار کی مدد کر سکتے ہیں؟</p></p>","<p><p style=""text-align:justify;"">سید کو  زکات دینا  اور اس کے لیے لینا جائز نہیں، اور نہ ہی سید کو دینے سے زکات ادا ہوتی ہے، لہذا صورتِ مسئولہ میں زکات کے علاوہ  پاکیزہ مال سے اپنے  مذکورہ سید  رشتہ دار کی مدد کریں،  خود نہیں کرسکتے تو اصحابِ خیر کو اس مصرفِ خیر کی طرف متوجہ کرسکتے ہیں، حلال آمدن سے سادات کے تعاون کے  نتیجے  میں ان شاء اللہ روزِ قیامت سردارِ دوجہان ﷺ   کی شفاعت کی قوی امید ہے۔</p><p style=""text-align:justify;"">نیز کسی غیر مسلم کو زکات دینا بھی جائز نہیں، اور دینے کی صورت میں زکات ادا نہیں ہوگی، غیر مسلم کو زکات دے کر اس سے اتنی رقم لے کر سید رشتہ دار کو دینے سے زکات ادا نہ ہوگی، البتہ اگر زکات کے علاوہ مال تمام کوششوں کے باوجود دستیاب نہ ہوسکے جس سے سید کی مدد کی جائے، تو ایسی صورت میں کسی مستحقِ  زکات کو زکات مالک بنا کر دی جائے، اور اسے سید کی مدد کرنے کی ترغیب دی جائے، اگر وہ برضا و خوشی ، کسی جبر و اکراہ  اور دباؤ کے بغیر اس میں سے سید کو  کچھ  دے  دے تو اس صورت میں اس غریب کو  اجر  ملے گا اور سید کے لیے یہ رقم لینا جائز ہوگا۔</p><p style=""text-align:justify;"">فتاوی ہندیہ میں ہے:</p><p class=""indent"" style=""text-align:justify;""><span class=""ar_writing"">""وَلَايُدْفَعُ إلَى بَنِي هَاشِمٍ، وَهُمْ آلُ عَلِيٍّ وَآلُ عَبَّاسٍ وَآلُ جَعْفَرِ وَآلُ عَقِيلٍ وَآلُ الْحَارِثِ بْنُ عَبْدِ الْمُطَّلِبِ كَذَا فِي الْهِدَايَةِ وَيَجُوزُ الدَّفْعُ إلَى مَنْ عَدَاهُمْ مِنْ بَنِي هَاشِمٍ كَذُرِّيَّةِ أَبِي لَهَبٍ؛ لِأَنَّهُمْ لَمْ يُنَاصِرُوا النَّبِيَّ صَلَّى اللَّهُ عَلَيْهِ وَسَلَّمَ، كَذَا فِي السِّرَاجِ الْوَهَّاجِ. هَذَا فِي الْوَاجِبَاتِ كَالزَّكَاةِ وَالنَّذْرِ وَالْعُشْرِ وَالْكَفَّارَةِ فَأَمَّا التَّطَوُّعُ فَيَجُوزُ الصَّرْفُ إلَيْهِمْ كَذَا فِي الْكَافِي، وَكَذَا لَايُدْفَعُ إلَى مَوَالِيهِمْ كَذَا فِي الْعَيْنِيِّ شَرْحِ الْكَنْزِ. وَيَجُوزُ صَرْفُ خُمُسِ الرِّكَازِ وَالْمَعْدِنِ إلَى فُقَرَاءِ بَنِي هَاشِمٍ، كَذَا فِي الْجَوْهَرَةِ النَّيِّرَةِ.""</span></p><p class=""indent"" style=""text-align:left;""><span class=""ar_writing"">( كتاب الزكوة، الْبَابُ السَّابِعُ فِي الْمَصَارِفِ، ١ / ١٨٩، ط: دار الفكر)</span></p><p style=""text-align:justify;"">بدائع الصنائع في ترتيب الشرائع میں ہے:</p><p class=""indent"" style=""text-align:justify;""><span class=""ar_writing"">""ومنها: أن يكون مسلمًا فلايجوز صرف الزكاة إلى الكافر بلا خلاف لحديث معاذ -رضي الله عنه- «خذها من أغنيائهم وردها في فقرائهم» أمر بوضع الزكاة في فقراء من يؤخذ من أغنيائهم وهم المسلمون فلايجوز وضعها في غيرهم.""</span></p><p class=""indent"" style=""text-align:left;""><span class=""ar_writing"">(كتاب الزكاة، فصل شرائط ركن الزكاة،  فصل الذي يرجع إلى المؤدى إليه، ٢ / ٤٩ ، ط: دار الكتب العلمية)</span> </p><p class=""indent"" style=""text-align:left;"">فقط واللہ اعلم</p></p><hr class=""big-hr""/>",18-04-2021,144209200376,banuri.edu.pk,زکات,مصارف,مستحق و غیر مستحق,"<div class=""col-md-12 sawal-jawab""><h3 class=""question_heading"">سوال</h3><p><p style=""text-align:justify;""> ہم زکات کے پیسے نکالتے ہیں، اور ہمارے خاندان  میں  کوئی سفید پوش   ہے، تو  کیا ہم  اسے زکات دے سکتے ہیں،  جب کہ وہ سید بھی  ہے؟ اس معاملہ کا حل بتائیں کہ اس کی مدد کیسے کریں؟   کیا کسی غیر مسلم کو زکات کی رقم دے کر اس سے اتنے پیسے لے کر اپنے  سید رشتہ دار کی مدد کر سکتے ہیں؟</p></p><h4 class=""question_heading"">جواب</h4><p><p style=""text-align:justify;"">سید کو  زکات دینا  اور اس کے لیے لینا جائز نہیں، اور نہ ہی سید کو دینے سے زکات ادا ہوتی ہے، لہذا صورتِ مسئولہ میں زکات کے علاوہ  پاکیزہ مال سے اپنے  مذکورہ سید  رشتہ دار کی مدد کریں،  خود نہیں کرسکتے تو اصحابِ خیر کو اس مصرفِ خیر کی طرف متوجہ کرسکتے ہیں، حلال آمدن سے سادات کے تعاون کے  نتیجے  میں ان شاء اللہ روزِ قیامت سردارِ دوجہان ﷺ   کی شفاعت کی قوی امید ہے۔</p><p style=""text-align:justify;"">نیز کسی غیر مسلم کو زکات دینا بھی جائز نہیں، اور دینے کی صورت میں زکات ادا نہیں ہوگی، غیر مسلم کو زکات دے کر اس سے اتنی رقم لے کر سید رشتہ دار کو دینے سے زکات ادا نہ ہوگی، البتہ اگر زکات کے علاوہ مال تمام کوششوں کے باوجود دستیاب نہ ہوسکے جس سے سید کی مدد کی جائے، تو ایسی صورت میں کسی مستحقِ  زکات کو زکات مالک بنا کر دی جائے، اور اسے سید کی مدد کرنے کی ترغیب دی جائے، اگر وہ برضا و خوشی ، کسی جبر و اکراہ  اور دباؤ کے بغیر اس میں سے سید کو  کچھ  دے  دے تو اس صورت میں اس غریب کو  اجر  ملے گا اور سید کے لیے یہ رقم لینا جائز ہوگا۔</p><p style=""text-align:justify;"">فتاوی ہندیہ میں ہے:</p><p class=""indent"" style=""text-align:justify;""><span class=""ar_writing"">""وَلَايُدْفَعُ إلَى بَنِي هَاشِمٍ، وَهُمْ آلُ عَلِيٍّ وَآلُ عَبَّاسٍ وَآلُ جَعْفَرِ وَآلُ عَقِيلٍ وَآلُ الْحَارِثِ بْنُ عَبْدِ الْمُطَّلِبِ كَذَا فِي الْهِدَايَةِ وَيَجُوزُ الدَّفْعُ إلَى مَنْ عَدَاهُمْ مِنْ بَنِي هَاشِمٍ كَذُرِّيَّةِ أَبِي لَهَبٍ؛ لِأَنَّهُمْ لَمْ يُنَاصِرُوا النَّبِيَّ صَلَّى اللَّهُ عَلَيْهِ وَسَلَّمَ، كَذَا فِي السِّرَاجِ الْوَهَّاجِ. هَذَا فِي الْوَاجِبَاتِ كَالزَّكَاةِ وَالنَّذْرِ وَالْعُشْرِ وَالْكَفَّارَةِ فَأَمَّا التَّطَوُّعُ فَيَجُوزُ الصَّرْفُ إلَيْهِمْ كَذَا فِي الْكَافِي، وَكَذَا لَايُدْفَعُ إلَى مَوَالِيهِمْ كَذَا فِي الْعَيْنِيِّ شَرْحِ الْكَنْزِ. وَيَجُوزُ صَرْفُ خُمُسِ الرِّكَازِ وَالْمَعْدِنِ إلَى فُقَرَاءِ بَنِي هَاشِمٍ، كَذَا فِي الْجَوْهَرَةِ النَّيِّرَةِ.""</span></p><p class=""indent"" style=""text-align:left;""><span class=""ar_writing"">( كتاب الزكوة، الْبَابُ السَّابِعُ فِي الْمَصَارِفِ، ١ / ١٨٩، ط: دار الفكر)</span></p><p style=""text-align:justify;"">بدائع الصنائع في ترتيب الشرائع میں ہے:</p><p class=""indent"" style=""text-align:justify;""><span class=""ar_writing"">""ومنها: أن يكون مسلمًا فلايجوز صرف الزكاة إلى الكافر بلا خلاف لحديث معاذ -رضي الله عنه- «خذها من أغنيائهم وردها في فقرائهم» أمر بوضع الزكاة في فقراء من يؤخذ من أغنيائهم وهم المسلمون فلايجوز وضعها في غيرهم.""</span></p><p class=""indent"" style=""text-align:left;""><span class=""ar_writing"">(كتاب الزكاة، فصل شرائط ركن الزكاة،  فصل الذي يرجع إلى المؤدى إليه، ٢ / ٤٩ ، ط: دار الكتب العلمية)</span> </p><p class=""indent"" style=""text-align:left;"">فقط واللہ اعلم</p></p><hr class=""big-hr""/><div class=""col-sm-6 col-md-6""><p class=""question_heading"" style=""color:#73161f"">فتویٰ نمبر : <a id=""fatwa_number"">144209200376</a></p></div><div class=""col-sm-6 col-md-6""><p style=""color:#73161f"">دارالافتاء :
                                جامعہ علوم اسلامیہ علامہ محمد یوسف بنوری ٹاؤن</p></div><hr class=""big-hr""/><div class=""col-sm-4 col-md-4""><div class=""tag""><a href=""https://www.banuri.edu.pk/questions/kitab/zakat""><i class=""icon-docs-bold""></i> زکات</a></div></div><div class=""col-sm-4 col-md-4""><div class=""tag""><a href=""https://www.banuri.edu.pk/questions/bab/masaaref""><i class=""icon-docs-bold""></i> مصارف</a></div></div><div class=""col-sm-4 col-md-4""><div class=""tag""><a href=""https://www.banuri.edu.pk/questions/fasal/mustaheq-o-ger-mustaheq""><i class=""icon-docs-bold""></i> مستحق و غیر مستحق</a></div></div></div>"
https://www.banuri.edu.pk/readquestion/zameen-ki-paidawar-pr-ushur-kahukum-144209200412/19-04-2021,زمین کی پیداوار پر عشر کا حکم,"<p><p style=""text-align:justify;"">ایک آدمی نے اپنی زمین کاشت کی،  اس سے جو آمدنی ہوئی اس پر عشر بنتا ہے، وہ آدمی قرض دار  ہے،  اور صاحبِ  نصاب بھی نہیں ہے،  یعنی کوئی  پیسہ اس کے پاس نہیں ہے اور نہ سونا چاندی  ہے، ایسی صورت میں عشر کا کیا حکم ہوگا؟</p></p>","<p><p style=""text-align:justify;"">واضح رہے  کہ زمین کی پیدار پر عشر یعنی کل پیداوار کا دسواں حصہ یا نصف عشر یعنی کل پیداوار کا پیسواں حصہ لازم آنے کا تعلق  عشری زمین کی پیداوار سے ہے، نہ کہ پیداوار  سے ہونے والی آمدنی سے، لہذا صورتِ  مسئولہ میں پیداوار کی آمدنی پر عشر لازم نہیں ہوگا، بلکہ کھیتی  کٹنے کے بعد عشری بارانی   زمین پر عشر لازم ہوگا، یعنی جس زمین کو سیراب کرنے کے لیے پانی کے اضافی اخراجات نہ اٹھانے پڑتے ہوں، اس کی پیداوار کا دسواں حصہ  (دس فیصد) دینا لازم ہوگا، اور غیر بارانی  زمین یعنی جس زمین کو ٹیوب ویل وغیرہ سے سیراب کیا گیا ہو اس پر نصف عشر ، یعنی بیسواں حصہ  (پانچ فیصد) لازم ہوگا۔  نیز کاشت کار کے مقروض ہونے کی صورت میں عشر یا نصف عشر ساقط نہیں ہوگا۔</p><p style=""text-align:justify;"">فتاوی ہندیہ میں ہے:</p><p class=""indent"" style=""text-align:justify;""><span class=""ar_writing"">وَيَجِبُ الْعُشْرُ عِنْدَ أَبِي حَنِيفَةَ - رَحِمَهُ اللَّهُ تَعَالَى - فِي كُلِّ مَا تُخْرِجُهُ الْأَرْضُ مِنْ الْحِنْطَةِ وَالشَّعِيرِ وَالدُّخْنِ وَالْأَرْزِ، وَأَصْنَافِ الْحُبُوبِ وَالْبُقُولِ وَالرَّيَاحِينِ وَالْأَوْرَادِ وَالرِّطَابِ وَقَصَبِ السُّكَّرِ وَالذَّرِيرَةِ وَالْبِطِّيخِ وَالْقِثَّاءِ وَالْخِيَارِ وَالْبَاذِنْجَانِ وَالْعُصْفُرِ، وَأَشْبَاهِ ذَلِكَ مِمَّا لَهُ ثَمَرَةٌ بَاقِيَةٌ أَوْ غَيْرُ بَاقِيَةٍ قَلَّ أَوْ كَثُرَ هَكَذَا فِي فَتَاوَى قَاضِي خَانْ سَوَاءٌ يُسْقَى بِمَاءِ السَّمَاءِ أَوْ سَيْحًا يَقَعُ فِي الْوَسْقِ أَوْ لَا يَقَعُ هَكَذَا فِي شَرْحِ الطَّحَاوِيِّ وَيَجِبُ فِي الْكَتَّانِ وَبَذْرِهِ؛ لِأَنَّ كُلَّ وَاحِدٍ مِنْهُمَا مَقْصُودٌ كَذَا فِي شَرْحِ الْمَجْمَعِ. وَيَجِبُ فِي الْجَوْزِ وَاللَّوْزِ وَالْكَمُّونِ وَالْكُزْبَرَةِ، هَكَذَا فِي الْمُضْمَرَاتِ.</span></p><p class=""indent"" style=""text-align:left;""><span class=""ar_writing"">( كتاب الزكوة، الْبَابُ السَّادِسُ فِي زَكَاةِ الزَّرْعِ وَالثِّمَارِ، ١ / ١٨٦، ط: دار الفكر)</span></p><p style=""text-align:justify;"">فتاوی ہندیہ میں ہے:</p><p class=""indent"" style=""text-align:justify;""><span class=""ar_writing"">وَمَا سُقِيَ بِالدُّولَابِ وَالدَّالِيَةِ فَفِيهِ نِصْفُ الْعُشْرِ، وَإِنْ سُقِيَ سَيْحًا وَبِدَالِيَةٍ يُعْتَبَرُ أَكْثَرُ السَّنَةِ فَإِنْ اسْتَوَيَا يَجِبُ نِصْفُ الْعُشْرِ، كَذَا فِي خِزَانَةِ الْمُفْتِينَ.</span></p><p class=""indent"" style=""text-align:left;""><span class=""ar_writing"">( كتاب الزكوة، الْبَابُ السَّادِسُ فِي زَكَاةِ الزَّرْعِ وَالثِّمَارِ، ١ / ١٨٦، ط: دار الفكر)</span></p><p class=""indent"" style=""text-align:left;"">فقط واللہ اعلم</p></p><hr class=""big-hr""/>",19-04-2021,144209200412,banuri.edu.pk,زکات,عشر اور خراج,عشر اور خراج کا وجوب، حکم اور شرائط,"<div class=""col-md-12 sawal-jawab""><h3 class=""question_heading"">سوال</h3><p><p style=""text-align:justify;"">ایک آدمی نے اپنی زمین کاشت کی،  اس سے جو آمدنی ہوئی اس پر عشر بنتا ہے، وہ آدمی قرض دار  ہے،  اور صاحبِ  نصاب بھی نہیں ہے،  یعنی کوئی  پیسہ اس کے پاس نہیں ہے اور نہ سونا چاندی  ہے، ایسی صورت میں عشر کا کیا حکم ہوگا؟</p></p><h4 class=""question_heading"">جواب</h4><p><p style=""text-align:justify;"">واضح رہے  کہ زمین کی پیدار پر عشر یعنی کل پیداوار کا دسواں حصہ یا نصف عشر یعنی کل پیداوار کا پیسواں حصہ لازم آنے کا تعلق  عشری زمین کی پیداوار سے ہے، نہ کہ پیداوار  سے ہونے والی آمدنی سے، لہذا صورتِ  مسئولہ میں پیداوار کی آمدنی پر عشر لازم نہیں ہوگا، بلکہ کھیتی  کٹنے کے بعد عشری بارانی   زمین پر عشر لازم ہوگا، یعنی جس زمین کو سیراب کرنے کے لیے پانی کے اضافی اخراجات نہ اٹھانے پڑتے ہوں، اس کی پیداوار کا دسواں حصہ  (دس فیصد) دینا لازم ہوگا، اور غیر بارانی  زمین یعنی جس زمین کو ٹیوب ویل وغیرہ سے سیراب کیا گیا ہو اس پر نصف عشر ، یعنی بیسواں حصہ  (پانچ فیصد) لازم ہوگا۔  نیز کاشت کار کے مقروض ہونے کی صورت میں عشر یا نصف عشر ساقط نہیں ہوگا۔</p><p style=""text-align:justify;"">فتاوی ہندیہ میں ہے:</p><p class=""indent"" style=""text-align:justify;""><span class=""ar_writing"">وَيَجِبُ الْعُشْرُ عِنْدَ أَبِي حَنِيفَةَ - رَحِمَهُ اللَّهُ تَعَالَى - فِي كُلِّ مَا تُخْرِجُهُ الْأَرْضُ مِنْ الْحِنْطَةِ وَالشَّعِيرِ وَالدُّخْنِ وَالْأَرْزِ، وَأَصْنَافِ الْحُبُوبِ وَالْبُقُولِ وَالرَّيَاحِينِ وَالْأَوْرَادِ وَالرِّطَابِ وَقَصَبِ السُّكَّرِ وَالذَّرِيرَةِ وَالْبِطِّيخِ وَالْقِثَّاءِ وَالْخِيَارِ وَالْبَاذِنْجَانِ وَالْعُصْفُرِ، وَأَشْبَاهِ ذَلِكَ مِمَّا لَهُ ثَمَرَةٌ بَاقِيَةٌ أَوْ غَيْرُ بَاقِيَةٍ قَلَّ أَوْ كَثُرَ هَكَذَا فِي فَتَاوَى قَاضِي خَانْ سَوَاءٌ يُسْقَى بِمَاءِ السَّمَاءِ أَوْ سَيْحًا يَقَعُ فِي الْوَسْقِ أَوْ لَا يَقَعُ هَكَذَا فِي شَرْحِ الطَّحَاوِيِّ وَيَجِبُ فِي الْكَتَّانِ وَبَذْرِهِ؛ لِأَنَّ كُلَّ وَاحِدٍ مِنْهُمَا مَقْصُودٌ كَذَا فِي شَرْحِ الْمَجْمَعِ. وَيَجِبُ فِي الْجَوْزِ وَاللَّوْزِ وَالْكَمُّونِ وَالْكُزْبَرَةِ، هَكَذَا فِي الْمُضْمَرَاتِ.</span></p><p class=""indent"" style=""text-align:left;""><span class=""ar_writing"">( كتاب الزكوة، الْبَابُ السَّادِسُ فِي زَكَاةِ الزَّرْعِ وَالثِّمَارِ، ١ / ١٨٦، ط: دار الفكر)</span></p><p style=""text-align:justify;"">فتاوی ہندیہ میں ہے:</p><p class=""indent"" style=""text-align:justify;""><span class=""ar_writing"">وَمَا سُقِيَ بِالدُّولَابِ وَالدَّالِيَةِ فَفِيهِ نِصْفُ الْعُشْرِ، وَإِنْ سُقِيَ سَيْحًا وَبِدَالِيَةٍ يُعْتَبَرُ أَكْثَرُ السَّنَةِ فَإِنْ اسْتَوَيَا يَجِبُ نِصْفُ الْعُشْرِ، كَذَا فِي خِزَانَةِ الْمُفْتِينَ.</span></p><p class=""indent"" style=""text-align:left;""><span class=""ar_writing"">( كتاب الزكوة، الْبَابُ السَّادِسُ فِي زَكَاةِ الزَّرْعِ وَالثِّمَارِ، ١ / ١٨٦، ط: دار الفكر)</span></p><p class=""indent"" style=""text-align:left;"">فقط واللہ اعلم</p></p><hr class=""big-hr""/><div class=""col-sm-6 col-md-6""><p class=""question_heading"" style=""color:#73161f"">فتویٰ نمبر : <a id=""fatwa_number"">144209200412</a></p></div><div class=""col-sm-6 col-md-6""><p style=""color:#73161f"">دارالافتاء :
                                جامعہ علوم اسلامیہ علامہ محمد یوسف بنوری ٹاؤن</p></div><hr class=""big-hr""/><div class=""col-sm-4 col-md-4""><div class=""tag""><a href=""https://www.banuri.edu.pk/questions/kitab/zakat""><i class=""icon-docs-bold""></i> زکات</a></div></div><div class=""col-sm-4 col-md-4""><div class=""tag""><a href=""https://www.banuri.edu.pk/questions/bab/ushar-aur-khiraaj""><i class=""icon-docs-bold""></i> عشر اور خراج</a></div></div><div class=""col-sm-4 col-md-4""><div class=""tag""><a href=""https://www.banuri.edu.pk/questions/fasal/ushr-aur-khiraaj-ka-wujoob-hukum-aur-sharaet""><i class=""icon-docs-bold""></i> عشر اور خراج کا وجوب، حکم اور شرائط</a></div></div></div>"
https://www.banuri.edu.pk/readquestion/andhera-144209200460/19-04-2021,اندھیرے میں نماز پڑھنا,"<p><p style=""text-align:justify;"">کیا روشنی بند کر کے مسجد یا گھر میں نماز پڑھی  جا سکتی ہے؟  کوئی حدیث ہے تو  راہ نمائی فرما دیں!</p></p>","<p><p style=""text-align:justify;"">روشنی یا  اندھیرے دونوں  میں نماز پڑھنا جائز ہے۔<span lang=""ar-sa"" xml:lang=""ar-sa""> حضور اقدس صلی اللہ علیہ وسلم سے اندھیرے میں نماز پڑھنا منقول ہے۔ </span></p><p class=""indent"" style=""text-align:justify;""><span class=""ar_writing""><span lang=""ar-sa"" xml:lang=""ar-sa"">""عن عائشة زوج النبي صلی اللہ علیه وسلم أنها قالت: کنت أنام بین یدي رسول اللہ صلی اللہ علیه و سلم، و رجلاي في قبلته، فإذا سجد غمزني فقبضتُ رجليَّ، فإذا قام بسطتُھا، قالت: والبیوت یومئذ لیس فیها مصابیح.""</span></span></p><p class=""indent"" style=""text-align:left;""><span class=""ar_writing""><span lang=""ar-sa"" xml:lang=""ar-sa"">(صحيح البخاري:</span><span lang=""fa"" xml:lang=""fa"">۱/۷۳</span><span lang=""ar-sa"" xml:lang=""ar-sa"">، باب التطوع خلف المرأة)</span></span></p><p style=""margin:0 0 30px;color:#323232;line-height:36px;font-weight:bold;font-size:17px;font-family:Nafees,'Helvetica Neue',Helvetica,Arial,sans-serif;background-color:#fff;text-align:justify;""><span style=""font-family:Nafees,sans-serif;font-size:18px;""> خواتین کے لیے گھر کے اندرونی حصہ میں نماز ادا کرنا افضل ہے۔</span>مسند احمد میں ہے:</p><p class=""indent"" style=""text-align:justify;""><span class=""ar_writing"">""حدثنا هارون حدثنا عبد الله بن وهب قال حدثني داود بن قيس عن عبد الله بن سويد الأنصاري عن عمته أم حميد امرأة أبي حميد الساعدي أنها جاءت النبي صلى الله عليه وسلم فقالت: يا رسول الله إني أحب الصلاة معك! قال: قد علمت أنك تحبين الصلاة معي وصلاتك في بيتك خير لك من صلاتك في حجرتك، وصلاتك في حجرتك خير من صلاتك في دارك، وصلاتك في دارك خير لك من صلاتك في مسجد قومك، وصلاتك في مسجد قومك خير لك من صلاتك في مسجدي، قال: فأمرت فبني لها مسجد في أقصى شيء من بيتها وأظلمه فكانت تصلي فيه حتى لقيت الله عز وجل.""</span></p><p class=""indent"" style=""text-align:left;""><span class=""ar_writing"">( باقي مسانيد الانصار، حديث ام حميد رضي الله عنها، ٦ / ٣٧١، رقم الحديث: ٢٦٥٥٠)</span></p><p class=""indent"" style=""margin:0 0 30px;color:#323232;line-height:36px;font-weight:bold;font-size:17px;font-family:Nafees,'Helvetica Neue',Helvetica,Arial,sans-serif;background-color:#fff;text-align:justify;"">ترجمہ: ""حضرت امّ حمید رضی اللہ عنہا نے بارگاہِ نبوی ﷺ میں حاضر ہوکر عرض کیا کہ مجھے آپ کے ساتھ نماز پڑھنے کا شوق ہے، آپ ﷺ نے فرمایا:تمہارا شوق (اور دینی جذبہ) بہت اچھا ہے، مگر تمہاری نماز اندرونی کوٹھری میں کمرے کی نماز سے بہتر ہے، اور کمرے کی نماز گھر کے احاطے کی نماز سے بہتر ہے، اور گھر کے احاطے کی نماز محلے کی مسجد سے بہتر ہے، اور محلے کی مسجد کی نماز میری مسجد (مسجدِ نبوی) کی نماز سے بہتر ہے۔</p><p class=""indent"" style=""margin:0 0 30px;color:#323232;line-height:36px;font-weight:bold;font-size:17px;font-family:Nafees,'Helvetica Neue',Helvetica,Arial,sans-serif;background-color:#fff;text-align:justify;"">چناں چہ حضرت امّ حمید ساعدی رضی اللہ عنہا نے فرمائش کرکے اپنے لیے  کوٹھری  کے آخری کونے میں جہاں سب سے زیادہ اندھیرا رہتا تھا مسجد (نماز پڑھنے کی جگہ) بنوائی،  وہیں نماز پڑھا کرتی تھیں، یہاں تک کہ ان کا وصال ہوگیا اور اپنے خدا کے حضور حاضر ہوئیں۔""</p><p class=""indent"" style=""margin:0 0 30px;color:#323232;line-height:36px;font-weight:bold;font-size:17px;font-family:Nafees,'Helvetica Neue',Helvetica,Arial,sans-serif;background-color:#fff;text-align:left;"">فقط واللہ اعلم</p></p><hr class=""big-hr""/>",19-04-2021,144209200460,banuri.edu.pk,نماز,نماز کا طریقہ,نماز کے آداب,"<div class=""col-md-12 sawal-jawab""><h3 class=""question_heading"">سوال</h3><p><p style=""text-align:justify;"">کیا روشنی بند کر کے مسجد یا گھر میں نماز پڑھی  جا سکتی ہے؟  کوئی حدیث ہے تو  راہ نمائی فرما دیں!</p></p><h4 class=""question_heading"">جواب</h4><p><p style=""text-align:justify;"">روشنی یا  اندھیرے دونوں  میں نماز پڑھنا جائز ہے۔<span lang=""ar-sa"" xml:lang=""ar-sa""> حضور اقدس صلی اللہ علیہ وسلم سے اندھیرے میں نماز پڑھنا منقول ہے۔ </span></p><p class=""indent"" style=""text-align:justify;""><span class=""ar_writing""><span lang=""ar-sa"" xml:lang=""ar-sa"">""عن عائشة زوج النبي صلی اللہ علیه وسلم أنها قالت: کنت أنام بین یدي رسول اللہ صلی اللہ علیه و سلم، و رجلاي في قبلته، فإذا سجد غمزني فقبضتُ رجليَّ، فإذا قام بسطتُھا، قالت: والبیوت یومئذ لیس فیها مصابیح.""</span></span></p><p class=""indent"" style=""text-align:left;""><span class=""ar_writing""><span lang=""ar-sa"" xml:lang=""ar-sa"">(صحيح البخاري:</span><span lang=""fa"" xml:lang=""fa"">۱/۷۳</span><span lang=""ar-sa"" xml:lang=""ar-sa"">، باب التطوع خلف المرأة)</span></span></p><p style=""margin:0 0 30px;color:#323232;line-height:36px;font-weight:bold;font-size:17px;font-family:Nafees,'Helvetica Neue',Helvetica,Arial,sans-serif;background-color:#fff;text-align:justify;""><span style=""font-family:Nafees,sans-serif;font-size:18px;""> خواتین کے لیے گھر کے اندرونی حصہ میں نماز ادا کرنا افضل ہے۔</span>مسند احمد میں ہے:</p><p class=""indent"" style=""text-align:justify;""><span class=""ar_writing"">""حدثنا هارون حدثنا عبد الله بن وهب قال حدثني داود بن قيس عن عبد الله بن سويد الأنصاري عن عمته أم حميد امرأة أبي حميد الساعدي أنها جاءت النبي صلى الله عليه وسلم فقالت: يا رسول الله إني أحب الصلاة معك! قال: قد علمت أنك تحبين الصلاة معي وصلاتك في بيتك خير لك من صلاتك في حجرتك، وصلاتك في حجرتك خير من صلاتك في دارك، وصلاتك في دارك خير لك من صلاتك في مسجد قومك، وصلاتك في مسجد قومك خير لك من صلاتك في مسجدي، قال: فأمرت فبني لها مسجد في أقصى شيء من بيتها وأظلمه فكانت تصلي فيه حتى لقيت الله عز وجل.""</span></p><p class=""indent"" style=""text-align:left;""><span class=""ar_writing"">( باقي مسانيد الانصار، حديث ام حميد رضي الله عنها، ٦ / ٣٧١، رقم الحديث: ٢٦٥٥٠)</span></p><p class=""indent"" style=""margin:0 0 30px;color:#323232;line-height:36px;font-weight:bold;font-size:17px;font-family:Nafees,'Helvetica Neue',Helvetica,Arial,sans-serif;background-color:#fff;text-align:justify;"">ترجمہ: ""حضرت امّ حمید رضی اللہ عنہا نے بارگاہِ نبوی ﷺ میں حاضر ہوکر عرض کیا کہ مجھے آپ کے ساتھ نماز پڑھنے کا شوق ہے، آپ ﷺ نے فرمایا:تمہارا شوق (اور دینی جذبہ) بہت اچھا ہے، مگر تمہاری نماز اندرونی کوٹھری میں کمرے کی نماز سے بہتر ہے، اور کمرے کی نماز گھر کے احاطے کی نماز سے بہتر ہے، اور گھر کے احاطے کی نماز محلے کی مسجد سے بہتر ہے، اور محلے کی مسجد کی نماز میری مسجد (مسجدِ نبوی) کی نماز سے بہتر ہے۔</p><p class=""indent"" style=""margin:0 0 30px;color:#323232;line-height:36px;font-weight:bold;font-size:17px;font-family:Nafees,'Helvetica Neue',Helvetica,Arial,sans-serif;background-color:#fff;text-align:justify;"">چناں چہ حضرت امّ حمید ساعدی رضی اللہ عنہا نے فرمائش کرکے اپنے لیے  کوٹھری  کے آخری کونے میں جہاں سب سے زیادہ اندھیرا رہتا تھا مسجد (نماز پڑھنے کی جگہ) بنوائی،  وہیں نماز پڑھا کرتی تھیں، یہاں تک کہ ان کا وصال ہوگیا اور اپنے خدا کے حضور حاضر ہوئیں۔""</p><p class=""indent"" style=""margin:0 0 30px;color:#323232;line-height:36px;font-weight:bold;font-size:17px;font-family:Nafees,'Helvetica Neue',Helvetica,Arial,sans-serif;background-color:#fff;text-align:left;"">فقط واللہ اعلم</p></p><hr class=""big-hr""/><div class=""col-sm-6 col-md-6""><p class=""question_heading"" style=""color:#73161f"">فتویٰ نمبر : <a id=""fatwa_number"">144209200460</a></p></div><div class=""col-sm-6 col-md-6""><p style=""color:#73161f"">دارالافتاء :
                                جامعہ علوم اسلامیہ علامہ محمد یوسف بنوری ٹاؤن</p></div><hr class=""big-hr""/><div class=""col-sm-4 col-md-4""><div class=""tag""><a href=""https://www.banuri.edu.pk/questions/kitab/salat""><i class=""icon-docs-bold""></i> نماز</a></div></div><div class=""col-sm-4 col-md-4""><div class=""tag""><a href=""https://www.banuri.edu.pk/questions/bab/namaz-ka-tariqah""><i class=""icon-docs-bold""></i> نماز کا طریقہ</a></div></div><div class=""col-sm-4 col-md-4""><div class=""tag""><a href=""https://www.banuri.edu.pk/questions/fasal/namaz-ke-aadab""><i class=""icon-docs-bold""></i> نماز کے آداب</a></div></div></div>"
https://www.banuri.edu.pk/readquestion/niyat-dil-k-irady-k-naam-hy-144209200331/18-04-2021,نیت دل کے ارادے کا نام ہے اور زبان سے استحضار کر لینا بہتر ہے,"<p><p style=""text-align:justify;""><span class=""ur_writing""><strong>اگر کوئی بندہ جان بوجھ کر کہتا ہے کہ   میں روزہ تو رکھتا  ہوں  پرنیت نہیں کروں گا، تھوڑی وضاحت فرما دیں !</strong></span></p></p>","<p><p style=""text-align:justify;""><span class=""ur_writing""><strong>واضح رہے کہ نیت  دِل کے ارادے کا نام ہے اور رمضان کے مہینے میں روزے کی نیت کرنا ضروری ہے، دل میں ارادہ کر لینا بھی کافی ہے،  بہرحال اس نیت کے استحضار کے لیے اگر زبان سے بھی نیت کر لیں تو  بہتر ہے، روزہ  دار کے لیے رمضان کے مہینے  میں رات ہی سے  روزہ کی  نیت کر لینا مستحب ہے اور اگر رات کو  یعنی صبح صادق تک) نیت نہ کر سکا یا بھول گیا تو نصفِ نہار شرعی سے پہلے پہلے روزے کی نیت کرنا ضروری ہے۔نصفِ نہار شرعی سے مراد یہ ہے کہ اگر  صبح صادق کے طلوع اور سورج کے غروب کے وقت کو  دو حصوں میں تقسیم کیا جائے تو اس کے درمیانی نقطے کو نصفِ نہارِ شرعی  کہتے ہیں۔ نیز فقہاء کرام علیہم الرحمہ نے  یہ بھی لکھا ہے کہ رمضان المبارک میں روزے کے ارادے سے سحری کرنا بھی نیت کے قائم مقام ہے۔</strong></span></p><p style=""text-align:justify;""><span class=""ur_writing""><strong>لہذا  صورتِ  مسئولہ میں اگر کوئی  روزے کے ارادے سے سحری کرتا ہے تو  اس کا روزہ ہو جائے گا، مذکورہ شخص کا یہ کہنا کہ""روزہ تو رکھتا ہوں پر نیت نہیں کروں گا""  یہی روزے  کی نیت کے لیے کافی  ہے، اس سے بھی روزہ ہو جائے گا،  تاہم زبان سے  بھی  بلاتردد نیت کر لی  جائے تو  زیادہ   بہتر  ہے۔ </strong></span></p><p style=""text-align:justify;""><span class=""ur_writing""><strong>الدر المختار وحاشية ابن عابدين میں ہے:</strong></span></p><p class=""indent"" style=""text-align:justify;""><span class=""ar_writing"">(فيصح) أداء (صوم رمضان والنذر المعين والنفل بنية من الليل) فلاتصح قبل الغروب ولا عنده (إلى الضحوة الكبرى لا) بعدها.</span><span class=""ar_writing"">(قوله: بنية) قال في الاختيار النية شرط في الصوم وهي أن يعلم بقلبه أنه يصوم ولا يخلو مسلم عن هذا في ليالي شهر رمضان، وليست النية باللسان شرطا ولا خلاف في أول وقتها وهو غروب الشمس واختلفوا في آخره كما يأتي. اهـ. (قوله: إلى الضحوة الكبرى) المراد بها نصف النهار الشرعي والنهار الشرعي من استطارة الضوء في أفق المشرق إلى غروب الشمس والغاية غير داخلة في المغيا كما أشار إليه المصنف بقوله لا عندها. اهـ.</span></p><p class=""indent"" style=""text-align:left;""><span class=""ur_writing""><strong>(كتاب الصوم، ج: 2 ،صفحہ: 377، ط: ایچ، ایم، سعید)</strong></span></p><p class=""indent"" style=""text-align:left;""><span class=""ur_writing""><strong>فقط واللہ اعلم</strong></span></p></p><hr class=""big-hr""/>",18-04-2021,144209200331,banuri.edu.pk,روزہ,روزہ توڑنے والی چیزیں,روزہ نہ توڑنے والی چیزیں,"<div class=""col-md-12 sawal-jawab""><h3 class=""question_heading"">سوال</h3><p><p style=""text-align:justify;""><span class=""ur_writing""><strong>اگر کوئی بندہ جان بوجھ کر کہتا ہے کہ   میں روزہ تو رکھتا  ہوں  پرنیت نہیں کروں گا، تھوڑی وضاحت فرما دیں !</strong></span></p></p><h4 class=""question_heading"">جواب</h4><p><p style=""text-align:justify;""><span class=""ur_writing""><strong>واضح رہے کہ نیت  دِل کے ارادے کا نام ہے اور رمضان کے مہینے میں روزے کی نیت کرنا ضروری ہے، دل میں ارادہ کر لینا بھی کافی ہے،  بہرحال اس نیت کے استحضار کے لیے اگر زبان سے بھی نیت کر لیں تو  بہتر ہے، روزہ  دار کے لیے رمضان کے مہینے  میں رات ہی سے  روزہ کی  نیت کر لینا مستحب ہے اور اگر رات کو  یعنی صبح صادق تک) نیت نہ کر سکا یا بھول گیا تو نصفِ نہار شرعی سے پہلے پہلے روزے کی نیت کرنا ضروری ہے۔نصفِ نہار شرعی سے مراد یہ ہے کہ اگر  صبح صادق کے طلوع اور سورج کے غروب کے وقت کو  دو حصوں میں تقسیم کیا جائے تو اس کے درمیانی نقطے کو نصفِ نہارِ شرعی  کہتے ہیں۔ نیز فقہاء کرام علیہم الرحمہ نے  یہ بھی لکھا ہے کہ رمضان المبارک میں روزے کے ارادے سے سحری کرنا بھی نیت کے قائم مقام ہے۔</strong></span></p><p style=""text-align:justify;""><span class=""ur_writing""><strong>لہذا  صورتِ  مسئولہ میں اگر کوئی  روزے کے ارادے سے سحری کرتا ہے تو  اس کا روزہ ہو جائے گا، مذکورہ شخص کا یہ کہنا کہ""روزہ تو رکھتا ہوں پر نیت نہیں کروں گا""  یہی روزے  کی نیت کے لیے کافی  ہے، اس سے بھی روزہ ہو جائے گا،  تاہم زبان سے  بھی  بلاتردد نیت کر لی  جائے تو  زیادہ   بہتر  ہے۔ </strong></span></p><p style=""text-align:justify;""><span class=""ur_writing""><strong>الدر المختار وحاشية ابن عابدين میں ہے:</strong></span></p><p class=""indent"" style=""text-align:justify;""><span class=""ar_writing"">(فيصح) أداء (صوم رمضان والنذر المعين والنفل بنية من الليل) فلاتصح قبل الغروب ولا عنده (إلى الضحوة الكبرى لا) بعدها.</span><span class=""ar_writing"">(قوله: بنية) قال في الاختيار النية شرط في الصوم وهي أن يعلم بقلبه أنه يصوم ولا يخلو مسلم عن هذا في ليالي شهر رمضان، وليست النية باللسان شرطا ولا خلاف في أول وقتها وهو غروب الشمس واختلفوا في آخره كما يأتي. اهـ. (قوله: إلى الضحوة الكبرى) المراد بها نصف النهار الشرعي والنهار الشرعي من استطارة الضوء في أفق المشرق إلى غروب الشمس والغاية غير داخلة في المغيا كما أشار إليه المصنف بقوله لا عندها. اهـ.</span></p><p class=""indent"" style=""text-align:left;""><span class=""ur_writing""><strong>(كتاب الصوم، ج: 2 ،صفحہ: 377، ط: ایچ، ایم، سعید)</strong></span></p><p class=""indent"" style=""text-align:left;""><span class=""ur_writing""><strong>فقط واللہ اعلم</strong></span></p></p><hr class=""big-hr""/><div class=""col-sm-6 col-md-6""><p class=""question_heading"" style=""color:#73161f"">فتویٰ نمبر : <a id=""fatwa_number"">144209200331</a></p></div><div class=""col-sm-6 col-md-6""><p style=""color:#73161f"">دارالافتاء :
                                جامعہ علوم اسلامیہ علامہ محمد یوسف بنوری ٹاؤن</p></div><hr class=""big-hr""/><div class=""col-sm-4 col-md-4""><div class=""tag""><a href=""https://www.banuri.edu.pk/questions/kitab/soum""><i class=""icon-docs-bold""></i> روزہ</a></div></div><div class=""col-sm-4 col-md-4""><div class=""tag""><a href=""https://www.banuri.edu.pk/questions/bab/roza-torne-wali-chezen""><i class=""icon-docs-bold""></i> روزہ توڑنے والی چیزیں</a></div></div><div class=""col-sm-4 col-md-4""><div class=""tag""><a href=""https://www.banuri.edu.pk/questions/fasal/roza-na-torne-wali-chezen""><i class=""icon-docs-bold""></i> روزہ نہ توڑنے والی چیزیں</a></div></div></div>"
https://www.banuri.edu.pk/readquestion/sali-ko-sdqa-ftr-dena-144209200333/18-04-2021,سالی کو صدقہ فطر دینا,"<p><p style=""text-align:justify;"">کیا صدقہ فطر اپنی سالی کو دیا جاسکتا ہے؟ </p></p>","<p><p style=""text-align:justify;"">صورتِ مسئولہ میں اگر آپ کی سالی مستحقِ زکاۃ ہے (یعنی اس کی ذاتی ملکیت میں بنیادی ضرورت سے زائد اتنا مال یا سامان موجود نہ ہو جس کی قیمت ساڑھے باون تولہ چاندی کی مالیت کے برابر ہو، اور وہ ہاشمی یعنی سید، عباسی وغیرہ بھی نہیں ہے)  نیز آپ کے ان کے ساتھ مشترک منافع بھی نہیں ہیں  (یعنی کھانا پینا مشترک نہیں ہے، اور جو چیز اسے دیں گے وہ لوٹ کر آپ کے پاس نہیں آئے گی) تو آپ کا  اپنی سالی کو صدقہ فطر  دینا جائز ہے۔ فقط واللہ اعلم </p></p><hr class=""big-hr""/>",18-04-2021,144209200333,banuri.edu.pk,زکات,صدقہ فطر,مصارف,"<div class=""col-md-12 sawal-jawab""><h3 class=""question_heading"">سوال</h3><p><p style=""text-align:justify;"">کیا صدقہ فطر اپنی سالی کو دیا جاسکتا ہے؟ </p></p><h4 class=""question_heading"">جواب</h4><p><p style=""text-align:justify;"">صورتِ مسئولہ میں اگر آپ کی سالی مستحقِ زکاۃ ہے (یعنی اس کی ذاتی ملکیت میں بنیادی ضرورت سے زائد اتنا مال یا سامان موجود نہ ہو جس کی قیمت ساڑھے باون تولہ چاندی کی مالیت کے برابر ہو، اور وہ ہاشمی یعنی سید، عباسی وغیرہ بھی نہیں ہے)  نیز آپ کے ان کے ساتھ مشترک منافع بھی نہیں ہیں  (یعنی کھانا پینا مشترک نہیں ہے، اور جو چیز اسے دیں گے وہ لوٹ کر آپ کے پاس نہیں آئے گی) تو آپ کا  اپنی سالی کو صدقہ فطر  دینا جائز ہے۔ فقط واللہ اعلم </p></p><hr class=""big-hr""/><div class=""col-sm-6 col-md-6""><p class=""question_heading"" style=""color:#73161f"">فتویٰ نمبر : <a id=""fatwa_number"">144209200333</a></p></div><div class=""col-sm-6 col-md-6""><p style=""color:#73161f"">دارالافتاء :
                                جامعہ علوم اسلامیہ علامہ محمد یوسف بنوری ٹاؤن</p></div><hr class=""big-hr""/><div class=""col-sm-4 col-md-4""><div class=""tag""><a href=""https://www.banuri.edu.pk/questions/kitab/zakat""><i class=""icon-docs-bold""></i> زکات</a></div></div><div class=""col-sm-4 col-md-4""><div class=""tag""><a href=""https://www.banuri.edu.pk/questions/bab/sadqa-fitr""><i class=""icon-docs-bold""></i> صدقہ فطر</a></div></div><div class=""col-sm-4 col-md-4""><div class=""tag""><a href=""https://www.banuri.edu.pk/questions/fasal/masaaref""><i class=""icon-docs-bold""></i> مصارف</a></div></div></div>"
https://www.banuri.edu.pk/readquestion/emama-k-shamly-ki-lambai-144209200410/19-04-2021,عمامہ کے شملہ کی لمبائی,"<p><p style=""text-align:justify;""><span class=""ur_writing"">عمامہ کے شملہ کی لمبائی کتنی ہو؟</span></p></p>","<p><p style=""text-align:justify;""><span class=""ur_writing"">عمامہ کے شملہ کی لمبائی کے بارے میں  معجم طبرانی اوسط کی ایک روایت سےمعلوم ہوتا ہے کہ آپ صلی اللہ علیہ وسلم نے عبد الرحمن بن عوف رضی اللہ عنہ کے سر مبارک پر عمامہ باندھا اور اس کا شملہ چار انگل کے بقدر  رکھ کر اس کی تحسین فرمائی۔ جب کہ مصنف ابن ابی شیبہ کی ایک روایت میں عبد اللہ بن زبیر رضی اللہ سے  ایک شرعی گز   (ڈیڑھ فٹ) کے بقدر اور ایک روایت کے مطابق ایک بالشت کے بقدر شملہ  چھوڑنا منقول ہے۔ خلاصہ یہ ہے کہ عمامہ کا ""شملہ"" معتدل ہونا چاہیے، اتنا زیادہ لمبا رکھنا  جس  سے تکبر کی کیفیت پیدا ہو، اِسبال (کپڑا لٹکانے) کے تحت داخل ہے، جو اَز روئے حدیث منع ہے۔</span></p><p style=""text-align:justify;""><span class=""ur_writing"">المعجم الأوسط (8/ 369):</span></p><p class=""indent"" style=""text-align:justify;""><span class=""ar_writing"">""عن عروة، عن عائشة، قالت: عمم رسول الله صلى الله عليه وسلم عبد الرحمن بن عوف، وأرخى له أربع أصابع، وقال: «إني لما صعدت إلى السماء رأيت أكثر الملائكة معتمين».""</span></p><p class=""indent"" style=""text-align:left;""><span class=""ur_writing"">فقط واللہ اعلم</span></p></p><hr class=""big-hr""/>",19-04-2021,144209200410,banuri.edu.pk,حظر و اباحت,زیب و زینت,زیب و زینت کی اشیاء,"<div class=""col-md-12 sawal-jawab""><h3 class=""question_heading"">سوال</h3><p><p style=""text-align:justify;""><span class=""ur_writing"">عمامہ کے شملہ کی لمبائی کتنی ہو؟</span></p></p><h4 class=""question_heading"">جواب</h4><p><p style=""text-align:justify;""><span class=""ur_writing"">عمامہ کے شملہ کی لمبائی کے بارے میں  معجم طبرانی اوسط کی ایک روایت سےمعلوم ہوتا ہے کہ آپ صلی اللہ علیہ وسلم نے عبد الرحمن بن عوف رضی اللہ عنہ کے سر مبارک پر عمامہ باندھا اور اس کا شملہ چار انگل کے بقدر  رکھ کر اس کی تحسین فرمائی۔ جب کہ مصنف ابن ابی شیبہ کی ایک روایت میں عبد اللہ بن زبیر رضی اللہ سے  ایک شرعی گز   (ڈیڑھ فٹ) کے بقدر اور ایک روایت کے مطابق ایک بالشت کے بقدر شملہ  چھوڑنا منقول ہے۔ خلاصہ یہ ہے کہ عمامہ کا ""شملہ"" معتدل ہونا چاہیے، اتنا زیادہ لمبا رکھنا  جس  سے تکبر کی کیفیت پیدا ہو، اِسبال (کپڑا لٹکانے) کے تحت داخل ہے، جو اَز روئے حدیث منع ہے۔</span></p><p style=""text-align:justify;""><span class=""ur_writing"">المعجم الأوسط (8/ 369):</span></p><p class=""indent"" style=""text-align:justify;""><span class=""ar_writing"">""عن عروة، عن عائشة، قالت: عمم رسول الله صلى الله عليه وسلم عبد الرحمن بن عوف، وأرخى له أربع أصابع، وقال: «إني لما صعدت إلى السماء رأيت أكثر الملائكة معتمين».""</span></p><p class=""indent"" style=""text-align:left;""><span class=""ur_writing"">فقط واللہ اعلم</span></p></p><hr class=""big-hr""/><div class=""col-sm-6 col-md-6""><p class=""question_heading"" style=""color:#73161f"">فتویٰ نمبر : <a id=""fatwa_number"">144209200410</a></p></div><div class=""col-sm-6 col-md-6""><p style=""color:#73161f"">دارالافتاء :
                                جامعہ علوم اسلامیہ علامہ محمد یوسف بنوری ٹاؤن</p></div><hr class=""big-hr""/><div class=""col-sm-4 col-md-4""><div class=""tag""><a href=""https://www.banuri.edu.pk/questions/kitab/mamnooaat-mubahat""><i class=""icon-docs-bold""></i> حظر و اباحت</a></div></div><div class=""col-sm-4 col-md-4""><div class=""tag""><a href=""https://www.banuri.edu.pk/questions/bab/zayb-o-zeenat""><i class=""icon-docs-bold""></i> زیب و زینت</a></div></div><div class=""col-sm-4 col-md-4""><div class=""tag""><a href=""https://www.banuri.edu.pk/questions/fasal/zaieb-o-zeenat-ki-ashya""><i class=""icon-docs-bold""></i> زیب و زینت کی اشیاء</a></div></div></div>"
https://www.banuri.edu.pk/readquestion/saf-me-akile-khade-shakhs-ki-namaz-ka-hukum-144209200461/19-04-2021,صف میں اکیلے کھڑے شخص کی نماز کا حکم,"<p><p style=""text-align:justify;"">اگر جماعت میں ایک صف مکمل ہوجاۓ اور دوسری میں صف میں پیچھے  صرف ایک شخص اکیلا کھڑا  ہو، تو  کیا اس کھڑے اکیلے شخص کی نماز ہو جاۓ گی؟</p></p>","<p><p style=""text-align:justify;"">جماعت کی نماز کے دوران صف میں اکیلے نماز ادا کرنے سے حدیث میں منع کیا گیا ہے؛ لہٰذا اگلی صف مکمل ہوجانے کے بعد آنے والے نمازی کو  چاہیے کہ  اگر مزید نمازیوں کے آنے کی امید ہو تو دوسرے نمازی کے آنے کا انتظار  کرے،  لیکن اگر اور  نمازیوں کے آنے کی توقع نہ ہو، یا نمازی کے انتظار میں رکعت نکل جانے کا اندیشہ ہو تو  ایسی صورت میں اگلی  صف سے کسی ایسے شخص کو اپنے پیچھے کھینچ لے جس کے بارے میں امید ہو کہ وہ مسئلہ سے واقف ہوگا، اور اپنی نماز نہیں توڑے گا، البتہ اگر اگلی صف میں کوئی ایسا شخص نہ ہو تو اس صورت میں وہ اکیلے ہی  پچھلی صف میں کھڑے ہو کر جماعت میں شامل ہوجائے، بہر صورت ایسے شخص کی نماز ہوجائے گی، اور جماعت کے ثواب سے محروم نہ ہوگا۔</p><p style=""text-align:justify;"">فتاوی ہندیہ میں ہے:</p><p class=""indent"" style=""text-align:justify;""><span class=""ar_writing"">""ويكره للمنفرد أن يقوم في خلال صفوف الجماعة فيخالفهم في القيام والقعود وكذا للمقتدي أن يقوم خلف الصفوف وحده إذا وجد فرجة في الصفوف وإن لم يجد فرجة في الصفوف روى محمد بن شجاع وحسن بن زياد عن أبي حنيفة - رحمه الله تعالى - أنه لايكره فإن جر أحداً من الصف إلى نفسه وقام معه فذلك أولى. كذا في المحيط وينبغي أن يكون عالماً حتى لاتفسد الصلاة على نفسه، كذا في خزانة الفتاوى.""</span></p><p class=""indent"" style=""text-align:left;""><span class=""ar_writing"">(كتاب الصلاة، الباب السابع فيما يفسد الصلاة وما يكره فيها ، الفصل الثاني فيما يكره في الصلاة وما لا يكره،١ / ١٠٧، ط: دار الفكر)</span></p><p style=""text-align:justify;"">الدر المختار وحاشية ابن عابدين (رد المحتار) میں ہے:</p><p class=""indent"" style=""text-align:justify;""><span class=""ar_writing"">""وقدمنا كراهة القيام في صف خلف صف فيه فرجة للنهي، وكذا القيام منفردًا وإن لم يجد فرجةً بل يجذب أحدًا من الصف ذكره ابن الكمال، لكن قالوا: في زماننا تركه أولى، فلذا قال في البحر: يكره وحده إلا إذا لم يجد فرجةً.</span></p><p class=""indent"" style=""text-align:justify;""><span class=""ar_writing"">(قوله: لكن قالوا إلخ) القائل صاحب القنية فإنه عزا إلى بعض الكتب أتى جماعة ولم يجد في الصف فرجةً، قيل: يقوم وحده ويعذر، وقيل: يجذب واحدًا من الصف إلى نفسه فيقف بجنبه. والأصح ما روى هشام عن محمد أنه ينتظر إلى الركوع، فإن جاء رجل وإلا جذب إليه رجلًا أو دخل في الصف، ثم قال في القنية: والقيام وحده أولى في زماننا لغلبة الجهل على العوام فإذا جره تفسد صلاته اهـ قال في الخزائن قلت: وينبغي التفويض إلى رأي المبتلى، فإن رأى من لايتأذى لدين أو صداقة زاحمه أو عالمًا جذبه وإلا انفرد. اهـ. قلت: وهو توفيق حسن اختاره ابن وهبان في شرح منظومته (قوله: فلذا قال إلخ) أي فلم يذكر الجذب؛ لما مر.""</span></p><p class=""indent"" style=""text-align:left;""><span class=""ar_writing"">(كتاب الصلاة، باب ما يفسد الصلاة وما يكره فيها، ١ / ٦٤٧، ط: دار الفكر)</span></p><p class=""indent"" style=""text-align:left;""> فقط واللہ اعلم</p></p><hr class=""big-hr""/>",19-04-2021,144209200461,banuri.edu.pk,نماز,مکروہاتِ نماز,نمازی کے اعمال سے متعلق مکروہات,"<div class=""col-md-12 sawal-jawab""><h3 class=""question_heading"">سوال</h3><p><p style=""text-align:justify;"">اگر جماعت میں ایک صف مکمل ہوجاۓ اور دوسری میں صف میں پیچھے  صرف ایک شخص اکیلا کھڑا  ہو، تو  کیا اس کھڑے اکیلے شخص کی نماز ہو جاۓ گی؟</p></p><h4 class=""question_heading"">جواب</h4><p><p style=""text-align:justify;"">جماعت کی نماز کے دوران صف میں اکیلے نماز ادا کرنے سے حدیث میں منع کیا گیا ہے؛ لہٰذا اگلی صف مکمل ہوجانے کے بعد آنے والے نمازی کو  چاہیے کہ  اگر مزید نمازیوں کے آنے کی امید ہو تو دوسرے نمازی کے آنے کا انتظار  کرے،  لیکن اگر اور  نمازیوں کے آنے کی توقع نہ ہو، یا نمازی کے انتظار میں رکعت نکل جانے کا اندیشہ ہو تو  ایسی صورت میں اگلی  صف سے کسی ایسے شخص کو اپنے پیچھے کھینچ لے جس کے بارے میں امید ہو کہ وہ مسئلہ سے واقف ہوگا، اور اپنی نماز نہیں توڑے گا، البتہ اگر اگلی صف میں کوئی ایسا شخص نہ ہو تو اس صورت میں وہ اکیلے ہی  پچھلی صف میں کھڑے ہو کر جماعت میں شامل ہوجائے، بہر صورت ایسے شخص کی نماز ہوجائے گی، اور جماعت کے ثواب سے محروم نہ ہوگا۔</p><p style=""text-align:justify;"">فتاوی ہندیہ میں ہے:</p><p class=""indent"" style=""text-align:justify;""><span class=""ar_writing"">""ويكره للمنفرد أن يقوم في خلال صفوف الجماعة فيخالفهم في القيام والقعود وكذا للمقتدي أن يقوم خلف الصفوف وحده إذا وجد فرجة في الصفوف وإن لم يجد فرجة في الصفوف روى محمد بن شجاع وحسن بن زياد عن أبي حنيفة - رحمه الله تعالى - أنه لايكره فإن جر أحداً من الصف إلى نفسه وقام معه فذلك أولى. كذا في المحيط وينبغي أن يكون عالماً حتى لاتفسد الصلاة على نفسه، كذا في خزانة الفتاوى.""</span></p><p class=""indent"" style=""text-align:left;""><span class=""ar_writing"">(كتاب الصلاة، الباب السابع فيما يفسد الصلاة وما يكره فيها ، الفصل الثاني فيما يكره في الصلاة وما لا يكره،١ / ١٠٧، ط: دار الفكر)</span></p><p style=""text-align:justify;"">الدر المختار وحاشية ابن عابدين (رد المحتار) میں ہے:</p><p class=""indent"" style=""text-align:justify;""><span class=""ar_writing"">""وقدمنا كراهة القيام في صف خلف صف فيه فرجة للنهي، وكذا القيام منفردًا وإن لم يجد فرجةً بل يجذب أحدًا من الصف ذكره ابن الكمال، لكن قالوا: في زماننا تركه أولى، فلذا قال في البحر: يكره وحده إلا إذا لم يجد فرجةً.</span></p><p class=""indent"" style=""text-align:justify;""><span class=""ar_writing"">(قوله: لكن قالوا إلخ) القائل صاحب القنية فإنه عزا إلى بعض الكتب أتى جماعة ولم يجد في الصف فرجةً، قيل: يقوم وحده ويعذر، وقيل: يجذب واحدًا من الصف إلى نفسه فيقف بجنبه. والأصح ما روى هشام عن محمد أنه ينتظر إلى الركوع، فإن جاء رجل وإلا جذب إليه رجلًا أو دخل في الصف، ثم قال في القنية: والقيام وحده أولى في زماننا لغلبة الجهل على العوام فإذا جره تفسد صلاته اهـ قال في الخزائن قلت: وينبغي التفويض إلى رأي المبتلى، فإن رأى من لايتأذى لدين أو صداقة زاحمه أو عالمًا جذبه وإلا انفرد. اهـ. قلت: وهو توفيق حسن اختاره ابن وهبان في شرح منظومته (قوله: فلذا قال إلخ) أي فلم يذكر الجذب؛ لما مر.""</span></p><p class=""indent"" style=""text-align:left;""><span class=""ar_writing"">(كتاب الصلاة، باب ما يفسد الصلاة وما يكره فيها، ١ / ٦٤٧، ط: دار الفكر)</span></p><p class=""indent"" style=""text-align:left;""> فقط واللہ اعلم</p></p><hr class=""big-hr""/><div class=""col-sm-6 col-md-6""><p class=""question_heading"" style=""color:#73161f"">فتویٰ نمبر : <a id=""fatwa_number"">144209200461</a></p></div><div class=""col-sm-6 col-md-6""><p style=""color:#73161f"">دارالافتاء :
                                جامعہ علوم اسلامیہ علامہ محمد یوسف بنوری ٹاؤن</p></div><hr class=""big-hr""/><div class=""col-sm-4 col-md-4""><div class=""tag""><a href=""https://www.banuri.edu.pk/questions/kitab/salat""><i class=""icon-docs-bold""></i> نماز</a></div></div><div class=""col-sm-4 col-md-4""><div class=""tag""><a href=""https://www.banuri.edu.pk/questions/bab/makrohat-e-namaz""><i class=""icon-docs-bold""></i> مکروہاتِ نماز</a></div></div><div class=""col-sm-4 col-md-4""><div class=""tag""><a href=""https://www.banuri.edu.pk/questions/fasal/namazi-ke-aamaal-se-mutaliq-makroohat""><i class=""icon-docs-bold""></i> نمازی کے اعمال سے متعلق مکروہات</a></div></div></div>"
https://www.banuri.edu.pk/readquestion/pani-filter-kar-kay-baichnay-ka-karobar-karnay-aur-filter-shuda-pani-main-zam-zam-ka-pani-mila-kar-baichnay-ka-hukum-144209200122/14-04-2021,پانی فلٹر کر کے بیچنے کا کاروبار کرنے اور فلٹر شدہ پانی میں زم زم کا پانی ملا کر بیچنے کا حکم,"<p><p style=""text-align:justify;""> میں نے فلٹر واٹر بزنس شروع کیا ہے:</p><p style=""text-align:justify;"">1- کیا میں فلٹر پانی کا کاروبار کرسکتا ہوں یا نہیں؟ </p><p style=""text-align:justify;"">2- کیا میں اپنے فلٹر پانی کے ساتھ آب زم زم کو مکس کرسکتا ہوں اور یہ درست ہوگا یا نہیں؟</p></p>","<p><p style=""text-align:justify;"">(۱) ویسے تو پانی ان اشیاء میں سے ہے جن کو اللہ پاک نے ہرایک کے لیے مباح بنایا ہے، اس کی خرید وفروخت منع ہے،     لیکن  اگر کوئی شخص پانی کو   برتن، مشکیزہ،  ٹینک، کین وغیرہ میں محفوظ کرلے تو وہ اس کی ملکیت قرار پاتا ہے۔ اب اس کو اختیار ہے خواہ مفت دے یا مال کے عوض بیچے، اس صورت میں ازروئے شرع اس کی خرید وفروخت کی جاسکتی ہے، لہٰذا آپ کے   لیے پانی فلٹر کر کے بیچنے کا کاروبار کرنا شرعًا جائز ہے، اور اس کی آمدنی بھی حلال ہے، البتہ  اس سلسلے میں اگر قانونی طور حکومتی اجازت نامہ  ضروری ہو تو اس کی اور  اورحفظانِ صحت کے اصولوں کی رعایت رکھی جائے۔</p><p style=""text-align:justify;"">(۲) فلٹر شدہ پانی میں برکت کے حصول کے  لیے زم زم کا پانی ڈال کر بیچنا جائز ہے، البتہ ایسے پانی کو  خالص زم زم کا پانی کہہ کر  بیچنا درست نہیں ہوگا۔</p><p style=""text-align:justify;"">فتاوی شامی میں ہے:</p><p class=""indent"" style=""text-align:justify;""><span class=""ar_writing"">""إن صاحب البئرلایملك الماء ... و هذامادام في البئر، أما إذا أخرجه منها بالاحتیال، کمافي السواني فلاشك في ملکه له؛ لحیازته له في الکیزان، ثم صبه في البرك بعد حیازته"".</span></p><p class=""indent"" style=""text-align:left;"">(ردالمحتار ج : ۵،  کتاب البیوع، باب البیع الفاسد، مطلب صاحب البئر لایملك الماء ص: ۶۷)</p><p><span class=""ar_writing"">الفتاوى الهندية (3/ 121):</span></p><p class=""indent""><span class=""ar_writing"">’’ لا يجوز بيع الماء في بئره ونهره، هكذا في الحاوي، وحيلته أن يؤاجر الدلو والرشاء، هكذا في محيط السرخسي۔ فإذا أخذه وجعله في جرة أو ما أشبهها من الأوعية فقد أحرزه فصار أحق به، فيجوز بيعه والتصرف فيه كالصيد الذي يأخذه، كذا في الذخيرة، وكذلك ماء المطر يملك بالحيازة،كذا في محيط السرخسي.</span></p><p class=""indent""><span class=""ar_writing"">وأما بيع ماء جمعه الإنسان في حوضه ذكر شيخ الإسلام المعروف بخواهر زاده في شرح كتاب الشرب: أن الحوض إذا كان مجصصاً أو كان الحوض من نحاس أو صفر جاز البيع على كل حال وكأنه جعل صاحب الحوض محرز الماء بجعله في حوضه ولكن يشترط أن ينقطع الجري حتى لا يختلط المبيع بغير المبيع‘‘۔</span></p><p class=""indent"" dir=""ltr"" style=""text-align:justify;""><span class=""ar_writing"">فقط والله أعلم</span></p></p><hr class=""big-hr""/>",14-04-2021,144209200122,banuri.edu.pk,معاملات,بیع / تجارت,بیع صحیح ، فاسد اور باطل,"<div class=""col-md-12 sawal-jawab""><h3 class=""question_heading"">سوال</h3><p><p style=""text-align:justify;""> میں نے فلٹر واٹر بزنس شروع کیا ہے:</p><p style=""text-align:justify;"">1- کیا میں فلٹر پانی کا کاروبار کرسکتا ہوں یا نہیں؟ </p><p style=""text-align:justify;"">2- کیا میں اپنے فلٹر پانی کے ساتھ آب زم زم کو مکس کرسکتا ہوں اور یہ درست ہوگا یا نہیں؟</p></p><h4 class=""question_heading"">جواب</h4><p><p style=""text-align:justify;"">(۱) ویسے تو پانی ان اشیاء میں سے ہے جن کو اللہ پاک نے ہرایک کے لیے مباح بنایا ہے، اس کی خرید وفروخت منع ہے،     لیکن  اگر کوئی شخص پانی کو   برتن، مشکیزہ،  ٹینک، کین وغیرہ میں محفوظ کرلے تو وہ اس کی ملکیت قرار پاتا ہے۔ اب اس کو اختیار ہے خواہ مفت دے یا مال کے عوض بیچے، اس صورت میں ازروئے شرع اس کی خرید وفروخت کی جاسکتی ہے، لہٰذا آپ کے   لیے پانی فلٹر کر کے بیچنے کا کاروبار کرنا شرعًا جائز ہے، اور اس کی آمدنی بھی حلال ہے، البتہ  اس سلسلے میں اگر قانونی طور حکومتی اجازت نامہ  ضروری ہو تو اس کی اور  اورحفظانِ صحت کے اصولوں کی رعایت رکھی جائے۔</p><p style=""text-align:justify;"">(۲) فلٹر شدہ پانی میں برکت کے حصول کے  لیے زم زم کا پانی ڈال کر بیچنا جائز ہے، البتہ ایسے پانی کو  خالص زم زم کا پانی کہہ کر  بیچنا درست نہیں ہوگا۔</p><p style=""text-align:justify;"">فتاوی شامی میں ہے:</p><p class=""indent"" style=""text-align:justify;""><span class=""ar_writing"">""إن صاحب البئرلایملك الماء ... و هذامادام في البئر، أما إذا أخرجه منها بالاحتیال، کمافي السواني فلاشك في ملکه له؛ لحیازته له في الکیزان، ثم صبه في البرك بعد حیازته"".</span></p><p class=""indent"" style=""text-align:left;"">(ردالمحتار ج : ۵،  کتاب البیوع، باب البیع الفاسد، مطلب صاحب البئر لایملك الماء ص: ۶۷)</p><p><span class=""ar_writing"">الفتاوى الهندية (3/ 121):</span></p><p class=""indent""><span class=""ar_writing"">’’ لا يجوز بيع الماء في بئره ونهره، هكذا في الحاوي، وحيلته أن يؤاجر الدلو والرشاء، هكذا في محيط السرخسي۔ فإذا أخذه وجعله في جرة أو ما أشبهها من الأوعية فقد أحرزه فصار أحق به، فيجوز بيعه والتصرف فيه كالصيد الذي يأخذه، كذا في الذخيرة، وكذلك ماء المطر يملك بالحيازة،كذا في محيط السرخسي.</span></p><p class=""indent""><span class=""ar_writing"">وأما بيع ماء جمعه الإنسان في حوضه ذكر شيخ الإسلام المعروف بخواهر زاده في شرح كتاب الشرب: أن الحوض إذا كان مجصصاً أو كان الحوض من نحاس أو صفر جاز البيع على كل حال وكأنه جعل صاحب الحوض محرز الماء بجعله في حوضه ولكن يشترط أن ينقطع الجري حتى لا يختلط المبيع بغير المبيع‘‘۔</span></p><p class=""indent"" dir=""ltr"" style=""text-align:justify;""><span class=""ar_writing"">فقط والله أعلم</span></p></p><hr class=""big-hr""/><div class=""col-sm-6 col-md-6""><p class=""question_heading"" style=""color:#73161f"">فتویٰ نمبر : <a id=""fatwa_number"">144209200122</a></p></div><div class=""col-sm-6 col-md-6""><p style=""color:#73161f"">دارالافتاء :
                                جامعہ علوم اسلامیہ علامہ محمد یوسف بنوری ٹاؤن</p></div><hr class=""big-hr""/><div class=""col-sm-4 col-md-4""><div class=""tag""><a href=""https://www.banuri.edu.pk/questions/kitab/muamlat""><i class=""icon-docs-bold""></i> معاملات</a></div></div><div class=""col-sm-4 col-md-4""><div class=""tag""><a href=""https://www.banuri.edu.pk/questions/bab/bay-tijarat""><i class=""icon-docs-bold""></i> بیع / تجارت</a></div></div><div class=""col-sm-4 col-md-4""><div class=""tag""><a href=""https://www.banuri.edu.pk/questions/fasal/bay-sahih-fasid-or-batil""><i class=""icon-docs-bold""></i> بیع صحیح ، فاسد اور باطل</a></div></div></div>"
https://www.banuri.edu.pk/readquestion/pubg-game-144209200206/17-04-2021,پب جی گیم کھیلنا,"<p><p style=""text-align:justify;"">موجودہ وقت میں پب جی گیم میں کوئی غیر شرعی مواد نہیں ہے تو مجودہ حالات میں کھیلنا کیسا ہے؟  جن وجوہات کی وجہ سے اس حرام قرار دیا تھا اب وہ اس میں موجود نہیں ہیں؟ کیا اب وہ کھیلنا درست ہے یا اب بھی کھیلنا حرام ہے؟</p></p>","<p><p style=""text-align:justify;""><span style=""color:#323232;font-family:Nafees,'Helvetica Neue',Helvetica,Arial,sans-serif;font-size:17px;font-weight:bold;text-align:justify;background-color:#fff;"">پب جی (PUBG)  گیم  کو جن وجوہات کی وجہ سے ناجائز کہا گیا تھا اب بھی اس میں وہ مفاسد  موجود ہیں؛ لہٰذا پب جی کھیلنا  جائز نہیں ہے۔</span></p><p style=""text-align:justify;""><span style=""color:#323232;font-family:Nafees,'Helvetica Neue',Helvetica,Arial,sans-serif;font-size:17px;font-weight:bold;text-align:justify;background-color:#fff;""> اس کے کھیلنے میں نہ کوئی دینی اور نہ ہی کوئی دنیوی فائدہ ہے، مثلاً جسمانی  ورزش وغیرہ، یہ محض لہو لعب اور وقت گزاری  کے لیے کھیلا جاتا ہے، جو لایعنی کام ہے، اور  اس کو کھیلنے والے عام طور پر اس قدر عادی ہوجاتے ہیں کہ پھر انہیں اس کا نشہ سا ہوجاتا ہے، اور ایسا انہماک ہوتا ہے کہ وہ کئی دینی بلکہ دنیوی امور سے بھی غافل ہوجاتے ہیں، شریعتِ مطہرہ ایسے لایعنی لہو لعب پر مشتمل کھیل کی اجازت نہیں دیتی، جب کہ اس میں مزید شرعی قباحت یہ بھی یہ جان دار کی تصاویر پر مشتمل ہوتا ہے، نیز  مشاہدہ یہ ہے کہ  جو لوگ اس گیم کو بار بار کھیلتے ہیں، ان کا ذہن منفی ہونے لگتا ہے اور گیم کی طرح وہ واقعی دنیا میں بھی ماردھاڑ وغیرہ کے کام سوچتے ہیں، جس کے بہت سے واقعات وقوع پذیر ہوئے ہیں؛  لہذا پب جی اور اس جیسے دیگر  گیم کھیلنا شرعاً جائز نہیں ہے۔</span></p><p style=""text-align:justify;""><span style=""color:#323232;font-family:Nafees,'Helvetica Neue',Helvetica,Arial,sans-serif;font-size:17px;font-weight:bold;text-align:justify;background-color:#fff;"">البتہ کچھ عرصہ پہلے</span>اس گیم کے بنانے والوں نے اس کے sanhok نامی نقشے (map) میں ایک نیا موڈ mysterious jungle mode کے نام سے متعارف کرایا ہے جس میں انرجی حاصل کرنے کے لیے بتوں کے سامنے ہاتھ جوڑ کر سر جھکانا پڑتا ہے، جیساکہ ہندؤوں اور بعض دیگر مشرکین کے ہاں بت کی پوجا کا ایک طریقہ ہے، تاہم گیم میں ایسا کرنا لازم نہیں ہے، یعنی پلیئر انرجی حاصل کیے بغیر بھی گیم جاری رکھ سکتا ہے، اگرچہ اس کے بغیر اس کی کارکردگی متاثر ہونے کا قوی امکان ہوتا  ہے۔</p><p style=""margin:0 0 30px;color:#323232;line-height:36px;font-weight:bold;font-size:17px;font-family:Nafees,'Helvetica Neue',Helvetica,Arial,sans-serif;background-color:#fff;text-align:justify;"">ممکن ہے کسی زمانہ میں  اَپ ڈیٹ میں یہ  دوبارہ   شامل ہوجائے، اس لیے اب اس سارے تناظر میں مسئلہ کا حکم یہ ہے:</p><p style=""margin:0 0 30px;color:#323232;line-height:36px;font-weight:bold;font-size:17px;font-family:Nafees,'Helvetica Neue',Helvetica,Arial,sans-serif;background-color:#fff;text-align:justify;"">مطلقًا پب جی گیم کھیلنا  ناجائز ہے،  لیکن اس کو کھیلنے والا دائرہ اسلام سے خارج نہیں ہوتا،  خواہ اس نے  سانہاک نقشہ میں کھیلا ہو، اور اگر کسی نے سانہاک نقشے کے جنگل موڈ میں کھیلا ہو لیکن بتوں سے پاور حاصل  نہیں کی ہو  تب بھی وہ دائرہ اسلام سے خارج نہیں ہوا، البتہ اگر کسی نے عمدًا پاور حاصل کرنے کے  لیے پلئیر کو  بت کے سامنے جھکایا ہو  تو چوں کہ پلئیر درحقیقت  کھیلنے والے کا عکاس اور ترجمان  ہے، اور کھیلنے والا اس کو جس طرح  چلائے وہ اسی طرح چلتا ہے،  اپنے اختیار سے کچھ نہیں کرسکتا، اور کوئی ایسی خاص ضرورت بھی نہیں ہے کہ پلئیر کو بت کے سامنے جھکایا جائے، اور شریعت نے بعض ایسی چیزیں  جو کفر کی علامات اور خصائص ہیں ان کے کرنے پر مطلقًا کفر کا حکم دیا ہے  اگر چہ ان کا قصد وارادہ نہ ہو، جیسے بتوں کے سامنے سجدہ کرنا، قرآن مجید کو گندگی میں پھینکنا وغیرہ؛  اس  لیے  اس خاص  صورت میں تجدیدِ  ایمان اور تجدیدِ نکاح کا حکم دیا گیا ہے۔</p><p style=""text-align:justify;""> </p><p style=""margin:0 0 30px;color:#323232;line-height:36px;font-weight:bold;font-size:17px;font-family:Nafees,'Helvetica Neue',Helvetica,Arial,sans-serif;background-color:#fff;text-align:justify;"">نیز  مذکورہ  نقشے میں بتوں کے سامنے جھکنے کا طریقہ ایک خاص  مذہب کے لوگوں کی پوجا کا  طریقہ ہے اور گیم میں پلئیر جب بت کے سامنے جاتا ہے تو اس وقت انگریزی زبان میں وہاں جو الفاظ نمودار ہوتے ہیں  اس سے بھی یہ ظاہر ہوتا ہے وہ اس پلئیر کو تعظیم کرنے کا حکم دے رہا ہے اور پاور  ملنے کے بعد جو الفاظ ظاہر ہوتے ہیں وہ بھی شرکیہ ہیں، اس لیے ہر مسلمان کو اس قسم کی چیزوں سے بالکلیہ اجتناب کرنا لازم ہے۔ فقط واللہ اعلم</p></p><hr class=""big-hr""/>",17-04-2021,144209200206,banuri.edu.pk,حظر و اباحت,تصویر اور دیگر لہو و لعب,کھیلوں کے حدود و احکام,"<div class=""col-md-12 sawal-jawab""><h3 class=""question_heading"">سوال</h3><p><p style=""text-align:justify;"">موجودہ وقت میں پب جی گیم میں کوئی غیر شرعی مواد نہیں ہے تو مجودہ حالات میں کھیلنا کیسا ہے؟  جن وجوہات کی وجہ سے اس حرام قرار دیا تھا اب وہ اس میں موجود نہیں ہیں؟ کیا اب وہ کھیلنا درست ہے یا اب بھی کھیلنا حرام ہے؟</p></p><h4 class=""question_heading"">جواب</h4><p><p style=""text-align:justify;""><span style=""color:#323232;font-family:Nafees,'Helvetica Neue',Helvetica,Arial,sans-serif;font-size:17px;font-weight:bold;text-align:justify;background-color:#fff;"">پب جی (PUBG)  گیم  کو جن وجوہات کی وجہ سے ناجائز کہا گیا تھا اب بھی اس میں وہ مفاسد  موجود ہیں؛ لہٰذا پب جی کھیلنا  جائز نہیں ہے۔</span></p><p style=""text-align:justify;""><span style=""color:#323232;font-family:Nafees,'Helvetica Neue',Helvetica,Arial,sans-serif;font-size:17px;font-weight:bold;text-align:justify;background-color:#fff;""> اس کے کھیلنے میں نہ کوئی دینی اور نہ ہی کوئی دنیوی فائدہ ہے، مثلاً جسمانی  ورزش وغیرہ، یہ محض لہو لعب اور وقت گزاری  کے لیے کھیلا جاتا ہے، جو لایعنی کام ہے، اور  اس کو کھیلنے والے عام طور پر اس قدر عادی ہوجاتے ہیں کہ پھر انہیں اس کا نشہ سا ہوجاتا ہے، اور ایسا انہماک ہوتا ہے کہ وہ کئی دینی بلکہ دنیوی امور سے بھی غافل ہوجاتے ہیں، شریعتِ مطہرہ ایسے لایعنی لہو لعب پر مشتمل کھیل کی اجازت نہیں دیتی، جب کہ اس میں مزید شرعی قباحت یہ بھی یہ جان دار کی تصاویر پر مشتمل ہوتا ہے، نیز  مشاہدہ یہ ہے کہ  جو لوگ اس گیم کو بار بار کھیلتے ہیں، ان کا ذہن منفی ہونے لگتا ہے اور گیم کی طرح وہ واقعی دنیا میں بھی ماردھاڑ وغیرہ کے کام سوچتے ہیں، جس کے بہت سے واقعات وقوع پذیر ہوئے ہیں؛  لہذا پب جی اور اس جیسے دیگر  گیم کھیلنا شرعاً جائز نہیں ہے۔</span></p><p style=""text-align:justify;""><span style=""color:#323232;font-family:Nafees,'Helvetica Neue',Helvetica,Arial,sans-serif;font-size:17px;font-weight:bold;text-align:justify;background-color:#fff;"">البتہ کچھ عرصہ پہلے</span>اس گیم کے بنانے والوں نے اس کے sanhok نامی نقشے (map) میں ایک نیا موڈ mysterious jungle mode کے نام سے متعارف کرایا ہے جس میں انرجی حاصل کرنے کے لیے بتوں کے سامنے ہاتھ جوڑ کر سر جھکانا پڑتا ہے، جیساکہ ہندؤوں اور بعض دیگر مشرکین کے ہاں بت کی پوجا کا ایک طریقہ ہے، تاہم گیم میں ایسا کرنا لازم نہیں ہے، یعنی پلیئر انرجی حاصل کیے بغیر بھی گیم جاری رکھ سکتا ہے، اگرچہ اس کے بغیر اس کی کارکردگی متاثر ہونے کا قوی امکان ہوتا  ہے۔</p><p style=""margin:0 0 30px;color:#323232;line-height:36px;font-weight:bold;font-size:17px;font-family:Nafees,'Helvetica Neue',Helvetica,Arial,sans-serif;background-color:#fff;text-align:justify;"">ممکن ہے کسی زمانہ میں  اَپ ڈیٹ میں یہ  دوبارہ   شامل ہوجائے، اس لیے اب اس سارے تناظر میں مسئلہ کا حکم یہ ہے:</p><p style=""margin:0 0 30px;color:#323232;line-height:36px;font-weight:bold;font-size:17px;font-family:Nafees,'Helvetica Neue',Helvetica,Arial,sans-serif;background-color:#fff;text-align:justify;"">مطلقًا پب جی گیم کھیلنا  ناجائز ہے،  لیکن اس کو کھیلنے والا دائرہ اسلام سے خارج نہیں ہوتا،  خواہ اس نے  سانہاک نقشہ میں کھیلا ہو، اور اگر کسی نے سانہاک نقشے کے جنگل موڈ میں کھیلا ہو لیکن بتوں سے پاور حاصل  نہیں کی ہو  تب بھی وہ دائرہ اسلام سے خارج نہیں ہوا، البتہ اگر کسی نے عمدًا پاور حاصل کرنے کے  لیے پلئیر کو  بت کے سامنے جھکایا ہو  تو چوں کہ پلئیر درحقیقت  کھیلنے والے کا عکاس اور ترجمان  ہے، اور کھیلنے والا اس کو جس طرح  چلائے وہ اسی طرح چلتا ہے،  اپنے اختیار سے کچھ نہیں کرسکتا، اور کوئی ایسی خاص ضرورت بھی نہیں ہے کہ پلئیر کو بت کے سامنے جھکایا جائے، اور شریعت نے بعض ایسی چیزیں  جو کفر کی علامات اور خصائص ہیں ان کے کرنے پر مطلقًا کفر کا حکم دیا ہے  اگر چہ ان کا قصد وارادہ نہ ہو، جیسے بتوں کے سامنے سجدہ کرنا، قرآن مجید کو گندگی میں پھینکنا وغیرہ؛  اس  لیے  اس خاص  صورت میں تجدیدِ  ایمان اور تجدیدِ نکاح کا حکم دیا گیا ہے۔</p><p style=""text-align:justify;""> </p><p style=""margin:0 0 30px;color:#323232;line-height:36px;font-weight:bold;font-size:17px;font-family:Nafees,'Helvetica Neue',Helvetica,Arial,sans-serif;background-color:#fff;text-align:justify;"">نیز  مذکورہ  نقشے میں بتوں کے سامنے جھکنے کا طریقہ ایک خاص  مذہب کے لوگوں کی پوجا کا  طریقہ ہے اور گیم میں پلئیر جب بت کے سامنے جاتا ہے تو اس وقت انگریزی زبان میں وہاں جو الفاظ نمودار ہوتے ہیں  اس سے بھی یہ ظاہر ہوتا ہے وہ اس پلئیر کو تعظیم کرنے کا حکم دے رہا ہے اور پاور  ملنے کے بعد جو الفاظ ظاہر ہوتے ہیں وہ بھی شرکیہ ہیں، اس لیے ہر مسلمان کو اس قسم کی چیزوں سے بالکلیہ اجتناب کرنا لازم ہے۔ فقط واللہ اعلم</p></p><hr class=""big-hr""/><div class=""col-sm-6 col-md-6""><p class=""question_heading"" style=""color:#73161f"">فتویٰ نمبر : <a id=""fatwa_number"">144209200206</a></p></div><div class=""col-sm-6 col-md-6""><p style=""color:#73161f"">دارالافتاء :
                                جامعہ علوم اسلامیہ علامہ محمد یوسف بنوری ٹاؤن</p></div><hr class=""big-hr""/><div class=""col-sm-4 col-md-4""><div class=""tag""><a href=""https://www.banuri.edu.pk/questions/kitab/mamnooaat-mubahat""><i class=""icon-docs-bold""></i> حظر و اباحت</a></div></div><div class=""col-sm-4 col-md-4""><div class=""tag""><a href=""https://www.banuri.edu.pk/questions/bab/soorat-o-malaahi""><i class=""icon-docs-bold""></i> تصویر اور دیگر لہو و لعب</a></div></div><div class=""col-sm-4 col-md-4""><div class=""tag""><a href=""https://www.banuri.edu.pk/questions/fasal/kheloon-ke-hudood-o-ahkaam""><i class=""icon-docs-bold""></i> کھیلوں کے حدود و احکام</a></div></div></div>"
https://www.banuri.edu.pk/readquestion/hosh-m-na-honay-ki-halat-m-talaq-daina-144209200230/17-04-2021,ہوش میں نہ ہونے کی حالت میں طلاق دینا,"<p><p style=""text-align:justify;"">میں اپنی بی بی کو تین یا تین سے زیادہ طلاق دیا  ہے اور میں نے طلاق ایسی حالت میں دیا  ہے کہ  میں خود اپنے  ہوش میں نہیں تھا۔</p></p>","<p><p>واضح رہے کہ طلاق کے واقع ہونے کے لیے ضروری ہے کہ طلاق دینے والا عاقل ہو  یعنی اُس کا دماغی توازن ٹھیک ہو، اگر کوئی آدمی ایسا ہے کہ اُس کا دماغی توازن ٹھیک نہ ہو یا ایسی حالت کبھی کبھی اس پر آتی ہو اور وہ اسی حالت میں طلاق کے الفاظ کہہ دے تو ایسے آدمی کی دی ہوئی طلاق واقع نہیں ہوتی،  اور اگر کسی شخص کا دماغی توازن ٹھیک ہو، محض زیادہ غصہ کی حالت میں طلاق دی ہو اور پھر اس کو ہوش میں نہ ہونے سے تعبیر کرے تو یہ درست نہ ہو گا اور ایسی  حالت میں دی ہوئی طلاق بھی واقع ہو جائے گی۔</p><p>لہذا صورتِ مسئولہ  میں اگر واقعتًا آپ کا دماغی توازن کبھی کبھی بگڑ جاتا ہو، جس میں آپ کو اپنے افعال اور اقوال کا بالکل ہوش نہ رہتا ہو  اور آپ نے اسی حالت میں اپنی بیوی کو طلاق دی ہو تو  ایسی حالت میں دی ہوئی طلاق واقع نہیں ہو گی، لیکن اگر آپ کا دماغی توازن درست ہو اور  سخت غصہ کے طاری ہونے کی حالت میں طلاق دی ہو  تو ایسی طلاق واقع سمجھی جائے گی، اس کے بعد ساتھ رہنا جائز نہیں ہو گا۔</p><p>نوٹ: اگر ہوش میں  نہ ہونے سے کچھ اور مراد ہے تو وضاحت کرکے سوال دوبارہ ارسال کردیجیے۔</p><p><span class=""ar_writing"" style=""font-family:arabic_font;font-size:23px;font-weight:600;"">الفتاوى الهندية (1/ 353):</span></p><p class=""indent"" style=""padding-right:55px;padding-left:55px;text-align:justify;""><span class=""ar_writing"" style=""font-family:arabic_font;font-size:23px;font-weight:600;"">""(فصل فيمن يقع طلاقه وفيمن لا يقع طلاقه) يقع طلاق كل زوج إذا كان بالغاً عاقلاً سواء كان حرا أو عبداً طائعاً أو مكرهاً، كذا في الجوهرة النيرة"".</span></p><p><span class=""ar_writing"" style=""font-family:arabic_font;font-size:23px;font-weight:600;"">مصنف ابن أبي شيبة (4/ 73):</span></p><p class=""indent"" style=""padding-right:55px;padding-left:55px;text-align:justify;""><span class=""ar_writing"" style=""font-family:arabic_font;font-size:23px;font-weight:600;"">"" عن قتادة قال: «الجنون جنونان، فإن كان لا يفيق، لم يجز له طلاق، وإن كان يفيق فطلق في حال إفاقته، لزمه ذلك»"".</span></p><p class=""indent"" style=""text-align:left;"">فقط واللہ اعلم</p></p><hr class=""big-hr""/>",17-04-2021,144209200230,banuri.edu.pk,طلاق,وقوع طلاق وعدم وقوع طلاق,سکران اور مجنون کی طلاق,"<div class=""col-md-12 sawal-jawab""><h3 class=""question_heading"">سوال</h3><p><p style=""text-align:justify;"">میں اپنی بی بی کو تین یا تین سے زیادہ طلاق دیا  ہے اور میں نے طلاق ایسی حالت میں دیا  ہے کہ  میں خود اپنے  ہوش میں نہیں تھا۔</p></p><h4 class=""question_heading"">جواب</h4><p><p>واضح رہے کہ طلاق کے واقع ہونے کے لیے ضروری ہے کہ طلاق دینے والا عاقل ہو  یعنی اُس کا دماغی توازن ٹھیک ہو، اگر کوئی آدمی ایسا ہے کہ اُس کا دماغی توازن ٹھیک نہ ہو یا ایسی حالت کبھی کبھی اس پر آتی ہو اور وہ اسی حالت میں طلاق کے الفاظ کہہ دے تو ایسے آدمی کی دی ہوئی طلاق واقع نہیں ہوتی،  اور اگر کسی شخص کا دماغی توازن ٹھیک ہو، محض زیادہ غصہ کی حالت میں طلاق دی ہو اور پھر اس کو ہوش میں نہ ہونے سے تعبیر کرے تو یہ درست نہ ہو گا اور ایسی  حالت میں دی ہوئی طلاق بھی واقع ہو جائے گی۔</p><p>لہذا صورتِ مسئولہ  میں اگر واقعتًا آپ کا دماغی توازن کبھی کبھی بگڑ جاتا ہو، جس میں آپ کو اپنے افعال اور اقوال کا بالکل ہوش نہ رہتا ہو  اور آپ نے اسی حالت میں اپنی بیوی کو طلاق دی ہو تو  ایسی حالت میں دی ہوئی طلاق واقع نہیں ہو گی، لیکن اگر آپ کا دماغی توازن درست ہو اور  سخت غصہ کے طاری ہونے کی حالت میں طلاق دی ہو  تو ایسی طلاق واقع سمجھی جائے گی، اس کے بعد ساتھ رہنا جائز نہیں ہو گا۔</p><p>نوٹ: اگر ہوش میں  نہ ہونے سے کچھ اور مراد ہے تو وضاحت کرکے سوال دوبارہ ارسال کردیجیے۔</p><p><span class=""ar_writing"" style=""font-family:arabic_font;font-size:23px;font-weight:600;"">الفتاوى الهندية (1/ 353):</span></p><p class=""indent"" style=""padding-right:55px;padding-left:55px;text-align:justify;""><span class=""ar_writing"" style=""font-family:arabic_font;font-size:23px;font-weight:600;"">""(فصل فيمن يقع طلاقه وفيمن لا يقع طلاقه) يقع طلاق كل زوج إذا كان بالغاً عاقلاً سواء كان حرا أو عبداً طائعاً أو مكرهاً، كذا في الجوهرة النيرة"".</span></p><p><span class=""ar_writing"" style=""font-family:arabic_font;font-size:23px;font-weight:600;"">مصنف ابن أبي شيبة (4/ 73):</span></p><p class=""indent"" style=""padding-right:55px;padding-left:55px;text-align:justify;""><span class=""ar_writing"" style=""font-family:arabic_font;font-size:23px;font-weight:600;"">"" عن قتادة قال: «الجنون جنونان، فإن كان لا يفيق، لم يجز له طلاق، وإن كان يفيق فطلق في حال إفاقته، لزمه ذلك»"".</span></p><p class=""indent"" style=""text-align:left;"">فقط واللہ اعلم</p></p><hr class=""big-hr""/><div class=""col-sm-6 col-md-6""><p class=""question_heading"" style=""color:#73161f"">فتویٰ نمبر : <a id=""fatwa_number"">144209200230</a></p></div><div class=""col-sm-6 col-md-6""><p style=""color:#73161f"">دارالافتاء :
                                جامعہ علوم اسلامیہ علامہ محمد یوسف بنوری ٹاؤن</p></div><hr class=""big-hr""/><div class=""col-sm-4 col-md-4""><div class=""tag""><a href=""https://www.banuri.edu.pk/questions/kitab/talaaq""><i class=""icon-docs-bold""></i> طلاق</a></div></div><div class=""col-sm-4 col-md-4""><div class=""tag""><a href=""https://www.banuri.edu.pk/questions/bab/wuqoo-e-talaq-o-adme-wuqoo-e-talaq""><i class=""icon-docs-bold""></i> وقوع طلاق وعدم وقوع طلاق</a></div></div><div class=""col-sm-4 col-md-4""><div class=""tag""><a href=""https://www.banuri.edu.pk/questions/fasal/talaq-e-sukraan-o-majnoon""><i class=""icon-docs-bold""></i> سکران اور مجنون کی طلاق</a></div></div></div>"
https://www.banuri.edu.pk/readquestion/tarkay-k-makan-m-s-wurasa-ko-hissa-daina-144209200246/17-04-2021,ترکہ کے مکان میں سے ورثاء کو حصہ دینا,"<p><p style=""text-align:justify;"">اگر آبائی گھر میں دو بھائی رہ رہے ہوں تو کیا اس گھر کو بیچ کر بہنوں کو حصہ دینے کا حکم ہے؟</p></p>","<p><p style=""text-align:justify;"">جب کسی شخص کا انتقال ہوتا ہے تو اس کی تمام املاک سے  اُس کے ورثاء کا حق  متعلق ہو جاتا ہے، اور اس کو تقسیم کر کے ہر ایک کا حصہ اس تک پہنچانا ضروری ہوتا ہے،  اگر کسی کا انتقال ہو جائے اور مرحوم کا مکان ہو  اور ورثاء میں سے کوئی وارث اس مکان میں اپنے حصے کا مطالبہ کرتا ہو  تو اس وارث کو اس کا حق دینا ضروری ہو گا۔</p><p style=""text-align:justify;"">اب اس کی یہ صورت بھی اختیار کی جا سکتی ہے کہ اس مکان کو بیچ کر اس وارث کو حصہ دیا جائے اور یہ صورت بھی اختیار کی جا سکتی ہےکہ کوئی  ایک  دو وارث اس مکان کو خرید لیں اور دیگر ورثاء کو  ان کا حصہ ادا کردیں۔ فقط واللہ اعلم</p></p><hr class=""big-hr""/>",17-04-2021,144209200246,banuri.edu.pk,معاملات,وراثت / وصیت,ورثاء اور ان کے حصص,"<div class=""col-md-12 sawal-jawab""><h3 class=""question_heading"">سوال</h3><p><p style=""text-align:justify;"">اگر آبائی گھر میں دو بھائی رہ رہے ہوں تو کیا اس گھر کو بیچ کر بہنوں کو حصہ دینے کا حکم ہے؟</p></p><h4 class=""question_heading"">جواب</h4><p><p style=""text-align:justify;"">جب کسی شخص کا انتقال ہوتا ہے تو اس کی تمام املاک سے  اُس کے ورثاء کا حق  متعلق ہو جاتا ہے، اور اس کو تقسیم کر کے ہر ایک کا حصہ اس تک پہنچانا ضروری ہوتا ہے،  اگر کسی کا انتقال ہو جائے اور مرحوم کا مکان ہو  اور ورثاء میں سے کوئی وارث اس مکان میں اپنے حصے کا مطالبہ کرتا ہو  تو اس وارث کو اس کا حق دینا ضروری ہو گا۔</p><p style=""text-align:justify;"">اب اس کی یہ صورت بھی اختیار کی جا سکتی ہے کہ اس مکان کو بیچ کر اس وارث کو حصہ دیا جائے اور یہ صورت بھی اختیار کی جا سکتی ہےکہ کوئی  ایک  دو وارث اس مکان کو خرید لیں اور دیگر ورثاء کو  ان کا حصہ ادا کردیں۔ فقط واللہ اعلم</p></p><hr class=""big-hr""/><div class=""col-sm-6 col-md-6""><p class=""question_heading"" style=""color:#73161f"">فتویٰ نمبر : <a id=""fatwa_number"">144209200246</a></p></div><div class=""col-sm-6 col-md-6""><p style=""color:#73161f"">دارالافتاء :
                                جامعہ علوم اسلامیہ علامہ محمد یوسف بنوری ٹاؤن</p></div><hr class=""big-hr""/><div class=""col-sm-4 col-md-4""><div class=""tag""><a href=""https://www.banuri.edu.pk/questions/kitab/muamlat""><i class=""icon-docs-bold""></i> معاملات</a></div></div><div class=""col-sm-4 col-md-4""><div class=""tag""><a href=""https://www.banuri.edu.pk/questions/bab/wirasat-wasyat""><i class=""icon-docs-bold""></i> وراثت / وصیت</a></div></div><div class=""col-sm-4 col-md-4""><div class=""tag""><a href=""https://www.banuri.edu.pk/questions/fasal/wurasa-or-un-k-hisas""><i class=""icon-docs-bold""></i> ورثاء اور ان کے حصص</a></div></div></div>"
