link,title,question_html,answer_html,issued_at,fatwa_number,dar_ul_ifta,category_lvl_1,category_lvl_2,category_lvl_3,html_container
https://www.banuri.edu.pk/readquestion/majbori-ki-waja-se-jumme-ki-namaz-ghar-main-ada-karna-144108200547/03-04-2020,مجبوری کی وجہ سے جمعہ کی نماز گھر میں ادا کرنا,"<p><p style=""text-align:justify;"">موجودہ حالات میں نماز جمعہ گھر میں پڑھنے کا حکم کیا ہے؟</p></p>","<p><p style=""text-align:justify;"">جمعہ کی نماز جامع مسجد میں جاکر پڑھنا افضل ہے، اس لیے مسلمانوں کا اجتماع اور اس کی شان وشوکت کا اظہار ہے،  البتہ  کسی ناگہانی صورتِ حال میں اگر مساجد بالکلیہ بند ہوں یا بعض صحت مند افراد کو جمعہ کی نماز میں شرکت سے روک دیا جائے تو انہیں چاہیے کہ شہر، فناء شہر، اور بڑے قصبہ میں  مساجد کے علاوہ جہاں چار یا چار سے زیادہ بالغ مرد جمع ہوسکیں  وہ اذنِ عام (یعنی نماز پڑھنے والوں کی طرف سے دوسرے لوگوں کی شرکت کی ممانعت نہ ہو) کا خیال رکھتے ہوئے  جمعہ قائم کرنے کی کوشش کریں،  اگر کوئی نماز میں شریک ہونا چاہے  تو اس کو شرکت کی اجازت ہو ۔ </p><p style=""text-align:justify;"">باقی شہر، فنائے شہر یا قصبہ میں جمعہ کی نماز میں چوں کہ مسجد کا ہونا شرط نہیں ہے؛ لہٰذا امام کے علاوہ کم از کم تین بالغ مرد ہوں تو  بھی جمعہ کی نماز صحیح ہوجائے گی؛ چناں چہ جمعہ کا وقت داخل ہونے کے بعد پہلی اذان دی جائے، پھر سنتیں ادا کی جائیں، اس کے بعد امام منبر یا کرسی وغیرہ پر بیٹھ جائے اور اس کے سامنے دوسری اذان دی جائے، پھر امام منبر یا زمین پر کھڑے ہوکر دوخطبے  پڑھ کر دو رکعت نماز پڑھا دے،  چاہے گھر میں ہوں یا کسی اور جگہ جمع ہو کر پڑھ لیں، عربی خطبہ اگر یاد نہ ہو تو  کوئی خطبہ دیکھ کر پڑھے، ورنہ عربی زبان میں حمد و صلاۃ اور قرآنِ پاک کی چند آیات پڑھ کر دونوں خطبے دے دیں۔<br/>
  اگر شہر یا فنائے شہر یا قصبہ میں چار  بالغ افراد جمع نہ ہوسکیں  یا کسی وجہ سے جمعہ قائم نہ ہوسکے تو تو ظہر کی نماز  تنہا پڑھیں۔</p><p style=""text-align:justify;"">جمعہ کے مسنون خطبہ کے لیے درج ذیل لنک پر فتویٰ ملاحظہ فرمائیں:</p><p style=""text-align:justify;""> </p><p style=""text-align:justify;""><a href=""https://www.banuri.edu.pk/readquestion/kuhtba-jumma-144108200092/26-03-2020"">مختصر خطبہ جمعہ</a></p><p style=""text-align:justify;"">نیز  جمعے کے خطبہ میں مسنون تو یہ ہے کہ اس میں اللہ تعالی کی حمد و ثناء، درود شریف اور قرآنی آیات اور احادیثِ نبویہ ہوں، لیکن اگر کسی نے خطبہ جمعہ میں صرف سورہ فاتحہ اور سورہ اخلاص پڑھ لی تو بھی جمعہ کا خطبہ ادا ہو جائے گا؛ کیوں کہ جمعے کے خطبے کا رکن ’’ذکر اللہ‘‘ اس میں پایا جاتاہے۔</p><p style=""text-align:justify;""><strong>حلبی کبیری میں ہے:</strong></p><p style=""text-align:justify;""><span class=""ar_writing"">""وفي الفتاوی الغیاثیة: لوصلی الجمعة في قریة بغیر مسجد جامع والقریة کبیرة  لها قری وفیها وال وحاکم جازت الجمعة بنوا المسجد أو لم یبنوا … والمسجد الجامع لیس بشرط، ولهذا أجمعوا علی جوازها بالمصلی في فناء المصر"". </span>(ص؛551، فصل فی صلاۃ الجمعۃ، ط: سہیل اکیڈمی)</p><p style=""text-align:justify;"">فتاوی شامی میں ہے:<br/><span class=""ar_writing"">""(و) السادس: (الجماعة) وأقلها ثلاثة رجال (ولو غير الثلاثة الذين حضروا) الخطبة (سوى الإمام) بالنص؛ لأنه لا بد من الذاكر وهو الخطيب وثلاثة سواه بنص {فاسعوا إلى ذكر الله} [الجمعة: 9]</span></p><p style=""text-align:justify;""><span class=""ar_writing"">(قوله: وأقلها ثلاثة رجال) أطلق فيهم فشمل العبيد والمسافرين والمرضى والأميين والخرسى لصلاحيتهم للإمامة في الجمعة، إما لكل أحد أو لمن هو مثلهم في الأمي والأخرس فصلحا أن يقتديا بمن فوقهما، واحترز بالرجال عن النساء والصبيان؛ فإن الجمعة لاتصح بهم وحدهم لعدم صلاحيتهم للإمامة فيها بحال، بحر عن المحيط (قوله: ولو غير الثلاثة الذين حضروا الخطبة) أي على رواية اشتراط حضور ثلاثة في الخطبة، أما على رواية عدم الاشتراط أصلاً أو أنه يكفي حضور واحد فأظهر (قوله: سوى الإمام) هذا عند أبي حنيفة ورجح الشارحون دليله، واختاره المحبوبي والنسفي، كذا في تصحيح الشيخ قاسم (قوله: بنص {فاسعوا} [الجمعة: 9]؛ لأن طلب الحضور إلى الذكر متعلقاً بلفظ الجمع وهو الواو يستلزم ذاكراً فلزم أن يكون مع الإمام جمع، وتمامه في شرح المنية"".</span> (2 / 151)</p><p style=""text-align:justify;"">فتاوی ہندیہ میں ہے:</p><p style=""text-align:justify;""><span class=""ar_writing""><strong>""</strong>( و منها الإذن العام )  وهو أن تفتح ابواب الجامع فيؤذن للناس كافة حتي ان جماعة لو اجتمعوا في الجامع و أغلقوا أبواب المسجد علي أنفسهم و جمعوا لم يجز و كذلك السلطان إذا اراد أن يجمع بحشمه في داره فإن فتح باب الدار و أذن إذنا عاما جازت صلاته شهدها العامة أو لم يشهدوها كذا في المحيط""</span>. (الباب السادس عشر في صلاة الجمعة، ١/ ١٤٨، ط: رشيدية)</p><p style=""text-align:justify;"">فتاوی شامی میں ہے :<br/><span class=""ar_writing"">""(قوله: الإذن العام) أي أن يأذن للناس إذنًا عامًّا بأن لايمنع أحدًا ممن تصح منه الجمعة عن دخول الموضع الذي تصلى فيه، وهذا مراد من فسر الإذن العام بالاشتهار، وكذا في البرجندي إسماعيل، وإنما كان هذا شرطًا لأن الله تعالى شرع النداء لصلاة الجمعة بقوله: {فاسعوا إلى ذكر الله} [الجمعة: 9] والنداء للاشتهار، وكذا تسمى جمعة لاجتماع الجماعات فيها، فاقتضى أن تكون الجماعات كلها مأذونين بالحضور تحقيقًا لمعنى الاسم، بدائع""</span>.(2 / 151)</p><p style=""text-align:justify;"">وفیہ ایضا:</p><p style=""text-align:justify;""><span class=""ar_writing"">""( وكره ) تحريمًا ( لمعذور ومسجون ) ومسافر ( أداء ظهر بجماعة في مصر ) قبل الجمعة وبعدها لتقليل الجماعة وصورة المعارضة، وأفاد أن المساجد تغلق يوم الجمعة إلا الجامع، (وكذا أهل مصر فاتتهم الجمعة ) فإنهم يصلون الظهر بغير أذان ولا إقامة ولا جماعة "".</span> (2/157دارالفکر بیروت)  <span class=""ar_writing"">فقط والله أعلم</span></p></p><hr class=""big-hr""/>",03-04-2020,144108200547,banuri.edu.pk,نماز,جمعہ کی نماز,جمعہ و عیدین,"<div class=""col-md-12 sawal-jawab""><h3 class=""question_heading"">سوال</h3><p><p style=""text-align:justify;"">موجودہ حالات میں نماز جمعہ گھر میں پڑھنے کا حکم کیا ہے؟</p></p><h4 class=""question_heading"">جواب</h4><p><p style=""text-align:justify;"">جمعہ کی نماز جامع مسجد میں جاکر پڑھنا افضل ہے، اس لیے مسلمانوں کا اجتماع اور اس کی شان وشوکت کا اظہار ہے،  البتہ  کسی ناگہانی صورتِ حال میں اگر مساجد بالکلیہ بند ہوں یا بعض صحت مند افراد کو جمعہ کی نماز میں شرکت سے روک دیا جائے تو انہیں چاہیے کہ شہر، فناء شہر، اور بڑے قصبہ میں  مساجد کے علاوہ جہاں چار یا چار سے زیادہ بالغ مرد جمع ہوسکیں  وہ اذنِ عام (یعنی نماز پڑھنے والوں کی طرف سے دوسرے لوگوں کی شرکت کی ممانعت نہ ہو) کا خیال رکھتے ہوئے  جمعہ قائم کرنے کی کوشش کریں،  اگر کوئی نماز میں شریک ہونا چاہے  تو اس کو شرکت کی اجازت ہو ۔ </p><p style=""text-align:justify;"">باقی شہر، فنائے شہر یا قصبہ میں جمعہ کی نماز میں چوں کہ مسجد کا ہونا شرط نہیں ہے؛ لہٰذا امام کے علاوہ کم از کم تین بالغ مرد ہوں تو  بھی جمعہ کی نماز صحیح ہوجائے گی؛ چناں چہ جمعہ کا وقت داخل ہونے کے بعد پہلی اذان دی جائے، پھر سنتیں ادا کی جائیں، اس کے بعد امام منبر یا کرسی وغیرہ پر بیٹھ جائے اور اس کے سامنے دوسری اذان دی جائے، پھر امام منبر یا زمین پر کھڑے ہوکر دوخطبے  پڑھ کر دو رکعت نماز پڑھا دے،  چاہے گھر میں ہوں یا کسی اور جگہ جمع ہو کر پڑھ لیں، عربی خطبہ اگر یاد نہ ہو تو  کوئی خطبہ دیکھ کر پڑھے، ورنہ عربی زبان میں حمد و صلاۃ اور قرآنِ پاک کی چند آیات پڑھ کر دونوں خطبے دے دیں۔<br/>
  اگر شہر یا فنائے شہر یا قصبہ میں چار  بالغ افراد جمع نہ ہوسکیں  یا کسی وجہ سے جمعہ قائم نہ ہوسکے تو تو ظہر کی نماز  تنہا پڑھیں۔</p><p style=""text-align:justify;"">جمعہ کے مسنون خطبہ کے لیے درج ذیل لنک پر فتویٰ ملاحظہ فرمائیں:</p><p style=""text-align:justify;""> </p><p style=""text-align:justify;""><a href=""https://www.banuri.edu.pk/readquestion/kuhtba-jumma-144108200092/26-03-2020"">مختصر خطبہ جمعہ</a></p><p style=""text-align:justify;"">نیز  جمعے کے خطبہ میں مسنون تو یہ ہے کہ اس میں اللہ تعالی کی حمد و ثناء، درود شریف اور قرآنی آیات اور احادیثِ نبویہ ہوں، لیکن اگر کسی نے خطبہ جمعہ میں صرف سورہ فاتحہ اور سورہ اخلاص پڑھ لی تو بھی جمعہ کا خطبہ ادا ہو جائے گا؛ کیوں کہ جمعے کے خطبے کا رکن ’’ذکر اللہ‘‘ اس میں پایا جاتاہے۔</p><p style=""text-align:justify;""><strong>حلبی کبیری میں ہے:</strong></p><p style=""text-align:justify;""><span class=""ar_writing"">""وفي الفتاوی الغیاثیة: لوصلی الجمعة في قریة بغیر مسجد جامع والقریة کبیرة  لها قری وفیها وال وحاکم جازت الجمعة بنوا المسجد أو لم یبنوا … والمسجد الجامع لیس بشرط، ولهذا أجمعوا علی جوازها بالمصلی في فناء المصر"". </span>(ص؛551، فصل فی صلاۃ الجمعۃ، ط: سہیل اکیڈمی)</p><p style=""text-align:justify;"">فتاوی شامی میں ہے:<br/><span class=""ar_writing"">""(و) السادس: (الجماعة) وأقلها ثلاثة رجال (ولو غير الثلاثة الذين حضروا) الخطبة (سوى الإمام) بالنص؛ لأنه لا بد من الذاكر وهو الخطيب وثلاثة سواه بنص {فاسعوا إلى ذكر الله} [الجمعة: 9]</span></p><p style=""text-align:justify;""><span class=""ar_writing"">(قوله: وأقلها ثلاثة رجال) أطلق فيهم فشمل العبيد والمسافرين والمرضى والأميين والخرسى لصلاحيتهم للإمامة في الجمعة، إما لكل أحد أو لمن هو مثلهم في الأمي والأخرس فصلحا أن يقتديا بمن فوقهما، واحترز بالرجال عن النساء والصبيان؛ فإن الجمعة لاتصح بهم وحدهم لعدم صلاحيتهم للإمامة فيها بحال، بحر عن المحيط (قوله: ولو غير الثلاثة الذين حضروا الخطبة) أي على رواية اشتراط حضور ثلاثة في الخطبة، أما على رواية عدم الاشتراط أصلاً أو أنه يكفي حضور واحد فأظهر (قوله: سوى الإمام) هذا عند أبي حنيفة ورجح الشارحون دليله، واختاره المحبوبي والنسفي، كذا في تصحيح الشيخ قاسم (قوله: بنص {فاسعوا} [الجمعة: 9]؛ لأن طلب الحضور إلى الذكر متعلقاً بلفظ الجمع وهو الواو يستلزم ذاكراً فلزم أن يكون مع الإمام جمع، وتمامه في شرح المنية"".</span> (2 / 151)</p><p style=""text-align:justify;"">فتاوی ہندیہ میں ہے:</p><p style=""text-align:justify;""><span class=""ar_writing""><strong>""</strong>( و منها الإذن العام )  وهو أن تفتح ابواب الجامع فيؤذن للناس كافة حتي ان جماعة لو اجتمعوا في الجامع و أغلقوا أبواب المسجد علي أنفسهم و جمعوا لم يجز و كذلك السلطان إذا اراد أن يجمع بحشمه في داره فإن فتح باب الدار و أذن إذنا عاما جازت صلاته شهدها العامة أو لم يشهدوها كذا في المحيط""</span>. (الباب السادس عشر في صلاة الجمعة، ١/ ١٤٨، ط: رشيدية)</p><p style=""text-align:justify;"">فتاوی شامی میں ہے :<br/><span class=""ar_writing"">""(قوله: الإذن العام) أي أن يأذن للناس إذنًا عامًّا بأن لايمنع أحدًا ممن تصح منه الجمعة عن دخول الموضع الذي تصلى فيه، وهذا مراد من فسر الإذن العام بالاشتهار، وكذا في البرجندي إسماعيل، وإنما كان هذا شرطًا لأن الله تعالى شرع النداء لصلاة الجمعة بقوله: {فاسعوا إلى ذكر الله} [الجمعة: 9] والنداء للاشتهار، وكذا تسمى جمعة لاجتماع الجماعات فيها، فاقتضى أن تكون الجماعات كلها مأذونين بالحضور تحقيقًا لمعنى الاسم، بدائع""</span>.(2 / 151)</p><p style=""text-align:justify;"">وفیہ ایضا:</p><p style=""text-align:justify;""><span class=""ar_writing"">""( وكره ) تحريمًا ( لمعذور ومسجون ) ومسافر ( أداء ظهر بجماعة في مصر ) قبل الجمعة وبعدها لتقليل الجماعة وصورة المعارضة، وأفاد أن المساجد تغلق يوم الجمعة إلا الجامع، (وكذا أهل مصر فاتتهم الجمعة ) فإنهم يصلون الظهر بغير أذان ولا إقامة ولا جماعة "".</span> (2/157دارالفکر بیروت)  <span class=""ar_writing"">فقط والله أعلم</span></p></p><hr class=""big-hr""/><div class=""col-sm-6 col-md-6""><p class=""question_heading"" style=""color:#73161f"">فتوی نمبر : <a id=""fatwa_number"">144108200547</a></p></div><div class=""col-sm-6 col-md-6""><p style=""color:#73161f"">دارالافتاء :
                                جامعہ علوم اسلامیہ علامہ محمد یوسف بنوری ٹاؤن</p></div><hr class=""big-hr""/><div class=""col-sm-4 col-md-4""><div class=""tag""><a href=""https://www.banuri.edu.pk/questions/kitab/salat""><i class=""icon-docs-bold""></i> نماز</a></div></div><div class=""col-sm-4 col-md-4""><div class=""tag""><a href=""https://www.banuri.edu.pk/questions/bab/jumaa""><i class=""icon-docs-bold""></i> جمعہ کی نماز</a></div></div><div class=""col-sm-4 col-md-4""><div class=""tag""><a href=""https://www.banuri.edu.pk/questions/fasal/juma-o-eidayn""><i class=""icon-docs-bold""></i> جمعہ و عیدین</a></div></div></div>"
https://www.banuri.edu.pk/readquestion/iddat-k-doran-dewar-ko-sath-taihrana-144108200466/01-04-2020,عدت کے دوران دیور کو ساتھ ٹھہرانا,"<p><p style=""text-align:justify;"">میرے شوہر کا انتقال ہوگیا ہے،  میں عدت میں ہوں، کیا میں عدت کے دوران اپنے دیور کو اپنے گھر میں روک سکتی ہوں ،  رات میں بھی مستقل رکنے کے لیے؟ میرے دو بچے بھی ہیں، ایک 12 سال کی بیٹی ہے اور ایک 14 سال کا بیٹا ہے۔</p></p>","<p><p style=""text-align:justify;"">واضح رہے کہ عورت کے لیے دیور غیر محرم ہے، لہذا عام احوال یا دورانِ عدت دیور سے پردہ کرنا ضروری ہے، لہذا صورتِ مسئولہ میں سائلہ کے لیے جائز نہیں کہ وہ عدت کے دوران دن یا رات کے وقت دیور کو اپنے گھر میں ٹھہرائے، کیوں کہ یہ کئی قباحتوں کا پیش خیمہ ثابت ہوسکتا ہے۔ اگر تنہائی کی وجہ سے وحشت یا خطرہ محسوس ہوتاہو تو  کسی بزرگ محرم (مثلاً والد) یا اپنی والدہ یا خاندان کی کسی بزرگ خاتون کو گھر پر ٹھہرالیں۔</p><p style=""text-align:justify;"">مزید تفصیل کے درج ذیل فتوی ملاحظہ کیجیے:</p><p style=""text-align:justify;""><a href=""https://www.banuri.edu.pk/readquestion/%D8%AF%DB%8C%D9%88%D8%B1-%D8%A7%D9%88%D8%B1-%D8%AC%DB%8C%D9%B9%DA%BE-%D8%B3%DB%92-%D9%BE%D8%B1%D8%AF%DB%81-144104200511/13-12-2019"">دیور اور جیٹھ سے پردہ</a></p><p style=""text-align:justify;""> فقط واللہ اعلم</p></p><hr class=""big-hr""/>",01-04-2020,144108200466,banuri.edu.pk,طلاق,عدت,عدت,"<div class=""col-md-12 sawal-jawab""><h3 class=""question_heading"">سوال</h3><p><p style=""text-align:justify;"">میرے شوہر کا انتقال ہوگیا ہے،  میں عدت میں ہوں، کیا میں عدت کے دوران اپنے دیور کو اپنے گھر میں روک سکتی ہوں ،  رات میں بھی مستقل رکنے کے لیے؟ میرے دو بچے بھی ہیں، ایک 12 سال کی بیٹی ہے اور ایک 14 سال کا بیٹا ہے۔</p></p><h4 class=""question_heading"">جواب</h4><p><p style=""text-align:justify;"">واضح رہے کہ عورت کے لیے دیور غیر محرم ہے، لہذا عام احوال یا دورانِ عدت دیور سے پردہ کرنا ضروری ہے، لہذا صورتِ مسئولہ میں سائلہ کے لیے جائز نہیں کہ وہ عدت کے دوران دن یا رات کے وقت دیور کو اپنے گھر میں ٹھہرائے، کیوں کہ یہ کئی قباحتوں کا پیش خیمہ ثابت ہوسکتا ہے۔ اگر تنہائی کی وجہ سے وحشت یا خطرہ محسوس ہوتاہو تو  کسی بزرگ محرم (مثلاً والد) یا اپنی والدہ یا خاندان کی کسی بزرگ خاتون کو گھر پر ٹھہرالیں۔</p><p style=""text-align:justify;"">مزید تفصیل کے درج ذیل فتوی ملاحظہ کیجیے:</p><p style=""text-align:justify;""><a href=""https://www.banuri.edu.pk/readquestion/%D8%AF%DB%8C%D9%88%D8%B1-%D8%A7%D9%88%D8%B1-%D8%AC%DB%8C%D9%B9%DA%BE-%D8%B3%DB%92-%D9%BE%D8%B1%D8%AF%DB%81-144104200511/13-12-2019"">دیور اور جیٹھ سے پردہ</a></p><p style=""text-align:justify;""> فقط واللہ اعلم</p></p><hr class=""big-hr""/><div class=""col-sm-6 col-md-6""><p class=""question_heading"" style=""color:#73161f"">فتوی نمبر : <a id=""fatwa_number"">144108200466</a></p></div><div class=""col-sm-6 col-md-6""><p style=""color:#73161f"">دارالافتاء :
                                جامعہ علوم اسلامیہ علامہ محمد یوسف بنوری ٹاؤن</p></div><hr class=""big-hr""/><div class=""col-sm-4 col-md-4""><div class=""tag""><a href=""https://www.banuri.edu.pk/questions/kitab/talaaq""><i class=""icon-docs-bold""></i> طلاق</a></div></div><div class=""col-sm-4 col-md-4""><div class=""tag""><a href=""https://www.banuri.edu.pk/questions/bab/iddat""><i class=""icon-docs-bold""></i> عدت</a></div></div><div class=""col-sm-4 col-md-4""><div class=""tag""><a href=""https://www.banuri.edu.pk/questions/fasal/iddat""><i class=""icon-docs-bold""></i> عدت</a></div></div></div>"
https://www.banuri.edu.pk/readquestion/ffb2f16b3bcf90c12be72fb8aea12cdf-144107201128/23-03-2020,کیا موجودہ وبائی حالات میں قنوت نازلہ پڑھی جاسکتی ہے؟,"<p><p style=""text-align:justify;"">اس موجودہ وبائی صورت میں قنوتِ نازلہ کے بارے میں کیا حکم ہے ؟</p></p>","<p><p style=""text-align:justify;"">جب امتِ مسلمہ کسی اجتماعی پریشانی اورمصیبت میں گرفتار ہوجائے تو فجرکی نمازمیں رکوع سے اٹھنے کےبعد قنوتِ نازلہ پڑھنا مشروع ہے اورجب تک یہ پریشانی ختم نہ ہوجائے اس وقت تک قنوتِ نازلہ پڑھی جاسکتی ہے۔</p><p style=""text-align:justify;"">علامہ شامی رحمہ اللہ نے  الاشباہ و النظائر  کے حوالے سے نقل کیا ہے کہ :مصائب اور حوادث کے وقت قنوتِ نازلہ پڑھنا مشروع ہے اور طاعون ایک سخت ترین مصیبت ہے، لہذا طاعون کے وقت قنوتِ نازلہ پڑھنا مشروع ہے۔ </p><p style=""text-align:justify;"">فتاوی دار العلوم دیوبند میں ہے:</p><p style=""text-align:justify;"">""شامی میں ہے کہ کسی حادثہ کے وقت صبح کی نماز میں رکوع سے اٹھ کر امام کا دعاءِ قنوت پڑھنا درست ہے، سوائے صبح کے اور نمازوں میں حنفیہ کا مذہب نہیں ہے، یہ امام شافعی رحمہ اللہ کا مذہب ہے اور یہ بھی شامی میں ہے، اس لیے طاعون کے وقت بھی دعاءِ قنوت صبح کی نماز میں رکوع کے بعد پڑھنا درست ہے۔"" (فتاوی دارلعلوم دیوبند  4 / 153 ط: دار الاشاعت)</p><p style=""text-align:justify;"">             لہذا موجودہ صورت حال میں کرونا وائرس کی وجہ سے فجر کی نماز میں  دوسری رکعت کے رکوع کے بعد قنوتِ نازلہ  پڑھنا جائز ہے، قنوت نازلہ میں اللہ رب العزت کی حمد و ثنا کی جائے، درود شریف پڑھا جائے اور  اس کے بعد وبائی امراض کے دوران پڑھی جانے والی دعائیں پڑھی جائیں، یہ دعا بھی پڑھی جاسکتی ہے:</p><p style=""text-align:justify;""> </p><p style=""text-align:justify;""><span class=""ar_writing""><strong>""اَللّٰهُمَّ اهْدِنَا فِيمَنْ هَدَيْتَ، وَعَافِنَا فِيمَنْ عَافَيْتَ، وَتَوَلَّنَا فِيمَنْ تَوَلَّيْتَ، وَبَارِكْ لَنَا فِيمَا أَعْطَيْتَ، وَقِنَا شَرَّ مَا قَضَيْتَ، فَإِنَّكَ تَقْضِي وَلاَيُقْضٰى عَلَيْكَ، إِنَّهُ لاَيَعِزُّ مَنْ عَادَيْتَ</strong><strong> </strong><strong>وَ لاَيَذِلُّ مَنْ وَّالَيْتَ، تَبَارَكْتَ رَبَّنَا وَتَعَالَيْتَ، اَللّٰهُمَّ </strong><strong>اغْفِرْ لِلْمُؤْمِنِیْنَ وَ الْمُؤْمِنَاتِ وَ الْمُسْلِمِیْنَ وَ الْمُسْلِمَاتِ، وَ أَصْلِحْهُمْ وَ أَصْلِحْ ذَاتَ بَيْنِهِمْ وَ أَلِّفْ بَیْنَ قُلُوْبِهِمْ، وَ اجْعَلْ فِيْ قُلُوْبِهِمُ الْإِيْمَانَ وَ الْحِكْمَةَ وَ ثَبَّتْهُمْ عَلىٰ مِلَّةِ رَسُوْلِكَ، وَ أَوْزِعْهُمْ أَنْ يَّشْكُرُوْا نِعْمَتَكَ الَّتِيْ أَنْعَمْتَ عَلَيْهِمْ وَ أَنْ يُّوْفُوْا بِعَهْدِكَ الَّذِيْ عَاهَدْتَّهُمْ عَلَيْهِ، وَ انْصُرْهُمْ عَلىٰ عَدُوِّكَ وَ عَدُوِّهِمْ، إِلٰهَ الْحَقِّ سُبْحَانَكَ، لَا إِلٰهَ غَيْرُكَ، أَللّٰهُمَّ إِنَّا نَعُوْذُبِكَ مِنَ الْبَرَصِ وَ الْجُنُوْنِ وَ الْجُذَامِ وَ مِنْ سَيِّءِ الْأسْقَامِ، أَللّٰهُمَّ ارْفَعْ عَنَّا الدَّاءَ الْبَلَاءَ وَ الْوَبَاءَ، </strong><strong>اَللّٰهُمَّ </strong><strong>الْعَنْ الكَفَرَةَ الَّذِينَ يَصُدُّونَ عَنْ سَبِيلِكَ ، وَيُكَذِّبُوْنَ رُسُلَكَ، وَيُقَاتِلُوْنَ أَوْلِيَاءَكَ </strong><strong>اَللّٰهُمَّ </strong><strong>خَالِفْ بَيْنَ كَلِمَتِهِمَ، وَزَلْزِلْ أَقْدَامَهُمْ ، وَأَنْزِلْ بِهِمْ بَأْسَكَ الَّذِى لاَتَرُدُّهُ عَنِ الْقَوْمِ الْمُجْرِمِينَ، وَ صَلّٰی اللهُ عَلیٰ مُحَمَّدٍ وَّ آلِهِ وِ صَحْبِهِ وَ بَارِكْ وَ سَلِّمْ"".</strong></span></p><p style=""text-align:justify;"">وبائی امراض میں پڑھی جانے والی مسنون دعائیں درج ذیل فتاوی میں ملاحظہ کریں:</p><p style=""text-align:justify;""><a href=""https://www.banuri.edu.pk/readquestion/wabai-amraz-ke-khatme-aur-bachao-ke-liy-aamal-144107201120/22-03-2020"">وبائی امراض کے خاتمہ اور بچاؤ کے لیے اعمال</a></p><p style=""text-align:justify;""><a href=""https://www.banuri.edu.pk/readquestion/%DA%A9%D8%B1%D9%88%D9%86%D8%A7-%D9%88%D8%A7%D8%A6%D8%B1%D8%B3-%D8%A7%D9%88%D8%B1-%D8%AF%DB%8C%DA%AF%D8%B1-%D9%88%D8%A8%D8%A7%D8%A6%DB%8C-%D8%A7%D9%85%D8%B1%D8%A7%D8%B6-%D9%85%DB%8C%DA%BA-%D9%85%D8%B3%D9%84%D9%85%D8%A7%D9%86%D9%88%DA%BA-%DA%A9%DB%92-%D9%84%DB%8C%DB%92-%D8%B1%D8%A7%DB%81-%D9%86%D9%85%D8%A7%D8%A6%DB%8C-144107200753/14-03-2020"">کرونا وائرس اور دیگر وبائی امراض میں مسلمانوں کے لیے راہ نمائی</a></p><p style=""text-align:justify;""><a href=""https://www.banuri.edu.pk/readquestion/%D8%A7%D8%AD%D8%B1%D8%A7%D9%85-%DA%A9%DB%8C-%D8%AD%D8%A7%D9%84%D8%AA-%D9%85%DB%8C%DA%BA-%DA%86%DB%81%D8%B1%DB%92-%D9%BE%D8%B1-%D9%85%D8%A7%D8%B3%DA%A9-%D9%BE%DB%8C%D9%86%D9%86%D8%A7-%DA%A9%D8%B1%D9%88%D9%86%D8%A7-%D9%88%D8%A7%D8%A6%D8%B1%D8%B3-%D8%B3%DB%92-%D8%A8%DA%86%D8%A7%D8%A4-%DA%A9%DB%8C-%D8%AF%D8%B9%D8%A7-144106200662/12-02-2020"">احرام کی حالت میں چہرے پر ماسک پیننا / کرونا وائرس سے بچاؤ کی دعا</a></p><p style=""text-align:justify;"">اعلاء السنن میں ہے:  </p><p style=""text-align:justify;""><span class=""ar_writing"">""والقنوت في الفجر لایشرع لمطلق الحرب عندنا، وإنما یشرع لبلیّة شدیدة تبلغ بها القلوب الحناجر ولو لا ذلك یلزم الصحابة القائلین بالقنوت للنازلة أن یقنتوا أبدًا ولایترکوه یومًا لعدم خلوّ المسلمین عن نازلة مّا غالبًا، لا سیّما في زمن الخلفاء الأربعة.  قلت: وهذا هو الذي یحصل به الجمع بین الأحادیث المختلفة في الباب"". (۶/۹۶ ، کتاب الصلاة، أبواب الوتر، تتمة في بقیة أحکام قنوت النازلة، ط : إدارة القرآن کراچی)</span><br/><span class=""ar_writing"">الأشباه والنظائر على مذهب أبي حنيفة النعمان</span> (1 / 382):</p><p style=""text-align:justify;""> </p><p style=""text-align:justify;""><span class=""ar_writing"">""فائدة : في الدعاء برفع الطاعون :</span></p><p style=""text-align:justify;""><span class=""ar_writing"">سئلت عنه في طاعون سنة تسع وستين وتسع مائة بالقاهرة فأجبت بأني لم أره صريحا ، ولكن صرح في الغاية وعزاه الشمني إليها بأنه إذا نزل بالمسلمين نازلة.</span></p><p style=""text-align:justify;""><span class=""ar_writing"">قنت الإمام في صلاة الفجر، وهو قول الثوري وأحمد ، وقال جمهور أهل الحديث : القنوت عند النوازل مشروع في الصلاة كلها ( انتهى )</span></p><p style=""text-align:justify;""><span class=""ar_writing"">وفي فتح القدير: أن مشروعية القنوت للنازلة مستمر لم ينسخ ، وبه قال جماعة من أهل الحديث وحملوا عليه حديث أبي جعفر عن أنس رضي الله عنهما ( { ما زال رسول الله صلى الله عليه وسلم يقنت حتى فارق الدنيا } ) أي عند النوازل ، وما ذكرنا من أخبار الخلفاء يفيد تقرره لفعلهم ذلك بعده صلى الله عليه وآله وسلم ، وقد قنت الصديق رضي الله عنه في محاربة الصحابة رضي الله عنهم مسيلمة الكذاب وعند محاربة أهل الكتاب، وكذلك قنت عمر رضي الله عنه ، وكذلك قنت علي رضي الله عنه في محاربة معاوية ، وقنت معاوية في محاربته ( انتهى )</span></p><p style=""text-align:justify;""><span class=""ar_writing"">فالقنوت عندنا في النازلة ثابت .وهو الدعاء برفعها، ولا شك أن الطاعون من أشد النوازل ، قال في المصباح : النازلة المصيبة الشديدة تنزل بالناس ( انتهى) و في القاموس : النازلة الشديدة ( انتهى )، وفي الصحاح : النازلة الشديدة من شدائد الدهر تنزل بالناس ( انتهى )، وذكر في السراج الوهاج قال الطحطاوي : ولا يقنت في الفجر عندنا من غير بلية، فإن وقعت بلية فلا بأس به كما فعل رسول الله صلى الله عليه وسلم ، فإنه قنت شهرا فيها ، يدعو على رعل وذكوان وبني لحيان ثم تركه ، كذا في الملتقط ( انتهى ) .</span></p><p style=""text-align:justify;""><span class=""ar_writing"">الدر المختار وحاشية ابن عابدين (2 / 11) ط: سعيد</span></p><p style=""text-align:justify;""><span class=""ar_writing"">(ولا يقنت لغيره) إلا النازلة فيقنت الإمام في الجهرية، وقيل في الكل.</span></p><p style=""text-align:justify;""><span class=""ar_writing"">و في الرد:</span></p><p style=""text-align:justify;""><span class=""ar_writing"">""(قوله إلا لنازلة) قال في الصحاح: النازلة الشديدة من شدائد الدهر، ولا شك أن الطاعون من أشد النوازل أشباه"".</span></p><p style=""text-align:justify;""><span class=""ar_writing"">الدر المختار وحاشية ابن عابدين (رد المحتار) - (2 / 11):</span></p><p style=""text-align:justify;""><span class=""ar_writing"">""وهو صريح في أن قنوت النازلة عندنا مختص بصلاة الفجر دون غيرها من الصلوات الجهرية أو السرية"".</span></p><p style=""text-align:justify;""><span class=""ar_writing"">مرقاة المفاتيح (3 / 958):</span></p><p style=""text-align:justify;""><span class=""ar_writing"">""(عن أبي هريرة، أن رسول الله صلى الله عليه وسلم كان إذا أراد أن يدعو على أحد) ، أي: لضرره (أو يدعو لأحد) ، أي: لنفعه (قنت) : وهو يحتمل التخصيص بالصبح أو تعميم الصلوات وهو الأظهر، قال ابن حجر: أخذ منه الشافعي أنه يسن القنوت في أخيرة سائر المكتوبات للنازلة التي تنزل بالمسلمين عامة، كوباء وقحط وطاعون، وخاصة ببعضهم كأسر العالم أو الشجاع ممن تعدى نفعه، وقول الطحاوي لم يقل به فيها غير الشافعي غلط منه، بل قنت علي رضي الله عنه في المغرب بصفين اهـ. ونسبة هذا القول إلى الطحاوي على هذا المنوال غلط ; إذ أطبق علماؤنا على جواز القنوت عند النازلة"".</span></p><p style=""text-align:justify;""><span class=""ar_writing"">مرقاة المفاتيح شرح مشكاة المصابيح - (3 / 958):</span></p><p style=""text-align:justify;""><span class=""ar_writing"">""قال الإمام النووي: القنوت مسنون في صلاة الصبح دائما، وأما في غيرها ففيه ثلاثة أقوال، والصحيح المشهور أنه إذا نزلت نازلة كعدو أو قحط أو وباء أو عطش أو ضرر ظاهر في المسلمين، ونحو ذلك قنتوا في جميع الصلوات المكتوبة، وإلا فلا. ذكره الطيبي، وفيه أن مسنونيته في الصبح غير مستفادة من هذا الحديث"". </span></p><p style=""text-align:justify;""> </p><p style=""text-align:justify;"">فتاوی رحیمیہ میں ہے:</p><p style=""text-align:justify;"">’’جب طاعون یا ہیضے وغیرہ کی وبا پھیل جائے جس سے لوگ مضطرب اور پریشان ہوں، تو قنوتِ نازلہ پڑھی جا سکتی ہے؛ تاآں کہ اللہ تعالیٰ اس مصیبت کو دور کر دے ‘‘۔(فتاویٰ رحیمیہ:۶/۲۱ ط دارالاشاعت کراچی)  فقط واللہ اعلم</p></p><hr class=""big-hr""/>",23-03-2020,144107201128,banuri.edu.pk,نماز,نماز کی شرائط,نماز اور اس کی شرائط و ارکان ، سنن و آداب,"<div class=""col-md-12 sawal-jawab""><h3 class=""question_heading"">سوال</h3><p><p style=""text-align:justify;"">اس موجودہ وبائی صورت میں قنوتِ نازلہ کے بارے میں کیا حکم ہے ؟</p></p><h4 class=""question_heading"">جواب</h4><p><p style=""text-align:justify;"">جب امتِ مسلمہ کسی اجتماعی پریشانی اورمصیبت میں گرفتار ہوجائے تو فجرکی نمازمیں رکوع سے اٹھنے کےبعد قنوتِ نازلہ پڑھنا مشروع ہے اورجب تک یہ پریشانی ختم نہ ہوجائے اس وقت تک قنوتِ نازلہ پڑھی جاسکتی ہے۔</p><p style=""text-align:justify;"">علامہ شامی رحمہ اللہ نے  الاشباہ و النظائر  کے حوالے سے نقل کیا ہے کہ :مصائب اور حوادث کے وقت قنوتِ نازلہ پڑھنا مشروع ہے اور طاعون ایک سخت ترین مصیبت ہے، لہذا طاعون کے وقت قنوتِ نازلہ پڑھنا مشروع ہے۔ </p><p style=""text-align:justify;"">فتاوی دار العلوم دیوبند میں ہے:</p><p style=""text-align:justify;"">""شامی میں ہے کہ کسی حادثہ کے وقت صبح کی نماز میں رکوع سے اٹھ کر امام کا دعاءِ قنوت پڑھنا درست ہے، سوائے صبح کے اور نمازوں میں حنفیہ کا مذہب نہیں ہے، یہ امام شافعی رحمہ اللہ کا مذہب ہے اور یہ بھی شامی میں ہے، اس لیے طاعون کے وقت بھی دعاءِ قنوت صبح کی نماز میں رکوع کے بعد پڑھنا درست ہے۔"" (فتاوی دارلعلوم دیوبند  4 / 153 ط: دار الاشاعت)</p><p style=""text-align:justify;"">             لہذا موجودہ صورت حال میں کرونا وائرس کی وجہ سے فجر کی نماز میں  دوسری رکعت کے رکوع کے بعد قنوتِ نازلہ  پڑھنا جائز ہے، قنوت نازلہ میں اللہ رب العزت کی حمد و ثنا کی جائے، درود شریف پڑھا جائے اور  اس کے بعد وبائی امراض کے دوران پڑھی جانے والی دعائیں پڑھی جائیں، یہ دعا بھی پڑھی جاسکتی ہے:</p><p style=""text-align:justify;""> </p><p style=""text-align:justify;""><span class=""ar_writing""><strong>""اَللّٰهُمَّ اهْدِنَا فِيمَنْ هَدَيْتَ، وَعَافِنَا فِيمَنْ عَافَيْتَ، وَتَوَلَّنَا فِيمَنْ تَوَلَّيْتَ، وَبَارِكْ لَنَا فِيمَا أَعْطَيْتَ، وَقِنَا شَرَّ مَا قَضَيْتَ، فَإِنَّكَ تَقْضِي وَلاَيُقْضٰى عَلَيْكَ، إِنَّهُ لاَيَعِزُّ مَنْ عَادَيْتَ</strong><strong> </strong><strong>وَ لاَيَذِلُّ مَنْ وَّالَيْتَ، تَبَارَكْتَ رَبَّنَا وَتَعَالَيْتَ، اَللّٰهُمَّ </strong><strong>اغْفِرْ لِلْمُؤْمِنِیْنَ وَ الْمُؤْمِنَاتِ وَ الْمُسْلِمِیْنَ وَ الْمُسْلِمَاتِ، وَ أَصْلِحْهُمْ وَ أَصْلِحْ ذَاتَ بَيْنِهِمْ وَ أَلِّفْ بَیْنَ قُلُوْبِهِمْ، وَ اجْعَلْ فِيْ قُلُوْبِهِمُ الْإِيْمَانَ وَ الْحِكْمَةَ وَ ثَبَّتْهُمْ عَلىٰ مِلَّةِ رَسُوْلِكَ، وَ أَوْزِعْهُمْ أَنْ يَّشْكُرُوْا نِعْمَتَكَ الَّتِيْ أَنْعَمْتَ عَلَيْهِمْ وَ أَنْ يُّوْفُوْا بِعَهْدِكَ الَّذِيْ عَاهَدْتَّهُمْ عَلَيْهِ، وَ انْصُرْهُمْ عَلىٰ عَدُوِّكَ وَ عَدُوِّهِمْ، إِلٰهَ الْحَقِّ سُبْحَانَكَ، لَا إِلٰهَ غَيْرُكَ، أَللّٰهُمَّ إِنَّا نَعُوْذُبِكَ مِنَ الْبَرَصِ وَ الْجُنُوْنِ وَ الْجُذَامِ وَ مِنْ سَيِّءِ الْأسْقَامِ، أَللّٰهُمَّ ارْفَعْ عَنَّا الدَّاءَ الْبَلَاءَ وَ الْوَبَاءَ، </strong><strong>اَللّٰهُمَّ </strong><strong>الْعَنْ الكَفَرَةَ الَّذِينَ يَصُدُّونَ عَنْ سَبِيلِكَ ، وَيُكَذِّبُوْنَ رُسُلَكَ، وَيُقَاتِلُوْنَ أَوْلِيَاءَكَ </strong><strong>اَللّٰهُمَّ </strong><strong>خَالِفْ بَيْنَ كَلِمَتِهِمَ، وَزَلْزِلْ أَقْدَامَهُمْ ، وَأَنْزِلْ بِهِمْ بَأْسَكَ الَّذِى لاَتَرُدُّهُ عَنِ الْقَوْمِ الْمُجْرِمِينَ، وَ صَلّٰی اللهُ عَلیٰ مُحَمَّدٍ وَّ آلِهِ وِ صَحْبِهِ وَ بَارِكْ وَ سَلِّمْ"".</strong></span></p><p style=""text-align:justify;"">وبائی امراض میں پڑھی جانے والی مسنون دعائیں درج ذیل فتاوی میں ملاحظہ کریں:</p><p style=""text-align:justify;""><a href=""https://www.banuri.edu.pk/readquestion/wabai-amraz-ke-khatme-aur-bachao-ke-liy-aamal-144107201120/22-03-2020"">وبائی امراض کے خاتمہ اور بچاؤ کے لیے اعمال</a></p><p style=""text-align:justify;""><a href=""https://www.banuri.edu.pk/readquestion/%DA%A9%D8%B1%D9%88%D9%86%D8%A7-%D9%88%D8%A7%D8%A6%D8%B1%D8%B3-%D8%A7%D9%88%D8%B1-%D8%AF%DB%8C%DA%AF%D8%B1-%D9%88%D8%A8%D8%A7%D8%A6%DB%8C-%D8%A7%D9%85%D8%B1%D8%A7%D8%B6-%D9%85%DB%8C%DA%BA-%D9%85%D8%B3%D9%84%D9%85%D8%A7%D9%86%D9%88%DA%BA-%DA%A9%DB%92-%D9%84%DB%8C%DB%92-%D8%B1%D8%A7%DB%81-%D9%86%D9%85%D8%A7%D8%A6%DB%8C-144107200753/14-03-2020"">کرونا وائرس اور دیگر وبائی امراض میں مسلمانوں کے لیے راہ نمائی</a></p><p style=""text-align:justify;""><a href=""https://www.banuri.edu.pk/readquestion/%D8%A7%D8%AD%D8%B1%D8%A7%D9%85-%DA%A9%DB%8C-%D8%AD%D8%A7%D9%84%D8%AA-%D9%85%DB%8C%DA%BA-%DA%86%DB%81%D8%B1%DB%92-%D9%BE%D8%B1-%D9%85%D8%A7%D8%B3%DA%A9-%D9%BE%DB%8C%D9%86%D9%86%D8%A7-%DA%A9%D8%B1%D9%88%D9%86%D8%A7-%D9%88%D8%A7%D8%A6%D8%B1%D8%B3-%D8%B3%DB%92-%D8%A8%DA%86%D8%A7%D8%A4-%DA%A9%DB%8C-%D8%AF%D8%B9%D8%A7-144106200662/12-02-2020"">احرام کی حالت میں چہرے پر ماسک پیننا / کرونا وائرس سے بچاؤ کی دعا</a></p><p style=""text-align:justify;"">اعلاء السنن میں ہے:  </p><p style=""text-align:justify;""><span class=""ar_writing"">""والقنوت في الفجر لایشرع لمطلق الحرب عندنا، وإنما یشرع لبلیّة شدیدة تبلغ بها القلوب الحناجر ولو لا ذلك یلزم الصحابة القائلین بالقنوت للنازلة أن یقنتوا أبدًا ولایترکوه یومًا لعدم خلوّ المسلمین عن نازلة مّا غالبًا، لا سیّما في زمن الخلفاء الأربعة.  قلت: وهذا هو الذي یحصل به الجمع بین الأحادیث المختلفة في الباب"". (۶/۹۶ ، کتاب الصلاة، أبواب الوتر، تتمة في بقیة أحکام قنوت النازلة، ط : إدارة القرآن کراچی)</span><br/><span class=""ar_writing"">الأشباه والنظائر على مذهب أبي حنيفة النعمان</span> (1 / 382):</p><p style=""text-align:justify;""> </p><p style=""text-align:justify;""><span class=""ar_writing"">""فائدة : في الدعاء برفع الطاعون :</span></p><p style=""text-align:justify;""><span class=""ar_writing"">سئلت عنه في طاعون سنة تسع وستين وتسع مائة بالقاهرة فأجبت بأني لم أره صريحا ، ولكن صرح في الغاية وعزاه الشمني إليها بأنه إذا نزل بالمسلمين نازلة.</span></p><p style=""text-align:justify;""><span class=""ar_writing"">قنت الإمام في صلاة الفجر، وهو قول الثوري وأحمد ، وقال جمهور أهل الحديث : القنوت عند النوازل مشروع في الصلاة كلها ( انتهى )</span></p><p style=""text-align:justify;""><span class=""ar_writing"">وفي فتح القدير: أن مشروعية القنوت للنازلة مستمر لم ينسخ ، وبه قال جماعة من أهل الحديث وحملوا عليه حديث أبي جعفر عن أنس رضي الله عنهما ( { ما زال رسول الله صلى الله عليه وسلم يقنت حتى فارق الدنيا } ) أي عند النوازل ، وما ذكرنا من أخبار الخلفاء يفيد تقرره لفعلهم ذلك بعده صلى الله عليه وآله وسلم ، وقد قنت الصديق رضي الله عنه في محاربة الصحابة رضي الله عنهم مسيلمة الكذاب وعند محاربة أهل الكتاب، وكذلك قنت عمر رضي الله عنه ، وكذلك قنت علي رضي الله عنه في محاربة معاوية ، وقنت معاوية في محاربته ( انتهى )</span></p><p style=""text-align:justify;""><span class=""ar_writing"">فالقنوت عندنا في النازلة ثابت .وهو الدعاء برفعها، ولا شك أن الطاعون من أشد النوازل ، قال في المصباح : النازلة المصيبة الشديدة تنزل بالناس ( انتهى) و في القاموس : النازلة الشديدة ( انتهى )، وفي الصحاح : النازلة الشديدة من شدائد الدهر تنزل بالناس ( انتهى )، وذكر في السراج الوهاج قال الطحطاوي : ولا يقنت في الفجر عندنا من غير بلية، فإن وقعت بلية فلا بأس به كما فعل رسول الله صلى الله عليه وسلم ، فإنه قنت شهرا فيها ، يدعو على رعل وذكوان وبني لحيان ثم تركه ، كذا في الملتقط ( انتهى ) .</span></p><p style=""text-align:justify;""><span class=""ar_writing"">الدر المختار وحاشية ابن عابدين (2 / 11) ط: سعيد</span></p><p style=""text-align:justify;""><span class=""ar_writing"">(ولا يقنت لغيره) إلا النازلة فيقنت الإمام في الجهرية، وقيل في الكل.</span></p><p style=""text-align:justify;""><span class=""ar_writing"">و في الرد:</span></p><p style=""text-align:justify;""><span class=""ar_writing"">""(قوله إلا لنازلة) قال في الصحاح: النازلة الشديدة من شدائد الدهر، ولا شك أن الطاعون من أشد النوازل أشباه"".</span></p><p style=""text-align:justify;""><span class=""ar_writing"">الدر المختار وحاشية ابن عابدين (رد المحتار) - (2 / 11):</span></p><p style=""text-align:justify;""><span class=""ar_writing"">""وهو صريح في أن قنوت النازلة عندنا مختص بصلاة الفجر دون غيرها من الصلوات الجهرية أو السرية"".</span></p><p style=""text-align:justify;""><span class=""ar_writing"">مرقاة المفاتيح (3 / 958):</span></p><p style=""text-align:justify;""><span class=""ar_writing"">""(عن أبي هريرة، أن رسول الله صلى الله عليه وسلم كان إذا أراد أن يدعو على أحد) ، أي: لضرره (أو يدعو لأحد) ، أي: لنفعه (قنت) : وهو يحتمل التخصيص بالصبح أو تعميم الصلوات وهو الأظهر، قال ابن حجر: أخذ منه الشافعي أنه يسن القنوت في أخيرة سائر المكتوبات للنازلة التي تنزل بالمسلمين عامة، كوباء وقحط وطاعون، وخاصة ببعضهم كأسر العالم أو الشجاع ممن تعدى نفعه، وقول الطحاوي لم يقل به فيها غير الشافعي غلط منه، بل قنت علي رضي الله عنه في المغرب بصفين اهـ. ونسبة هذا القول إلى الطحاوي على هذا المنوال غلط ; إذ أطبق علماؤنا على جواز القنوت عند النازلة"".</span></p><p style=""text-align:justify;""><span class=""ar_writing"">مرقاة المفاتيح شرح مشكاة المصابيح - (3 / 958):</span></p><p style=""text-align:justify;""><span class=""ar_writing"">""قال الإمام النووي: القنوت مسنون في صلاة الصبح دائما، وأما في غيرها ففيه ثلاثة أقوال، والصحيح المشهور أنه إذا نزلت نازلة كعدو أو قحط أو وباء أو عطش أو ضرر ظاهر في المسلمين، ونحو ذلك قنتوا في جميع الصلوات المكتوبة، وإلا فلا. ذكره الطيبي، وفيه أن مسنونيته في الصبح غير مستفادة من هذا الحديث"". </span></p><p style=""text-align:justify;""> </p><p style=""text-align:justify;"">فتاوی رحیمیہ میں ہے:</p><p style=""text-align:justify;"">’’جب طاعون یا ہیضے وغیرہ کی وبا پھیل جائے جس سے لوگ مضطرب اور پریشان ہوں، تو قنوتِ نازلہ پڑھی جا سکتی ہے؛ تاآں کہ اللہ تعالیٰ اس مصیبت کو دور کر دے ‘‘۔(فتاویٰ رحیمیہ:۶/۲۱ ط دارالاشاعت کراچی)  فقط واللہ اعلم</p></p><hr class=""big-hr""/><div class=""col-sm-6 col-md-6""><p class=""question_heading"" style=""color:#73161f"">فتوی نمبر : <a id=""fatwa_number"">144107201128</a></p></div><div class=""col-sm-6 col-md-6""><p style=""color:#73161f"">دارالافتاء :
                                جامعہ علوم اسلامیہ علامہ محمد یوسف بنوری ٹاؤن</p></div><hr class=""big-hr""/><div class=""col-sm-4 col-md-4""><div class=""tag""><a href=""https://www.banuri.edu.pk/questions/kitab/salat""><i class=""icon-docs-bold""></i> نماز</a></div></div><div class=""col-sm-4 col-md-4""><div class=""tag""><a href=""https://www.banuri.edu.pk/questions/bab/namaz-ki-sharait""><i class=""icon-docs-bold""></i> نماز کی شرائط</a></div></div><div class=""col-sm-4 col-md-4""><div class=""tag""><a href=""https://www.banuri.edu.pk/questions/fasal/namaz-or-us-ki-sharait-o-arkaan-sunan-o-aadab""><i class=""icon-docs-bold""></i> نماز اور اس کی شرائط و ارکان ، سنن و آداب</a></div></div></div>"
https://www.banuri.edu.pk/readquestion/shart-paye-janay-par-talaq-144107201181/24-03-2020,شرط پائے جانے پر طلاق,"<p><p style=""text-align:justify;"">آدمی اپنے ماں سے یہ کہے: اگر یہ بندے میرے  بھتیجے  کی منگنی پر گئے تو پھر میں آپ کے گھر میں داخل ہوا تو میرے اوپر میری بیوی طلاق ہے،  ایسے الفاظ دوبار کہے، پھر وہ بندے ان کے بھتیجے کی منگنی پر گئے شریعت کی روسے راہ نمائی فرمائیں!</p></p>","<p><p style=""text-align:justify;"">صورتِ مسئولہ میں اگر کہنے والا شخص شادی شدہ ہے  اور جن کے متعلق منگنی میں شرکت کا کہا تھا، ان کے شرکت کرلینے کے بعد وہ اپنی والدہ کے گھر میں داخل ہوا ہو تو اس کی بیوی پر دو طلاقِ رجعی واقع ہوجائیں گی،  اگر عدت میں رجوع کرلیا یا عدت کے بعدتجدیدِ نکاح کرلیا تو آئندہ ایک طلاق کا اختیار ہوگا۔</p><p style=""text-align:justify;"">اگر کہنے والا شادی شدہ ہی نہیں ہے، تو اس جملے سے نکاح کرنے کے بعد طلاق واقع نہیں ہوگی۔ اور اگر شادی شدہ ہے لیکن اب تک وہ اپنی والدہ کے گھر داخل نہیں ہوا تو  فی الحال طلاق واقع نہیں ہوئی۔فقط واللہ اعلم</p></p><hr class=""big-hr""/>",24-03-2020,144107201181,banuri.edu.pk,طلاق,تعلیقِ طلاق (مشروط طلاق دینا),طلاق کو معلق کرنا,"<div class=""col-md-12 sawal-jawab""><h3 class=""question_heading"">سوال</h3><p><p style=""text-align:justify;"">آدمی اپنے ماں سے یہ کہے: اگر یہ بندے میرے  بھتیجے  کی منگنی پر گئے تو پھر میں آپ کے گھر میں داخل ہوا تو میرے اوپر میری بیوی طلاق ہے،  ایسے الفاظ دوبار کہے، پھر وہ بندے ان کے بھتیجے کی منگنی پر گئے شریعت کی روسے راہ نمائی فرمائیں!</p></p><h4 class=""question_heading"">جواب</h4><p><p style=""text-align:justify;"">صورتِ مسئولہ میں اگر کہنے والا شخص شادی شدہ ہے  اور جن کے متعلق منگنی میں شرکت کا کہا تھا، ان کے شرکت کرلینے کے بعد وہ اپنی والدہ کے گھر میں داخل ہوا ہو تو اس کی بیوی پر دو طلاقِ رجعی واقع ہوجائیں گی،  اگر عدت میں رجوع کرلیا یا عدت کے بعدتجدیدِ نکاح کرلیا تو آئندہ ایک طلاق کا اختیار ہوگا۔</p><p style=""text-align:justify;"">اگر کہنے والا شادی شدہ ہی نہیں ہے، تو اس جملے سے نکاح کرنے کے بعد طلاق واقع نہیں ہوگی۔ اور اگر شادی شدہ ہے لیکن اب تک وہ اپنی والدہ کے گھر داخل نہیں ہوا تو  فی الحال طلاق واقع نہیں ہوئی۔فقط واللہ اعلم</p></p><hr class=""big-hr""/><div class=""col-sm-6 col-md-6""><p class=""question_heading"" style=""color:#73161f"">فتوی نمبر : <a id=""fatwa_number"">144107201181</a></p></div><div class=""col-sm-6 col-md-6""><p style=""color:#73161f"">دارالافتاء :
                                جامعہ علوم اسلامیہ علامہ محمد یوسف بنوری ٹاؤن</p></div><hr class=""big-hr""/><div class=""col-sm-4 col-md-4""><div class=""tag""><a href=""https://www.banuri.edu.pk/questions/kitab/talaaq""><i class=""icon-docs-bold""></i> طلاق</a></div></div><div class=""col-sm-4 col-md-4""><div class=""tag""><a href=""https://www.banuri.edu.pk/questions/bab/talaq-ki-taleeq""><i class=""icon-docs-bold""></i> تعلیقِ طلاق (مشروط طلاق دینا)</a></div></div><div class=""col-sm-4 col-md-4""><div class=""tag""><a href=""https://www.banuri.edu.pk/questions/fasal/talaq-ko-muallaq-karna""><i class=""icon-docs-bold""></i> طلاق کو معلق کرنا</a></div></div></div>"
https://www.banuri.edu.pk/readquestion/aaqila-baliga-larki-ka-walden-ki-ijazt-ke-bagher-nikah-karna-144108200407/31-03-2020,عاقلہ بالغہ لڑکی کا والدین کی اجازت کے بغیر نکاح کرنا,"<p><p style=""text-align:justify;"">بالغ لڑکی والد کے اذن کے بغیر کیا اپنی مرضی سے نکاح کر سکتی ہے?</p></p>","<p><p style=""text-align:justify;"">لڑکی کا اپنے والدین کی رضامندی کے بغیر نکاح کرنا شرعاً و اخلاقاً پسندیدہ نہیں ہے، اس سے اجتناب کرنا چاہیے۔ تاہم  اگر عاقلہ بالغہ  لڑکی اپنے والدین کی رضامندی کے بغیر اپنا نکاح خود کرے تو شرعاً ایسا نکاح منعقد ہوجاتا ہے،  اب  اگر لڑکی نے  ولی کی اجازت کے بغیر   غیر کفو میں نکاح کیا   تو   اولاد ہونے سے پہلے پہلے لڑکی کے اولیاء کو  عدالت سے  رجوع کرکے اس نکاح کو فسخ کرنے کا اختیار ہوتا ہے، اور اگر کفو میں نکاح کیا ہے توپھر لڑکی کے اولیاء   کو وہ نکاح  فسخ کرنے کا اختیار نہیں ہوتا ،  اور کفو کا مطلب یہ ہے کہ  لڑکا دین، دیانت، مال ونسب، پیشہ اور تعلیم میں لڑ کی کے ہم پلہ ہو ، اس سے کم نہ ہو، نیز کفاءت میں مرد کی جانب کا اعتبار ہے یعنی لڑکے کا لڑکی کے ہم پلہ اور برابر ہونا ضروری ہے، لڑکی کا لڑکے کے برابر ہونا ضروری نہیں ہے۔</p><p style=""text-align:justify;""><strong>فتاوی شامی میں ہے:</strong></p><p style=""text-align:justify;""><span class=""ar_writing"">""(فنفذ نكاح حرة مكلفة  بلا) رضا (ولي) والأصل أن كل من تصرف في ماله تصرف في نفسه وما لا فلا"".</span> (3/ 55، کتاب النکاح ، باب الولی، ط: سعید)</p><p style=""text-align:justify;""><strong>بدائع الصنائع  میں ہے:</strong></p><p style=""text-align:justify;""><span class=""ar_writing"">""الحرة البالغة العاقلة إذا زوجت نفسها من رجل أو وكلت رجلاً بالتزويج فتزوجها أو زوجها فضولي فأجازت جاز في قول أبي حنيفة وزفر وأبي يوسف الأول سواء زوجت نفسها من كفء أو غير كفء بمهر وافر أو قاصر غير أنها إذا زوجت نفسها من غير كفء فللأولياء حق الاعتراض"".</span> (2/ 247،کتاب النکاح، فصل ولایۃ الندب والاستحباب فی النکاح، ط: سعید )</p><p style=""text-align:justify;"">(فتاوی عالمگیری، ۱/۲۹۲، کتاب النکاح، الباب الخامس فی الاکفاء فی النکاح، ط: رشیدیہ) </p><p style=""text-align:justify;"">         <strong>فتاوی شامی میں ہے:</strong></p><p style=""text-align:justify;""><span class=""ar_writing"">""ونظم العلامة الحموي ما تعتبر فيه الكفاءة فقال:</span></p><p style=""text-align:justify;""><span class=""ar_writing"">إن الكفاءة في النكاح تكون في ... ست لها بيت بديع قد ضبط</span></p><p style=""text-align:justify;""><span class=""ar_writing"">نسب وإسلام كذلك حرفة ... حرية وديانة مال فقط"".</span> (3/ 86، کتاب النکاح، باب الکفاءۃ، ط: سعید)</p><p style=""text-align:justify;""><strong>فتح القدیرمیں ہے:</strong></p><p style=""text-align:justify;""><span class=""ar_writing"">""لأن انتظام المصالح بين المتكافئين عادة، لأن الشريفة تأبى أن تكون مستفرشةً للخسيس، فلا بد من اعتبارها، بخلاف جانبها؛ لأن الزوج مستفرش فلا تغيظه دناءة الفراش"". </span>(3/ 293، کتاب النکاح، باب الاولیاء والاکفاء، فصل فی الکفاءۃ، ط: دار الفکر)</p><p style=""text-align:justify;""><strong>فتاوی عالمگیری میں ہے:</strong></p><p style=""text-align:justify;""><span class=""ar_writing"">""ثم المرأة إذا زوجت نفسها من غير كفء صح النكاح في ظاهر الرواية عن أبي حنيفة - رحمه الله تعالى - وهو قول أبي يوسف - رحمه الله تعالى - آخراً، وقول محمد - رحمه الله تعالى - آخراً أيضاً، حتى أن قبل التفريق يثبت فيه حكم الطلاق والظهار والإيلاء والتوارث وغير ذلك، ولكن للأولياء حق الاعتراض ... وفي البزازية: ذكر برهان الأئمة أن الفتوى في جواز النكاح بكراً كانت أو ثيباً على قول الإمام الأعظم، وهذا إذا كان لها ولي، فإن لم يكن صح النكاح اتفاقاً، كذا في النهر الفائق. ولا يكون التفريق بذلك إلا عند القاضي أما بدون فسخ القاضي فلا ينفسخ النكاح بينهما"".</span> (1/ 292، کتاب النکاح، الباب الخامس فی الاکفاء فی النکاح، ط: رشیدیہ)</p><p style=""text-align:justify;"">متعلقہ مسئلہ کی مزید  تفصیل کے لیے درج ذیل لنک پر جامعہ کا فتویٰ ملاحظہ فرمائیں:</p><p style=""text-align:justify;""><a href=""https://www.banuri.edu.pk/readquestion/%D8%B9%D8%A7%D9%82%D9%84%DB%81-%D8%A8%D8%A7%D9%84%D8%BA%DB%81-%DA%A9%DB%92-%D9%88%D9%84%DB%8C-%DA%A9%DB%8C-%D8%A7%D8%AC%D8%A7%D8%B2%D8%AA-%DA%A9%DB%92-%D8%A8%D8%BA%DB%8C%D8%B1-%D8%BA%DB%8C%D8%B1-%DA%A9%D9%81%D9%88-%D9%85%DB%8C%DA%BA-%D9%86%DA%A9%D8%A7%D8%AD-%D9%85%D9%86%D8%B9%D9%82%D8%AF-%DB%8C%D8%A7-%D9%86%DB%81-%DB%81%D9%88%D9%86%DB%92-%D9%85%DB%8C%DA%BA-%D9%85%D9%81%D8%AA%DB%8C-%D8%A8%DB%81-%D9%82%D9%88%D9%84/07-01-2019"">عاقلہ بالغہ کے ولی کی اجازت کے بغیر غیر کفو میں نکاح منعقد یا نہ ہونے میں مفتی بہ قول</a></p><p style=""text-align:justify;"">فقط واللہ اعلم</p></p><hr class=""big-hr""/>",31-03-2020,144108200407,banuri.edu.pk,نکاح,نکاح فاسد و باطل,دوسرے کی بیوی سے نکاح,"<div class=""col-md-12 sawal-jawab""><h3 class=""question_heading"">سوال</h3><p><p style=""text-align:justify;"">بالغ لڑکی والد کے اذن کے بغیر کیا اپنی مرضی سے نکاح کر سکتی ہے?</p></p><h4 class=""question_heading"">جواب</h4><p><p style=""text-align:justify;"">لڑکی کا اپنے والدین کی رضامندی کے بغیر نکاح کرنا شرعاً و اخلاقاً پسندیدہ نہیں ہے، اس سے اجتناب کرنا چاہیے۔ تاہم  اگر عاقلہ بالغہ  لڑکی اپنے والدین کی رضامندی کے بغیر اپنا نکاح خود کرے تو شرعاً ایسا نکاح منعقد ہوجاتا ہے،  اب  اگر لڑکی نے  ولی کی اجازت کے بغیر   غیر کفو میں نکاح کیا   تو   اولاد ہونے سے پہلے پہلے لڑکی کے اولیاء کو  عدالت سے  رجوع کرکے اس نکاح کو فسخ کرنے کا اختیار ہوتا ہے، اور اگر کفو میں نکاح کیا ہے توپھر لڑکی کے اولیاء   کو وہ نکاح  فسخ کرنے کا اختیار نہیں ہوتا ،  اور کفو کا مطلب یہ ہے کہ  لڑکا دین، دیانت، مال ونسب، پیشہ اور تعلیم میں لڑ کی کے ہم پلہ ہو ، اس سے کم نہ ہو، نیز کفاءت میں مرد کی جانب کا اعتبار ہے یعنی لڑکے کا لڑکی کے ہم پلہ اور برابر ہونا ضروری ہے، لڑکی کا لڑکے کے برابر ہونا ضروری نہیں ہے۔</p><p style=""text-align:justify;""><strong>فتاوی شامی میں ہے:</strong></p><p style=""text-align:justify;""><span class=""ar_writing"">""(فنفذ نكاح حرة مكلفة  بلا) رضا (ولي) والأصل أن كل من تصرف في ماله تصرف في نفسه وما لا فلا"".</span> (3/ 55، کتاب النکاح ، باب الولی، ط: سعید)</p><p style=""text-align:justify;""><strong>بدائع الصنائع  میں ہے:</strong></p><p style=""text-align:justify;""><span class=""ar_writing"">""الحرة البالغة العاقلة إذا زوجت نفسها من رجل أو وكلت رجلاً بالتزويج فتزوجها أو زوجها فضولي فأجازت جاز في قول أبي حنيفة وزفر وأبي يوسف الأول سواء زوجت نفسها من كفء أو غير كفء بمهر وافر أو قاصر غير أنها إذا زوجت نفسها من غير كفء فللأولياء حق الاعتراض"".</span> (2/ 247،کتاب النکاح، فصل ولایۃ الندب والاستحباب فی النکاح، ط: سعید )</p><p style=""text-align:justify;"">(فتاوی عالمگیری، ۱/۲۹۲، کتاب النکاح، الباب الخامس فی الاکفاء فی النکاح، ط: رشیدیہ) </p><p style=""text-align:justify;"">         <strong>فتاوی شامی میں ہے:</strong></p><p style=""text-align:justify;""><span class=""ar_writing"">""ونظم العلامة الحموي ما تعتبر فيه الكفاءة فقال:</span></p><p style=""text-align:justify;""><span class=""ar_writing"">إن الكفاءة في النكاح تكون في ... ست لها بيت بديع قد ضبط</span></p><p style=""text-align:justify;""><span class=""ar_writing"">نسب وإسلام كذلك حرفة ... حرية وديانة مال فقط"".</span> (3/ 86، کتاب النکاح، باب الکفاءۃ، ط: سعید)</p><p style=""text-align:justify;""><strong>فتح القدیرمیں ہے:</strong></p><p style=""text-align:justify;""><span class=""ar_writing"">""لأن انتظام المصالح بين المتكافئين عادة، لأن الشريفة تأبى أن تكون مستفرشةً للخسيس، فلا بد من اعتبارها، بخلاف جانبها؛ لأن الزوج مستفرش فلا تغيظه دناءة الفراش"". </span>(3/ 293، کتاب النکاح، باب الاولیاء والاکفاء، فصل فی الکفاءۃ، ط: دار الفکر)</p><p style=""text-align:justify;""><strong>فتاوی عالمگیری میں ہے:</strong></p><p style=""text-align:justify;""><span class=""ar_writing"">""ثم المرأة إذا زوجت نفسها من غير كفء صح النكاح في ظاهر الرواية عن أبي حنيفة - رحمه الله تعالى - وهو قول أبي يوسف - رحمه الله تعالى - آخراً، وقول محمد - رحمه الله تعالى - آخراً أيضاً، حتى أن قبل التفريق يثبت فيه حكم الطلاق والظهار والإيلاء والتوارث وغير ذلك، ولكن للأولياء حق الاعتراض ... وفي البزازية: ذكر برهان الأئمة أن الفتوى في جواز النكاح بكراً كانت أو ثيباً على قول الإمام الأعظم، وهذا إذا كان لها ولي، فإن لم يكن صح النكاح اتفاقاً، كذا في النهر الفائق. ولا يكون التفريق بذلك إلا عند القاضي أما بدون فسخ القاضي فلا ينفسخ النكاح بينهما"".</span> (1/ 292، کتاب النکاح، الباب الخامس فی الاکفاء فی النکاح، ط: رشیدیہ)</p><p style=""text-align:justify;"">متعلقہ مسئلہ کی مزید  تفصیل کے لیے درج ذیل لنک پر جامعہ کا فتویٰ ملاحظہ فرمائیں:</p><p style=""text-align:justify;""><a href=""https://www.banuri.edu.pk/readquestion/%D8%B9%D8%A7%D9%82%D9%84%DB%81-%D8%A8%D8%A7%D9%84%D8%BA%DB%81-%DA%A9%DB%92-%D9%88%D9%84%DB%8C-%DA%A9%DB%8C-%D8%A7%D8%AC%D8%A7%D8%B2%D8%AA-%DA%A9%DB%92-%D8%A8%D8%BA%DB%8C%D8%B1-%D8%BA%DB%8C%D8%B1-%DA%A9%D9%81%D9%88-%D9%85%DB%8C%DA%BA-%D9%86%DA%A9%D8%A7%D8%AD-%D9%85%D9%86%D8%B9%D9%82%D8%AF-%DB%8C%D8%A7-%D9%86%DB%81-%DB%81%D9%88%D9%86%DB%92-%D9%85%DB%8C%DA%BA-%D9%85%D9%81%D8%AA%DB%8C-%D8%A8%DB%81-%D9%82%D9%88%D9%84/07-01-2019"">عاقلہ بالغہ کے ولی کی اجازت کے بغیر غیر کفو میں نکاح منعقد یا نہ ہونے میں مفتی بہ قول</a></p><p style=""text-align:justify;"">فقط واللہ اعلم</p></p><hr class=""big-hr""/><div class=""col-sm-6 col-md-6""><p class=""question_heading"" style=""color:#73161f"">فتوی نمبر : <a id=""fatwa_number"">144108200407</a></p></div><div class=""col-sm-6 col-md-6""><p style=""color:#73161f"">دارالافتاء :
                                جامعہ علوم اسلامیہ علامہ محمد یوسف بنوری ٹاؤن</p></div><hr class=""big-hr""/><div class=""col-sm-4 col-md-4""><div class=""tag""><a href=""https://www.banuri.edu.pk/questions/kitab/nikah""><i class=""icon-docs-bold""></i> نکاح</a></div></div><div class=""col-sm-4 col-md-4""><div class=""tag""><a href=""https://www.banuri.edu.pk/questions/bab/nikah-e-fasid-o-batil""><i class=""icon-docs-bold""></i> نکاح فاسد و باطل</a></div></div><div class=""col-sm-4 col-md-4""><div class=""tag""><a href=""https://www.banuri.edu.pk/questions/fasal/nikah-sahih-o-fasid""><i class=""icon-docs-bold""></i> دوسرے کی بیوی سے نکاح</a></div></div></div>"
https://www.banuri.edu.pk/readquestion/azaan-kay-foran-baad-jamat-kharhi-karny-ka-hukum-144108200476/01-04-2020,اذان کے فورًا بعد جماعت کھڑی کرنے کا حکم,"<p><p style=""text-align:justify;"">کیا اذان کے فوری بعد نماز ہو سکتی ہے جب آپ کا کوئی  ضروری کام نہیں ہو؟</p></p>","<p><p style=""text-align:justify;"">مساجد میں نماز باجماعت ادا کرنے کے لیے نمازِ مغرب کے علاوہ نمازوں میں اذان اور اقامت کے درمیان اتنا فصل کرنا مسنون ہے کہ کھانا کھانے والا کھانے سے فارغ ہوجائے اور وضو کرنے والا اپنی حاجت سے فارغ ہوجائے یا اتنا فاصلہ ہو کہ جس میں چار رکعات نماز اس طریقہ پر ادا ہوں کہ ہر رکعت میں دس آیات پڑھ لی جائیں اور مغرب میں صرف تین چھوٹی آیات پڑھنے کی بقدر فصل کرنا مسنون ہے ۔ اور اذان اور اقامت میں بلاعذر فصل کیے بغیر نماز پڑھنا مکروہ ہے۔</p><p style=""text-align:justify;""><span class=""ar_writing"">الفتاوى الهندية - (1 / 56)<br/>
""ويفصل بين الأذان والإقامة مقدار ركعتين أو أربع يقرأ في كل ركعة نحوًا من عشر آيات، كذا في الزاهدي. والوصل بين الأذان والإقامة مكروه بالاتفاق، كذا في معراج الدراية. والأولى للمؤذن في الصلاة التي قبلها تطوع مسنون أو مستحب أن يتطوع بين الأذان والإقامة، هكذا في محيط السرخسي. فإن لم يصل يجلس بينهما، وأما إذا كان في المغرب فالمستحب يفصل بينهما بسكتة يسكت قائمًا مقدار ما يتمكن من قراءة ثلاث آيات قصار، هكذا في النهاية. فقد اتفقوا على أن الفصل لا بد منه فيه أيضًا، كذا في العتابية"". فقط و الله أعلم</span></p></p><hr class=""big-hr""/>",01-04-2020,144108200476,banuri.edu.pk,نماز,اذان,اذان و اقامت,"<div class=""col-md-12 sawal-jawab""><h3 class=""question_heading"">سوال</h3><p><p style=""text-align:justify;"">کیا اذان کے فوری بعد نماز ہو سکتی ہے جب آپ کا کوئی  ضروری کام نہیں ہو؟</p></p><h4 class=""question_heading"">جواب</h4><p><p style=""text-align:justify;"">مساجد میں نماز باجماعت ادا کرنے کے لیے نمازِ مغرب کے علاوہ نمازوں میں اذان اور اقامت کے درمیان اتنا فصل کرنا مسنون ہے کہ کھانا کھانے والا کھانے سے فارغ ہوجائے اور وضو کرنے والا اپنی حاجت سے فارغ ہوجائے یا اتنا فاصلہ ہو کہ جس میں چار رکعات نماز اس طریقہ پر ادا ہوں کہ ہر رکعت میں دس آیات پڑھ لی جائیں اور مغرب میں صرف تین چھوٹی آیات پڑھنے کی بقدر فصل کرنا مسنون ہے ۔ اور اذان اور اقامت میں بلاعذر فصل کیے بغیر نماز پڑھنا مکروہ ہے۔</p><p style=""text-align:justify;""><span class=""ar_writing"">الفتاوى الهندية - (1 / 56)<br/>
""ويفصل بين الأذان والإقامة مقدار ركعتين أو أربع يقرأ في كل ركعة نحوًا من عشر آيات، كذا في الزاهدي. والوصل بين الأذان والإقامة مكروه بالاتفاق، كذا في معراج الدراية. والأولى للمؤذن في الصلاة التي قبلها تطوع مسنون أو مستحب أن يتطوع بين الأذان والإقامة، هكذا في محيط السرخسي. فإن لم يصل يجلس بينهما، وأما إذا كان في المغرب فالمستحب يفصل بينهما بسكتة يسكت قائمًا مقدار ما يتمكن من قراءة ثلاث آيات قصار، هكذا في النهاية. فقد اتفقوا على أن الفصل لا بد منه فيه أيضًا، كذا في العتابية"". فقط و الله أعلم</span></p></p><hr class=""big-hr""/><div class=""col-sm-6 col-md-6""><p class=""question_heading"" style=""color:#73161f"">فتوی نمبر : <a id=""fatwa_number"">144108200476</a></p></div><div class=""col-sm-6 col-md-6""><p style=""color:#73161f"">دارالافتاء :
                                جامعہ علوم اسلامیہ علامہ محمد یوسف بنوری ٹاؤن</p></div><hr class=""big-hr""/><div class=""col-sm-4 col-md-4""><div class=""tag""><a href=""https://www.banuri.edu.pk/questions/kitab/salat""><i class=""icon-docs-bold""></i> نماز</a></div></div><div class=""col-sm-4 col-md-4""><div class=""tag""><a href=""https://www.banuri.edu.pk/questions/bab/azan""><i class=""icon-docs-bold""></i> اذان</a></div></div><div class=""col-sm-4 col-md-4""><div class=""tag""><a href=""https://www.banuri.edu.pk/questions/fasal/azan-o-iqamat""><i class=""icon-docs-bold""></i> اذان و اقامت</a></div></div></div>"
https://www.banuri.edu.pk/readquestion/peshgi-zakat-dena-144108200543/03-04-2020,کرونا وائرس کی وجہ سے پیشگی زکاۃ ادا کرنا / زکاۃ کی رقم فاؤنڈیشن یا ٹرسٹ کو دینا,"<p><p style=""text-align:justify;"">1- کیا زکاۃ سال پورا ہونے سے پہلے ادا کی جا سکتی ہے،  جیسے اس وقت کرونا جیسی وبا میں لوگوں کی مدد بھی ہو جائے اور ارادہ زکاۃ کا ہو؟</p><p style=""text-align:justify;"">2- کیا  زکاۃ کا پیسہ کسی فاؤنڈیشن یا کسی ٹرسٹ کو دیا جا سکتا ہے جو راشن وغیرہ خریدکر غربا اور دیہاڑی دار مستحقین کو دیتے ہیں؟</p></p>","<p><p style=""text-align:justify;"">1- اگر صاحبِ نصاب آدمی سال مکمل ہونے سے پہلے اپنے مال کی زکاۃ ادا کرنا چاہے تو جائز اور درست ہے، زکاۃ ادا ہوجائے گی، البتہ رقم دینے سے پہلے یا دیتے وقت زکاۃ کی نیت ضروری ہے، رقم دے دینے کے بعد نیت کا اعتبار نہیں ہوگا۔</p><p style=""text-align:justify;"">یہ یاد رہے کہ زکاۃ کامستحق شریعت کی نگاہ میں وہ مسلمان  ہے جس  کے پاس اس کی بنیادی ضرورت ( یعنی رہنے کا مکان ، گھریلوبرتن ، کپڑے وغیرہ)سے زائد نصاب کے بقدر  (یعنی صرف سونا ہو تو ساڑھے سات تولہ سونا یا ساڑھے باون تولہ چاندی یا اس کی موجودہ قیمت  کے برابر) مال یا سامان موجود نہ ہو ، ایسے شخص کو زکاۃ یا زکاۃ کی مد میں راشن دینا جائز ہے۔</p><p style=""text-align:justify;"">2-  زکاۃ کی ادائیگی صحیح ہونے کے لیے کسی مستحق مسلمان کو مالک بناکر رقم یا سامان دینا ضروری ہے،  لہٰذا جو ادارے /ٹرسٹ  مسلمان غیر سید مستحقِ زکاۃ فرد کو زکاۃ کا مالک بناکر زکاۃ صرف کرتے ہوں ، انہیں زکاۃ کی رقم دینا درست ہے۔اور جو ادارے مستحق، غیر مستحق ، مسلمان ،غیر مسلم کی تمییز نہ کرتے ہوں، وہاں زکاۃ دینا درست نہیں۔ نیز جہاں شبہ ہو وہاں زکاۃ دینے کی بجائےخود مستحق تلاش کرکےاسے  یا کسی مستند دینی ادارے کو زکاۃ دی جائے۔ مذکورہ ضابطے کی روشنی میں اداروں کا نظام دیکھ کر زکاۃ دینے کے جواز یا عدمِ جواز کا فیصلہ کیا جاسکتاہے۔</p><p style=""text-align:justify;""><span class=""ar_writing"">في الدر:</span></p><p style=""text-align:justify;""><span class=""ar_writing"">""باب المصرف</span></p><p style=""text-align:justify;""><span class=""ar_writing"">أي مصرف الزكاة والعشر، وأما خمس المعدن فمصرفه كالغنائم (هو فقير، وهو من له أدنى شيء) أي دون نصاب أو قدر نصاب غير نام مستغرق في الحاجة. (ومسكين من لا شيء له) على المذهب، - لقوله تعالى {أو مسكينا ذا متربة} [البلد: ١٦]- وآية السفينة للترحم"".</span></p><p style=""text-align:justify;""><span class=""ar_writing"">وفي الرد:</span></p><p style=""text-align:justify;""><span class=""ar_writing"">""(قوله: هو فقير) قدمه تبعًا للآية ولأن الفقر شرط في جميع الأصناف إلا العامل والمكاتب وابن السبيل ط (قوله: أدنى شيء) المراد بالشيء النصاب النامي وبأدنى ما دونه فأفعل التفضيل ليس على بابه كما أشار إليه الشارح. والأظهر أن يقول من لايملك نصابًا ناميًا ليدخل فيه ما ذكره الشارح.(الدر مع الرد: ٢/ ٣٣٩)  فقط والله أعلم</span></p></p><hr class=""big-hr""/>",03-04-2020,144108200543,banuri.edu.pk,زکات,زکوٰۃ / صدقات,مصارف زکوٰۃ,"<div class=""col-md-12 sawal-jawab""><h3 class=""question_heading"">سوال</h3><p><p style=""text-align:justify;"">1- کیا زکاۃ سال پورا ہونے سے پہلے ادا کی جا سکتی ہے،  جیسے اس وقت کرونا جیسی وبا میں لوگوں کی مدد بھی ہو جائے اور ارادہ زکاۃ کا ہو؟</p><p style=""text-align:justify;"">2- کیا  زکاۃ کا پیسہ کسی فاؤنڈیشن یا کسی ٹرسٹ کو دیا جا سکتا ہے جو راشن وغیرہ خریدکر غربا اور دیہاڑی دار مستحقین کو دیتے ہیں؟</p></p><h4 class=""question_heading"">جواب</h4><p><p style=""text-align:justify;"">1- اگر صاحبِ نصاب آدمی سال مکمل ہونے سے پہلے اپنے مال کی زکاۃ ادا کرنا چاہے تو جائز اور درست ہے، زکاۃ ادا ہوجائے گی، البتہ رقم دینے سے پہلے یا دیتے وقت زکاۃ کی نیت ضروری ہے، رقم دے دینے کے بعد نیت کا اعتبار نہیں ہوگا۔</p><p style=""text-align:justify;"">یہ یاد رہے کہ زکاۃ کامستحق شریعت کی نگاہ میں وہ مسلمان  ہے جس  کے پاس اس کی بنیادی ضرورت ( یعنی رہنے کا مکان ، گھریلوبرتن ، کپڑے وغیرہ)سے زائد نصاب کے بقدر  (یعنی صرف سونا ہو تو ساڑھے سات تولہ سونا یا ساڑھے باون تولہ چاندی یا اس کی موجودہ قیمت  کے برابر) مال یا سامان موجود نہ ہو ، ایسے شخص کو زکاۃ یا زکاۃ کی مد میں راشن دینا جائز ہے۔</p><p style=""text-align:justify;"">2-  زکاۃ کی ادائیگی صحیح ہونے کے لیے کسی مستحق مسلمان کو مالک بناکر رقم یا سامان دینا ضروری ہے،  لہٰذا جو ادارے /ٹرسٹ  مسلمان غیر سید مستحقِ زکاۃ فرد کو زکاۃ کا مالک بناکر زکاۃ صرف کرتے ہوں ، انہیں زکاۃ کی رقم دینا درست ہے۔اور جو ادارے مستحق، غیر مستحق ، مسلمان ،غیر مسلم کی تمییز نہ کرتے ہوں، وہاں زکاۃ دینا درست نہیں۔ نیز جہاں شبہ ہو وہاں زکاۃ دینے کی بجائےخود مستحق تلاش کرکےاسے  یا کسی مستند دینی ادارے کو زکاۃ دی جائے۔ مذکورہ ضابطے کی روشنی میں اداروں کا نظام دیکھ کر زکاۃ دینے کے جواز یا عدمِ جواز کا فیصلہ کیا جاسکتاہے۔</p><p style=""text-align:justify;""><span class=""ar_writing"">في الدر:</span></p><p style=""text-align:justify;""><span class=""ar_writing"">""باب المصرف</span></p><p style=""text-align:justify;""><span class=""ar_writing"">أي مصرف الزكاة والعشر، وأما خمس المعدن فمصرفه كالغنائم (هو فقير، وهو من له أدنى شيء) أي دون نصاب أو قدر نصاب غير نام مستغرق في الحاجة. (ومسكين من لا شيء له) على المذهب، - لقوله تعالى {أو مسكينا ذا متربة} [البلد: ١٦]- وآية السفينة للترحم"".</span></p><p style=""text-align:justify;""><span class=""ar_writing"">وفي الرد:</span></p><p style=""text-align:justify;""><span class=""ar_writing"">""(قوله: هو فقير) قدمه تبعًا للآية ولأن الفقر شرط في جميع الأصناف إلا العامل والمكاتب وابن السبيل ط (قوله: أدنى شيء) المراد بالشيء النصاب النامي وبأدنى ما دونه فأفعل التفضيل ليس على بابه كما أشار إليه الشارح. والأظهر أن يقول من لايملك نصابًا ناميًا ليدخل فيه ما ذكره الشارح.(الدر مع الرد: ٢/ ٣٣٩)  فقط والله أعلم</span></p></p><hr class=""big-hr""/><div class=""col-sm-6 col-md-6""><p class=""question_heading"" style=""color:#73161f"">فتوی نمبر : <a id=""fatwa_number"">144108200543</a></p></div><div class=""col-sm-6 col-md-6""><p style=""color:#73161f"">دارالافتاء :
                                جامعہ علوم اسلامیہ علامہ محمد یوسف بنوری ٹاؤن</p></div><hr class=""big-hr""/><div class=""col-sm-4 col-md-4""><div class=""tag""><a href=""https://www.banuri.edu.pk/questions/kitab/zakat""><i class=""icon-docs-bold""></i> زکات</a></div></div><div class=""col-sm-4 col-md-4""><div class=""tag""><a href=""https://www.banuri.edu.pk/questions/bab/zakat-sadaqat""><i class=""icon-docs-bold""></i> زکوٰۃ / صدقات</a></div></div><div class=""col-sm-4 col-md-4""><div class=""tag""><a href=""https://www.banuri.edu.pk/questions/fasal/masarif-e-zakat""><i class=""icon-docs-bold""></i> مصارف زکوٰۃ</a></div></div></div>"
https://www.banuri.edu.pk/readquestion/galy-me-tawez-phnna-144108200481/01-04-2020,گلے میں تعویذ پہننا,"<p><p style=""text-align:justify;"">کیا گلے میں تعویز پہننا جائز ہے؟</p></p>","<p><p style=""text-align:justify;"">جو شخص خود مسنون دعائیں پڑھ سکتاہو، اسے چاہیے کہ وہ حفاظت وغیرہ کی مسنون دعائیں، قرآنی آیات پر مشتمل دعائیں وغیرہ خود پڑھ کر اپنے اوپر دم کرے، ایسے شخص کے لیے شدید ضرورت کے بغیر تعویذ کا استعمال مناسب نہیں ہے۔ البتہ اگر گلے میں تعویذ ڈالنا چاہے تو اس   کے جائز ہونے کے لیے مندرجہ ذیل شرائط کا پایا  جانا ضروری ہے:</p><p style=""text-align:justify;"">(۱)  جو کچھ لکھا ہو اس  کا معنی  ومفہوم معلوم ہو،  (۲) اس میں کوئی  شرکیہ کلمہ نہ ہو، (۳)  اس کے مؤثر بالذات ہونے   کا اعتقاد نہ ہو ۔</p><p style=""text-align:justify;"">لہذا  ایسے تعویذ اور عملیات جو آیاتِ  قرآنیہ، ادعیہ ماثورہ یا کلماتِ صحیحہ پر مشتمل ہوں  ان کو لکھنا،  استعمال کرنا اور ان کو پہننا شرعاً درست ہے ۔ اور جن تعویذوں میں کلمات  شرکیہ یا  کلماتِ مجہولہ یا نامعلوم قسم کے منتر  لکھے جائیں یا ا نہیں مؤثر حقیقی  سمجھا جائے تو ان کا استعمال   کرنا   شرعاً جائز نہیں ہے۔</p><p style=""text-align:justify;"">حضرت عبداللہ  بن عمرو رضی اﷲ عنہما، اللہ کی قدرت وکبریائی پر مشتمل کلماتِ تعوذ اپنے سمجھ دار بچوں کو یاد کراتے تھے، اور جو بچہ سمجھ دار نہ ہوتا تھا اُس کے گلے میں وہ کلمات لکھ کر تعویذ کی شکل میں ڈال دیتے تھے، اُن کے اِس عمل سے یہ معلوم ہوا کہ ﷲ تعالیٰ کی عظمت پر مشتمل پر اثر کلمات تعویذ میں استعمال کرنا جائز ہے۔</p><p style=""text-align:justify;""><span class=""ar_writing"">"" [فرع] في المجتبى: التميمة المكروهة ما كان بغير العربية.</span></p><p style=""text-align:justify;""><span class=""ar_writing"">(قوله: التميمة المكروهة) أقول: الذي رأيته في المجتبى: التميمة المكروهة ما كان بغير القرآن، وقيل: هي الخرزة التي تعلقها الجاهلية اهـ فلتراجع نسخة أخرى. وفي المغرب: وبعضهم يتوهم أن المعاذات هي التمائم، وليس كذلك، إنما التميمة الخرزة، ولا بأس بالمعاذات إذا كتب فيها القرآن، أو أسماء الله تعالى، ويقال رقاه الراقي رقياً ورقيةً: إذا عوذه ونفث في عوذته، قالوا: إنما تكره العوذة إذا كانت بغير لسان العرب، ولا يدرى ما هو، ولعله يدخله سحر أو كفر أو غير ذلك، وأما ما كان من القرآن أو شيء من الدعوات فلا بأس به اهـ قال الزيلعي: ثم الرتيمة قد تشتبه بالتميمة على بعض الناس: وهي خيط كان يربط في العنق أو في اليد في الجاهلية؛ لدفع المضرة عن أنفسهم على زعمهم، وهو منهي عنه، وذكر في حدود الإيمان أنه كفر اهـ. وفي الشلبي عن ابن الأثير: التمائم جمع تميمة وهي خرزات كانت العرب تعلقها على أولادهم، يتقون بها العين في زعمهم، فأبطلها الإسلام، والحديث الآخر: «من علق تميمةً فلا أتم الله له»؛ لأنهم يعتقدون أنه تمام الدواء والشفاء، بل جعلوها شركاء؛ لأنهم أرادوا بها دفع المقادير المكتوبة عليهم، وطلبوا دفع الأذى من غير الله تعالى الذي هو دافعه اهـ ط وفي المجتبى: اختلف في الاستشفاء بالقرآن بأن يقرأ على المريض أو الملدوغ الفاتحة، أو يكتب في ورق ويعلق عليه أو في طست ويغسل ويسقى. وعن «النبي صلى الله عليه وسلم أنه كان يعوذ نفسه». قال - رضي الله عنه -: وعلى الجواز عمل الناس اليوم، وبه وردت الآثار"". (فتاوی شامی ۔6 / 363، کتاب الحظر والاباحة، ط: سعید)</span></p><p style=""text-align:justify;""><span class=""ar_writing"">""عن عمرو بن شعیب عن أبیه عن جده رضي اللّٰه عنه أن رسول اللّٰه صلی اللّٰه علیه وسلم کان یعلمهم من الفزع کلمات: أعوذ باللّٰه بکلمات اللّٰه التامة من غضبه وشر عباده، ومن همزات الشیاطین وأن یحضرون، وکان عبد اللّٰه بن عمرو رضي اللّٰه عنه یعلمهن من عقل من بنیه، ومن لم یعقل کتبه فأعلقه علیه"".  (سنن أبي داؤد ۲؍۵۴۳مطبع دیوبند، مشکاة المصابیح۲۱۷) فقط والله أعلم</span></p></p><hr class=""big-hr""/>",01-04-2020,144108200481,banuri.edu.pk,حظر و اباحت,تعویذات / عملیات,تعویذ ، دم درود کی حقیقت و احکام,"<div class=""col-md-12 sawal-jawab""><h3 class=""question_heading"">سوال</h3><p><p style=""text-align:justify;"">کیا گلے میں تعویز پہننا جائز ہے؟</p></p><h4 class=""question_heading"">جواب</h4><p><p style=""text-align:justify;"">جو شخص خود مسنون دعائیں پڑھ سکتاہو، اسے چاہیے کہ وہ حفاظت وغیرہ کی مسنون دعائیں، قرآنی آیات پر مشتمل دعائیں وغیرہ خود پڑھ کر اپنے اوپر دم کرے، ایسے شخص کے لیے شدید ضرورت کے بغیر تعویذ کا استعمال مناسب نہیں ہے۔ البتہ اگر گلے میں تعویذ ڈالنا چاہے تو اس   کے جائز ہونے کے لیے مندرجہ ذیل شرائط کا پایا  جانا ضروری ہے:</p><p style=""text-align:justify;"">(۱)  جو کچھ لکھا ہو اس  کا معنی  ومفہوم معلوم ہو،  (۲) اس میں کوئی  شرکیہ کلمہ نہ ہو، (۳)  اس کے مؤثر بالذات ہونے   کا اعتقاد نہ ہو ۔</p><p style=""text-align:justify;"">لہذا  ایسے تعویذ اور عملیات جو آیاتِ  قرآنیہ، ادعیہ ماثورہ یا کلماتِ صحیحہ پر مشتمل ہوں  ان کو لکھنا،  استعمال کرنا اور ان کو پہننا شرعاً درست ہے ۔ اور جن تعویذوں میں کلمات  شرکیہ یا  کلماتِ مجہولہ یا نامعلوم قسم کے منتر  لکھے جائیں یا ا نہیں مؤثر حقیقی  سمجھا جائے تو ان کا استعمال   کرنا   شرعاً جائز نہیں ہے۔</p><p style=""text-align:justify;"">حضرت عبداللہ  بن عمرو رضی اﷲ عنہما، اللہ کی قدرت وکبریائی پر مشتمل کلماتِ تعوذ اپنے سمجھ دار بچوں کو یاد کراتے تھے، اور جو بچہ سمجھ دار نہ ہوتا تھا اُس کے گلے میں وہ کلمات لکھ کر تعویذ کی شکل میں ڈال دیتے تھے، اُن کے اِس عمل سے یہ معلوم ہوا کہ ﷲ تعالیٰ کی عظمت پر مشتمل پر اثر کلمات تعویذ میں استعمال کرنا جائز ہے۔</p><p style=""text-align:justify;""><span class=""ar_writing"">"" [فرع] في المجتبى: التميمة المكروهة ما كان بغير العربية.</span></p><p style=""text-align:justify;""><span class=""ar_writing"">(قوله: التميمة المكروهة) أقول: الذي رأيته في المجتبى: التميمة المكروهة ما كان بغير القرآن، وقيل: هي الخرزة التي تعلقها الجاهلية اهـ فلتراجع نسخة أخرى. وفي المغرب: وبعضهم يتوهم أن المعاذات هي التمائم، وليس كذلك، إنما التميمة الخرزة، ولا بأس بالمعاذات إذا كتب فيها القرآن، أو أسماء الله تعالى، ويقال رقاه الراقي رقياً ورقيةً: إذا عوذه ونفث في عوذته، قالوا: إنما تكره العوذة إذا كانت بغير لسان العرب، ولا يدرى ما هو، ولعله يدخله سحر أو كفر أو غير ذلك، وأما ما كان من القرآن أو شيء من الدعوات فلا بأس به اهـ قال الزيلعي: ثم الرتيمة قد تشتبه بالتميمة على بعض الناس: وهي خيط كان يربط في العنق أو في اليد في الجاهلية؛ لدفع المضرة عن أنفسهم على زعمهم، وهو منهي عنه، وذكر في حدود الإيمان أنه كفر اهـ. وفي الشلبي عن ابن الأثير: التمائم جمع تميمة وهي خرزات كانت العرب تعلقها على أولادهم، يتقون بها العين في زعمهم، فأبطلها الإسلام، والحديث الآخر: «من علق تميمةً فلا أتم الله له»؛ لأنهم يعتقدون أنه تمام الدواء والشفاء، بل جعلوها شركاء؛ لأنهم أرادوا بها دفع المقادير المكتوبة عليهم، وطلبوا دفع الأذى من غير الله تعالى الذي هو دافعه اهـ ط وفي المجتبى: اختلف في الاستشفاء بالقرآن بأن يقرأ على المريض أو الملدوغ الفاتحة، أو يكتب في ورق ويعلق عليه أو في طست ويغسل ويسقى. وعن «النبي صلى الله عليه وسلم أنه كان يعوذ نفسه». قال - رضي الله عنه -: وعلى الجواز عمل الناس اليوم، وبه وردت الآثار"". (فتاوی شامی ۔6 / 363، کتاب الحظر والاباحة، ط: سعید)</span></p><p style=""text-align:justify;""><span class=""ar_writing"">""عن عمرو بن شعیب عن أبیه عن جده رضي اللّٰه عنه أن رسول اللّٰه صلی اللّٰه علیه وسلم کان یعلمهم من الفزع کلمات: أعوذ باللّٰه بکلمات اللّٰه التامة من غضبه وشر عباده، ومن همزات الشیاطین وأن یحضرون، وکان عبد اللّٰه بن عمرو رضي اللّٰه عنه یعلمهن من عقل من بنیه، ومن لم یعقل کتبه فأعلقه علیه"".  (سنن أبي داؤد ۲؍۵۴۳مطبع دیوبند، مشکاة المصابیح۲۱۷) فقط والله أعلم</span></p></p><hr class=""big-hr""/><div class=""col-sm-6 col-md-6""><p class=""question_heading"" style=""color:#73161f"">فتوی نمبر : <a id=""fatwa_number"">144108200481</a></p></div><div class=""col-sm-6 col-md-6""><p style=""color:#73161f"">دارالافتاء :
                                جامعہ علوم اسلامیہ علامہ محمد یوسف بنوری ٹاؤن</p></div><hr class=""big-hr""/><div class=""col-sm-4 col-md-4""><div class=""tag""><a href=""https://www.banuri.edu.pk/questions/kitab/mamnooaat-mubahat""><i class=""icon-docs-bold""></i> حظر و اباحت</a></div></div><div class=""col-sm-4 col-md-4""><div class=""tag""><a href=""https://www.banuri.edu.pk/questions/bab/taweezat-amlyat""><i class=""icon-docs-bold""></i> تعویذات / عملیات</a></div></div><div class=""col-sm-4 col-md-4""><div class=""tag""><a href=""https://www.banuri.edu.pk/questions/fasal/taveez-dam-durood-ki-haqiqat-o-ahkam""><i class=""icon-docs-bold""></i> تعویذ ، دم درود کی حقیقت و احکام</a></div></div></div>"
https://www.banuri.edu.pk/readquestion/mukhannas-se-musafaha-kfna-144108200510/02-04-2020,مخنث سے مصافحہ کرنا,"<p><p style=""text-align:justify;"">مرد کا مخنث کو ہاتھ سے سلام کرنے کا شرعی حکم کیا ہے ؟</p></p>","<p><p style=""text-align:justify;"">مخنث چوں کہ مرد کے حکم میں ہے، لہذا مرد کے لیے اس سے مصافحہ کرنے کی اجازت ہے، البتہ اگر فتنے کا باعث ہو یا وہ مخنث جس میں خواتین کی خصلت غالب ہو، اس سے مصافحہ کی اجازت نہیں؛ کیوں کہ وہ اجنبیہ خاتون کے حکم میں ہے۔</p><p style=""text-align:justify;""><span class=""ar_writing"">المبسوط للسرخسي </span> میں ہے:</p><p style=""text-align:justify;""><span class=""ar_writing"">""وَالْكَلَامُ فِي الْمُخَنَّثِ عِنْدَنَا أَنَّهُ إذَا كَانَ مُخَنَّثًا فِي الرَّدَى مِنْ الْأَفْعَالِ فَهُوَ كَغَيْرِهِ مِنْ الرِّجَالِ، بَلْ مِنْ الْفُسَّاقِ يُنَحَّى عَنْ النِّسَاءِ، وَأَمَّا مَنْ كَانَ فِي أَعْضَائِهِ لِينٌ وَفِي لِسَانِهِ تَكَسُّرٌ بِأَصْلِ الْخِلْقَةِ وَلَايَشْتَهِي النِّسَاءَ وَلَايَكُونُ مُخَنَّثًا فِي الرَّدَى مِنْ الْأَفْعَالِ فَقَدْ رَخَّصَ بَعْضُ مَشَايِخِنَا فِي تَرْكِ مِثْلِهِ مَعَ النِّسَاءِ؛ لِمَا رُوِيَ «أَنَّ مُخَنَّثًا كَانَ يَدْخُلُ بَعْضَ بُيُوتِ رَسُولِ اللَّهِ صَلَّى اللَّهُ عَلَيْهِ وَسَلَّمَ حَتَّى سَمِعَ مِنْهُ رَسُولُ اللَّهِ صَلَّى اللَّهُ عَلَيْهِ وَسَلَّمَ كَلِمَةً فَاحِشَةً»، «قَالَ لِعُمَرَ بْنِ أَبِي سَلَمَةَ: لَئِنْ فَتَحَ اللَّهُ الطَّائِفَ عَلَى رَسُولِهِ لَأَدُلَّنَّكَ عَلَى مَاوِيَةَ بِنْتِ غَيْلَانَ؛ فَإِنَّهَا تُقْبِلُ بِأَرْبَعٍ وَتُدْبِرُ بِثَمَانٍ، فَقَالَ صَلَّى اللَّهُ عَلَيْهِ وَسَلَّمَ: مَا كُنْت أَعْلَمُ أَنَّهُ يَعْرِفُ مِثْلَ هَذَا أَخْرِجُوهُ»"". (كِتَابُ الِاسْتِحْسَانِ، وَالْعَبْدُ فِيمَا يَنْظُرُ مِنْ سَيِّدَتِهِ، ١٠ / ١٥٨، ط: دار المعرفة) فقط والله أعلم</span></p></p><hr class=""big-hr""/>",02-04-2020,144108200510,banuri.edu.pk,حقوق و آدابِ معاشرت,آدابِ معاشرت,سلام کے احکام و آداب,"<div class=""col-md-12 sawal-jawab""><h3 class=""question_heading"">سوال</h3><p><p style=""text-align:justify;"">مرد کا مخنث کو ہاتھ سے سلام کرنے کا شرعی حکم کیا ہے ؟</p></p><h4 class=""question_heading"">جواب</h4><p><p style=""text-align:justify;"">مخنث چوں کہ مرد کے حکم میں ہے، لہذا مرد کے لیے اس سے مصافحہ کرنے کی اجازت ہے، البتہ اگر فتنے کا باعث ہو یا وہ مخنث جس میں خواتین کی خصلت غالب ہو، اس سے مصافحہ کی اجازت نہیں؛ کیوں کہ وہ اجنبیہ خاتون کے حکم میں ہے۔</p><p style=""text-align:justify;""><span class=""ar_writing"">المبسوط للسرخسي </span> میں ہے:</p><p style=""text-align:justify;""><span class=""ar_writing"">""وَالْكَلَامُ فِي الْمُخَنَّثِ عِنْدَنَا أَنَّهُ إذَا كَانَ مُخَنَّثًا فِي الرَّدَى مِنْ الْأَفْعَالِ فَهُوَ كَغَيْرِهِ مِنْ الرِّجَالِ، بَلْ مِنْ الْفُسَّاقِ يُنَحَّى عَنْ النِّسَاءِ، وَأَمَّا مَنْ كَانَ فِي أَعْضَائِهِ لِينٌ وَفِي لِسَانِهِ تَكَسُّرٌ بِأَصْلِ الْخِلْقَةِ وَلَايَشْتَهِي النِّسَاءَ وَلَايَكُونُ مُخَنَّثًا فِي الرَّدَى مِنْ الْأَفْعَالِ فَقَدْ رَخَّصَ بَعْضُ مَشَايِخِنَا فِي تَرْكِ مِثْلِهِ مَعَ النِّسَاءِ؛ لِمَا رُوِيَ «أَنَّ مُخَنَّثًا كَانَ يَدْخُلُ بَعْضَ بُيُوتِ رَسُولِ اللَّهِ صَلَّى اللَّهُ عَلَيْهِ وَسَلَّمَ حَتَّى سَمِعَ مِنْهُ رَسُولُ اللَّهِ صَلَّى اللَّهُ عَلَيْهِ وَسَلَّمَ كَلِمَةً فَاحِشَةً»، «قَالَ لِعُمَرَ بْنِ أَبِي سَلَمَةَ: لَئِنْ فَتَحَ اللَّهُ الطَّائِفَ عَلَى رَسُولِهِ لَأَدُلَّنَّكَ عَلَى مَاوِيَةَ بِنْتِ غَيْلَانَ؛ فَإِنَّهَا تُقْبِلُ بِأَرْبَعٍ وَتُدْبِرُ بِثَمَانٍ، فَقَالَ صَلَّى اللَّهُ عَلَيْهِ وَسَلَّمَ: مَا كُنْت أَعْلَمُ أَنَّهُ يَعْرِفُ مِثْلَ هَذَا أَخْرِجُوهُ»"". (كِتَابُ الِاسْتِحْسَانِ، وَالْعَبْدُ فِيمَا يَنْظُرُ مِنْ سَيِّدَتِهِ، ١٠ / ١٥٨، ط: دار المعرفة) فقط والله أعلم</span></p></p><hr class=""big-hr""/><div class=""col-sm-6 col-md-6""><p class=""question_heading"" style=""color:#73161f"">فتوی نمبر : <a id=""fatwa_number"">144108200510</a></p></div><div class=""col-sm-6 col-md-6""><p style=""color:#73161f"">دارالافتاء :
                                جامعہ علوم اسلامیہ علامہ محمد یوسف بنوری ٹاؤن</p></div><hr class=""big-hr""/><div class=""col-sm-4 col-md-4""><div class=""tag""><a href=""https://www.banuri.edu.pk/questions/kitab/huqooq-muashret""><i class=""icon-docs-bold""></i> حقوق و آدابِ معاشرت</a></div></div><div class=""col-sm-4 col-md-4""><div class=""tag""><a href=""https://www.banuri.edu.pk/questions/bab/akhlaq-aadab""><i class=""icon-docs-bold""></i> آدابِ معاشرت</a></div></div><div class=""col-sm-4 col-md-4""><div class=""tag""><a href=""https://www.banuri.edu.pk/questions/fasal/salam-or-musafeh-k-ahkam-o-aadab""><i class=""icon-docs-bold""></i> سلام کے احکام و آداب</a></div></div></div>"
https://www.banuri.edu.pk/readquestion/namaz-me-kasrat-se-shak-ho-144108200516/02-04-2020,نماز میں کثرت سے شک ہو,"<p><p style=""text-align:justify;"">نماز میں الفاظ کی ادائیگی میں شک ہو جاتا ہے؛ اس لیے اونچا اور بار بار پڑھتا ہوں بہت مشکل ہوتی ہے ،کیا کروں ؟</p></p>","<p><p style=""text-align:justify;"">صورتِ مسئولہ میں تکبیر تحریمہ کہنے کے بعد شک کی طرف بالکل متوجہ نہ ہوں، دن کی نمازوں میں قراءت آہستہ آواز سے کریں، بس ایک بار قراءت کرلینے کے بعد رکوع میں چلے جایا کریں، اگر الفاظ کی ادائیگی میں شک ہو تو بھی اس کی طرف دھیان نہ دیں، اور باقی ارکان ادا کرنے میں مشغول ہوجایا کریں، نیز دیگر اوقات میں بھی باوضو رہنے کی کوشش کریں، نماز کے حوالے سے اگر کسی قسم کا خیال پیدا ہو کہ قراءت کی تھی یا نہیں، الفاظ صحیح ادا کیے تھے یا نہیں، تو  (نماز سے باہر ہونے کی حالت میں تین مرتبہ اعوذباللہ من الشیطن الرجیم پڑھ کر اپنے بائیں طرف تھتکار دیا کریں، اور لا حول و لا قوۃ الا باللہ کا ورد رکھیں۔ فقط واللہ اعلم</p></p><hr class=""big-hr""/>",02-04-2020,144108200516,banuri.edu.pk,نماز,مکروہاتِ نماز,مکروہات نماز,"<div class=""col-md-12 sawal-jawab""><h3 class=""question_heading"">سوال</h3><p><p style=""text-align:justify;"">نماز میں الفاظ کی ادائیگی میں شک ہو جاتا ہے؛ اس لیے اونچا اور بار بار پڑھتا ہوں بہت مشکل ہوتی ہے ،کیا کروں ؟</p></p><h4 class=""question_heading"">جواب</h4><p><p style=""text-align:justify;"">صورتِ مسئولہ میں تکبیر تحریمہ کہنے کے بعد شک کی طرف بالکل متوجہ نہ ہوں، دن کی نمازوں میں قراءت آہستہ آواز سے کریں، بس ایک بار قراءت کرلینے کے بعد رکوع میں چلے جایا کریں، اگر الفاظ کی ادائیگی میں شک ہو تو بھی اس کی طرف دھیان نہ دیں، اور باقی ارکان ادا کرنے میں مشغول ہوجایا کریں، نیز دیگر اوقات میں بھی باوضو رہنے کی کوشش کریں، نماز کے حوالے سے اگر کسی قسم کا خیال پیدا ہو کہ قراءت کی تھی یا نہیں، الفاظ صحیح ادا کیے تھے یا نہیں، تو  (نماز سے باہر ہونے کی حالت میں تین مرتبہ اعوذباللہ من الشیطن الرجیم پڑھ کر اپنے بائیں طرف تھتکار دیا کریں، اور لا حول و لا قوۃ الا باللہ کا ورد رکھیں۔ فقط واللہ اعلم</p></p><hr class=""big-hr""/><div class=""col-sm-6 col-md-6""><p class=""question_heading"" style=""color:#73161f"">فتوی نمبر : <a id=""fatwa_number"">144108200516</a></p></div><div class=""col-sm-6 col-md-6""><p style=""color:#73161f"">دارالافتاء :
                                جامعہ علوم اسلامیہ علامہ محمد یوسف بنوری ٹاؤن</p></div><hr class=""big-hr""/><div class=""col-sm-4 col-md-4""><div class=""tag""><a href=""https://www.banuri.edu.pk/questions/kitab/salat""><i class=""icon-docs-bold""></i> نماز</a></div></div><div class=""col-sm-4 col-md-4""><div class=""tag""><a href=""https://www.banuri.edu.pk/questions/bab/makrohat-e-namaz""><i class=""icon-docs-bold""></i> مکروہاتِ نماز</a></div></div><div class=""col-sm-4 col-md-4""><div class=""tag""><a href=""https://www.banuri.edu.pk/questions/fasal/makrohat-e-namaz""><i class=""icon-docs-bold""></i> مکروہات نماز</a></div></div></div>"
https://www.banuri.edu.pk/readquestion/rat-ko-bevi-se-izdewaji-talluqa-qaim-karne-ke-bad-subah-ghusal-karna-144108200531/02-04-2020,رات کو بیوی سے ازدواجی تعلق قائم کرنے کے بعد  صبح غسل کرنا,"<p><p style=""text-align:justify;"">جماع کرنے کے بعدغسل کر لیا جائے یا صبح کیا جائے؟</p></p>","<p><p style=""text-align:justify;"">بیوی سے ہم بستری کے بعد افضل یہی ہے کہ  آدمی جلدی غسل کر کے پاک صاف ہوجائے، لیکن اگر نماز کے وقت تک غسل کو مؤخر کردے تو گناہ گار نہیں ہوگا، لہذا رات کو ہم بستری کرنے کی صورت میں  فجر تک غسل مؤخر کیا جاسکتا ہے، ہم بستری کے بعد اگر سونا  ہو تو بہتر یہ ہے کہ آدمی  استنجا اوروضو کرلے پھر سوجائے، اور پھر  بیدار ہوکر غسل کرلے۔ چنانچہ مشکوۃ شریف کی روایت میں ہے:</p><p style=""text-align:justify;"">’’حضرت عمر فاروق رضی اللہ تعالیٰ عنہ نے سرکارِ دو عالم صلی اللہ علیہ وسلم سے عرض کیا کہ مجھے رات کو جنابت  لاحق ہوتی ہے (یعنی احتلام یا جماع سے غسل واجب ہوتا ہے ) آپ صلی اللہ علیہ وسلم نے فرمایا کہ (اسی وقت) وضو کر کے عضو کو دھو کر سو جایا کرو‘‘۔</p><p style=""text-align:justify;"">مظاہرحق میں ہے :</p><p style=""text-align:justify;"">’’یہ وضو کرنا جنبی کے سونے کے لیے طہارت ہے، یعنی جنبی وضو کر کے سویا تو گویا وہ پاک سویا، لہٰذا اس حدیث سے معلوم ہوا کہ جسے رات کو احتلام ہو جائے یا جماع سے فراغت ہو اور اس کے بعد سونے کا ارادہ یا بوجہ کسی ضرورت بے وقت غسلِ جنابت میں تاخیر کا خیال ہو تو ایسی شکل میں جنبی کا وضو کر لینا سنت ہے۔ اتنی بات اور سمجھ لیجیے  کہ حدیث سے تو یہ معلوم ہوتا ہے کہ صورتِ مذکورہ میں وضو کیا جائے اس کے بعد عضوِ تناسل کو دھویا جائے، حال آں کہ ایسا نہیں ہے، بلکہ صحیح مسئلہ یہ ہے کہ پہلے عضوِ تناسل کو دھونا چاہیے، اس کے بعد وضو کرنا چاہیے، اس شکل میں حدیث کی مذکورہ ترتیب کے بارے میں کہا جائے گا کہ یہاں وضو کرنا اس لیے مقدم کر کے ذکر کیا گیا ہے کہ وضو کا احترام اور اس کی تعظیم کا اظہار پیش نظر تھا‘‘۔</p><p style=""text-align:justify;"">صحیح بخاری میں ہے:</p><p style=""text-align:justify;"">’’حضرت عائشہ رضی اللہ عنہا فرماتی ہیں: رسول اللہ جب حالتِ جنابت میں (یعنی کسی زوجۂ مطہرہ کے حقوق ادا فرمانے کے بعد) سونا چاہتے تو شرم گاہ دھوکر نماز والا وضو فرمالیتے تھے۔</p><p style=""text-align:justify;"">فتاوی ہندیہ میں ہے :</p><p style=""text-align:justify;""><span class=""ar_writing"">"" الجنب إذا أخر الاغتسال إلى وقت الصلاة لايأثم، كذا في المحيط"". </span> (1/209)فقط واللہ اعلم</p></p><hr class=""big-hr""/>",02-04-2020,144108200531,banuri.edu.pk,طہارت,حیض، نفاس، استحاضہ,جنابت ، حیض اور نفاس کے احکام,"<div class=""col-md-12 sawal-jawab""><h3 class=""question_heading"">سوال</h3><p><p style=""text-align:justify;"">جماع کرنے کے بعدغسل کر لیا جائے یا صبح کیا جائے؟</p></p><h4 class=""question_heading"">جواب</h4><p><p style=""text-align:justify;"">بیوی سے ہم بستری کے بعد افضل یہی ہے کہ  آدمی جلدی غسل کر کے پاک صاف ہوجائے، لیکن اگر نماز کے وقت تک غسل کو مؤخر کردے تو گناہ گار نہیں ہوگا، لہذا رات کو ہم بستری کرنے کی صورت میں  فجر تک غسل مؤخر کیا جاسکتا ہے، ہم بستری کے بعد اگر سونا  ہو تو بہتر یہ ہے کہ آدمی  استنجا اوروضو کرلے پھر سوجائے، اور پھر  بیدار ہوکر غسل کرلے۔ چنانچہ مشکوۃ شریف کی روایت میں ہے:</p><p style=""text-align:justify;"">’’حضرت عمر فاروق رضی اللہ تعالیٰ عنہ نے سرکارِ دو عالم صلی اللہ علیہ وسلم سے عرض کیا کہ مجھے رات کو جنابت  لاحق ہوتی ہے (یعنی احتلام یا جماع سے غسل واجب ہوتا ہے ) آپ صلی اللہ علیہ وسلم نے فرمایا کہ (اسی وقت) وضو کر کے عضو کو دھو کر سو جایا کرو‘‘۔</p><p style=""text-align:justify;"">مظاہرحق میں ہے :</p><p style=""text-align:justify;"">’’یہ وضو کرنا جنبی کے سونے کے لیے طہارت ہے، یعنی جنبی وضو کر کے سویا تو گویا وہ پاک سویا، لہٰذا اس حدیث سے معلوم ہوا کہ جسے رات کو احتلام ہو جائے یا جماع سے فراغت ہو اور اس کے بعد سونے کا ارادہ یا بوجہ کسی ضرورت بے وقت غسلِ جنابت میں تاخیر کا خیال ہو تو ایسی شکل میں جنبی کا وضو کر لینا سنت ہے۔ اتنی بات اور سمجھ لیجیے  کہ حدیث سے تو یہ معلوم ہوتا ہے کہ صورتِ مذکورہ میں وضو کیا جائے اس کے بعد عضوِ تناسل کو دھویا جائے، حال آں کہ ایسا نہیں ہے، بلکہ صحیح مسئلہ یہ ہے کہ پہلے عضوِ تناسل کو دھونا چاہیے، اس کے بعد وضو کرنا چاہیے، اس شکل میں حدیث کی مذکورہ ترتیب کے بارے میں کہا جائے گا کہ یہاں وضو کرنا اس لیے مقدم کر کے ذکر کیا گیا ہے کہ وضو کا احترام اور اس کی تعظیم کا اظہار پیش نظر تھا‘‘۔</p><p style=""text-align:justify;"">صحیح بخاری میں ہے:</p><p style=""text-align:justify;"">’’حضرت عائشہ رضی اللہ عنہا فرماتی ہیں: رسول اللہ جب حالتِ جنابت میں (یعنی کسی زوجۂ مطہرہ کے حقوق ادا فرمانے کے بعد) سونا چاہتے تو شرم گاہ دھوکر نماز والا وضو فرمالیتے تھے۔</p><p style=""text-align:justify;"">فتاوی ہندیہ میں ہے :</p><p style=""text-align:justify;""><span class=""ar_writing"">"" الجنب إذا أخر الاغتسال إلى وقت الصلاة لايأثم، كذا في المحيط"". </span> (1/209)فقط واللہ اعلم</p></p><hr class=""big-hr""/><div class=""col-sm-6 col-md-6""><p class=""question_heading"" style=""color:#73161f"">فتوی نمبر : <a id=""fatwa_number"">144108200531</a></p></div><div class=""col-sm-6 col-md-6""><p style=""color:#73161f"">دارالافتاء :
                                جامعہ علوم اسلامیہ علامہ محمد یوسف بنوری ٹاؤن</p></div><hr class=""big-hr""/><div class=""col-sm-4 col-md-4""><div class=""tag""><a href=""https://www.banuri.edu.pk/questions/kitab/taharat""><i class=""icon-docs-bold""></i> طہارت</a></div></div><div class=""col-sm-4 col-md-4""><div class=""tag""><a href=""https://www.banuri.edu.pk/questions/bab/hayz-nifas-istihaza""><i class=""icon-docs-bold""></i> حیض، نفاس، استحاضہ</a></div></div><div class=""col-sm-4 col-md-4""><div class=""tag""><a href=""https://www.banuri.edu.pk/questions/fasal/janabat-hayz-or-nifas-k-ahkam""><i class=""icon-docs-bold""></i> جنابت ، حیض اور نفاس کے احکام</a></div></div></div>"
https://www.banuri.edu.pk/readquestion/bivi-nay-talaq-ka-message-nahi-dekha-144108200577/03-04-2020,بیوی نے واٹس ایپ پر طلاق کا میسج نہیں دیکھا,"<p><p style=""text-align:justify;"">واٹس ایپ کے ذریعے بیوی کو طلاق لکھنے سے طلاق ہوگی کہ نہیں اگر بیوی نے دیکھا بھی نہیں؟</p></p>","<p><p style=""text-align:justify;"">طلاق واقع ہونے کے لیے بیوی کو علم ہونا ضروری نہیں ہے؛  لہذا شوہر کی طرف سے واٹس ایپ پر بیوی کو طلاق واقع کرنے کا میسج لکھنے سے اس پر ایک طلاقِ رجعی واقع ہوگئی چاہے اس نے نہ دیکھا ہو۔</p><p style=""text-align:justify;""><span class=""ar_writing"">الفتاوى الهندية (1 / 378):<br/>
""الكتابة على نوعين مرسومة وغير مرسومة ونعني بالمرسومة أن يكون مصدرا ومعنونا مثل ما يكتب إلى الغائب وغير موسومة أن لايكون مصدرًا ومعنونًا وهو على وجهين: مستبينة وغير مستبينة، فالمستبينة ما يكتب على الصحيفة والحائط والأرض على وجه يمكن فهمه وقراءته، وغير المستبينة ما يكتب على الهواء والماء وشيء لايمكن فهمه وقراءته، ففي غير المستبينة لايقع الطلاق وإن نوى، وإن كانت مستبينةً لكنها غير مرسومة إن نوى الطلاق يقع، وإلا فلا، وإن كانت مرسومةً يقع الطلاق نوى أو لم ينو، ثم المرسومة لاتخلو إما إن أرسل الطلاق بأن كتب: أما بعد! فأنت طالق، فكلّما كتب هذا يقع الطلاق وتلزمها العدة من وقت الكتابة"". فقط والله أعلم</span></p></p><hr class=""big-hr""/>",03-04-2020,144108200577,banuri.edu.pk,طلاق,وقوع طلاق وعدم وقوع طلاق,طلاق - وقوع اور عدم وقوع,"<div class=""col-md-12 sawal-jawab""><h3 class=""question_heading"">سوال</h3><p><p style=""text-align:justify;"">واٹس ایپ کے ذریعے بیوی کو طلاق لکھنے سے طلاق ہوگی کہ نہیں اگر بیوی نے دیکھا بھی نہیں؟</p></p><h4 class=""question_heading"">جواب</h4><p><p style=""text-align:justify;"">طلاق واقع ہونے کے لیے بیوی کو علم ہونا ضروری نہیں ہے؛  لہذا شوہر کی طرف سے واٹس ایپ پر بیوی کو طلاق واقع کرنے کا میسج لکھنے سے اس پر ایک طلاقِ رجعی واقع ہوگئی چاہے اس نے نہ دیکھا ہو۔</p><p style=""text-align:justify;""><span class=""ar_writing"">الفتاوى الهندية (1 / 378):<br/>
""الكتابة على نوعين مرسومة وغير مرسومة ونعني بالمرسومة أن يكون مصدرا ومعنونا مثل ما يكتب إلى الغائب وغير موسومة أن لايكون مصدرًا ومعنونًا وهو على وجهين: مستبينة وغير مستبينة، فالمستبينة ما يكتب على الصحيفة والحائط والأرض على وجه يمكن فهمه وقراءته، وغير المستبينة ما يكتب على الهواء والماء وشيء لايمكن فهمه وقراءته، ففي غير المستبينة لايقع الطلاق وإن نوى، وإن كانت مستبينةً لكنها غير مرسومة إن نوى الطلاق يقع، وإلا فلا، وإن كانت مرسومةً يقع الطلاق نوى أو لم ينو، ثم المرسومة لاتخلو إما إن أرسل الطلاق بأن كتب: أما بعد! فأنت طالق، فكلّما كتب هذا يقع الطلاق وتلزمها العدة من وقت الكتابة"". فقط والله أعلم</span></p></p><hr class=""big-hr""/><div class=""col-sm-6 col-md-6""><p class=""question_heading"" style=""color:#73161f"">فتوی نمبر : <a id=""fatwa_number"">144108200577</a></p></div><div class=""col-sm-6 col-md-6""><p style=""color:#73161f"">دارالافتاء :
                                جامعہ علوم اسلامیہ علامہ محمد یوسف بنوری ٹاؤن</p></div><hr class=""big-hr""/><div class=""col-sm-4 col-md-4""><div class=""tag""><a href=""https://www.banuri.edu.pk/questions/kitab/talaaq""><i class=""icon-docs-bold""></i> طلاق</a></div></div><div class=""col-sm-4 col-md-4""><div class=""tag""><a href=""https://www.banuri.edu.pk/questions/bab/wuqoo-e-talaq-o-adme-wuqoo-e-talaq""><i class=""icon-docs-bold""></i> وقوع طلاق وعدم وقوع طلاق</a></div></div><div class=""col-sm-4 col-md-4""><div class=""tag""><a href=""https://www.banuri.edu.pk/questions/fasal/talaq-wuqo-or-adm-e-wuqo""><i class=""icon-docs-bold""></i> طلاق - وقوع اور عدم وقوع</a></div></div></div>"
https://www.banuri.edu.pk/readquestion/fidya-aur-sadqa-e-fir-ka-masraf-144108200579/03-04-2020,فدیہ اور صدقہ فطر کا مصرف,"<p><p style=""text-align:justify;"">فدیہ اور فطرانہ کی رقم کے مصارف کیا ہیں؟</p></p>","<p><p style=""text-align:justify;""> فدیہ اور فطرانہ (صدقہ فطر ) کا مصرف وہی ہے جو زکاۃ کا مصرف ہے،  یعنی مسلمان فقیر جو سید اور ہاشمی نہ ہو اور  اس کی ملکیت میں ضرورت سے زائد اتنا مال یا سامان نہ ہو جس کی مالیت ساڑھے باون تولہ چاندی کی قیمت تک پہنچے۔ فقط واللہ اعلم</p></p><hr class=""big-hr""/>",03-04-2020,144108200579,banuri.edu.pk,زکات,زکوٰۃ / صدقات,صدقۃ الفطر,"<div class=""col-md-12 sawal-jawab""><h3 class=""question_heading"">سوال</h3><p><p style=""text-align:justify;"">فدیہ اور فطرانہ کی رقم کے مصارف کیا ہیں؟</p></p><h4 class=""question_heading"">جواب</h4><p><p style=""text-align:justify;""> فدیہ اور فطرانہ (صدقہ فطر ) کا مصرف وہی ہے جو زکاۃ کا مصرف ہے،  یعنی مسلمان فقیر جو سید اور ہاشمی نہ ہو اور  اس کی ملکیت میں ضرورت سے زائد اتنا مال یا سامان نہ ہو جس کی مالیت ساڑھے باون تولہ چاندی کی قیمت تک پہنچے۔ فقط واللہ اعلم</p></p><hr class=""big-hr""/><div class=""col-sm-6 col-md-6""><p class=""question_heading"" style=""color:#73161f"">فتوی نمبر : <a id=""fatwa_number"">144108200579</a></p></div><div class=""col-sm-6 col-md-6""><p style=""color:#73161f"">دارالافتاء :
                                جامعہ علوم اسلامیہ علامہ محمد یوسف بنوری ٹاؤن</p></div><hr class=""big-hr""/><div class=""col-sm-4 col-md-4""><div class=""tag""><a href=""https://www.banuri.edu.pk/questions/kitab/zakat""><i class=""icon-docs-bold""></i> زکات</a></div></div><div class=""col-sm-4 col-md-4""><div class=""tag""><a href=""https://www.banuri.edu.pk/questions/bab/zakat-sadaqat""><i class=""icon-docs-bold""></i> زکوٰۃ / صدقات</a></div></div><div class=""col-sm-4 col-md-4""><div class=""tag""><a href=""https://www.banuri.edu.pk/questions/fasal/sadaqa-tul-fitr""><i class=""icon-docs-bold""></i> صدقۃ الفطر</a></div></div></div>"
https://www.banuri.edu.pk/readquestion/simak-nam-144108200581/03-04-2020,سماک نام,"<p><p style=""text-align:justify;"">’’سماک‘‘  نام کیسا ہے؟</p></p>","<p><p style=""text-align:justify;"">’’سماک‘‘  نام رکھنا درست، بلکہ بابرکت ہے؛ کیوں کہ یہ ایک صحابی کا نام ہے!</p><p style=""text-align:justify;""><span class=""ar_writing"">القاموس المحيط (1 / 1195):<br/>
""وداجون: ة بالرملة، منها أبو بكر المقرئ. وأبو دجانة، كثمامة: سماك بن خرشة، صحابي"". فقط والله أعلم</span></p></p><hr class=""big-hr""/>",03-04-2020,144108200581,banuri.edu.pk,حقوق و آدابِ معاشرت,حقوق,اولاد کے حقوق,"<div class=""col-md-12 sawal-jawab""><h3 class=""question_heading"">سوال</h3><p><p style=""text-align:justify;"">’’سماک‘‘  نام کیسا ہے؟</p></p><h4 class=""question_heading"">جواب</h4><p><p style=""text-align:justify;"">’’سماک‘‘  نام رکھنا درست، بلکہ بابرکت ہے؛ کیوں کہ یہ ایک صحابی کا نام ہے!</p><p style=""text-align:justify;""><span class=""ar_writing"">القاموس المحيط (1 / 1195):<br/>
""وداجون: ة بالرملة، منها أبو بكر المقرئ. وأبو دجانة، كثمامة: سماك بن خرشة، صحابي"". فقط والله أعلم</span></p></p><hr class=""big-hr""/><div class=""col-sm-6 col-md-6""><p class=""question_heading"" style=""color:#73161f"">فتوی نمبر : <a id=""fatwa_number"">144108200581</a></p></div><div class=""col-sm-6 col-md-6""><p style=""color:#73161f"">دارالافتاء :
                                جامعہ علوم اسلامیہ علامہ محمد یوسف بنوری ٹاؤن</p></div><hr class=""big-hr""/><div class=""col-sm-4 col-md-4""><div class=""tag""><a href=""https://www.banuri.edu.pk/questions/kitab/huqooq-muashret""><i class=""icon-docs-bold""></i> حقوق و آدابِ معاشرت</a></div></div><div class=""col-sm-4 col-md-4""><div class=""tag""><a href=""https://www.banuri.edu.pk/questions/bab/bahmi-huqooq""><i class=""icon-docs-bold""></i> حقوق</a></div></div><div class=""col-sm-4 col-md-4""><div class=""tag""><a href=""https://www.banuri.edu.pk/questions/fasal/olad-ky-hoqoq""><i class=""icon-docs-bold""></i> اولاد کے حقوق</a></div></div></div>"
https://www.banuri.edu.pk/readquestion/ghar-par-jummay-ki-namaz-mai-khawateen-ki-shirkat-144108200582/03-04-2020,گھر پر جمعہ کی نماز میں خواتین کی شرکت,"<p><p style=""text-align:justify;""> جمعہ کی نماز میں گھر کی خواتین شامل ہو سکتی ہیں یا نہیں؟</p></p>","<p><p style=""text-align:justify;"">موجودہ حالات میں (کرونا وائرس کی وبا کی وجہ سے مجبوراً) جمعہ کی نماز گھر   میں ادا کی جارہی ہو تو گھر کی خواتین اس جماعت میں شامل ہوسکتی ہیں، البتہ جمعہ کے انعقاد کے لیے کم از کم چار بالغ مردوں کا جماعت میں شریک ہونا ضروری ہے (یعنی خواتین اور بچوں کے علاوہ  کم از کم چار بالغ مرد جمعے کی جماعت میں موجود ہوں، تب جمعے کا قیام درست ہوگا۔)</p><p style=""text-align:justify;""><span class=""ar_writing"">الفتاوى الهندية (1 / 148):</span></p><p style=""text-align:justify;""><span class=""ar_writing"">""(ومنها الجماعة) وأقلها ثلاثة سوى الإمام"". فقط والله أعلم</span></p><p style=""text-align:justify;"">مزید تفصیل کے لیے درج ذیل لنک پر فتاویٰ ملاحظہ کیجیے:</p><p style=""text-align:justify;""><a href=""https://www.banuri.edu.pk/readquestion/kia-namaz-e-jumma-ky-liy-masjid-ka-hona-shart-hy-144108200590/03-04-2020"">کیا نماز جمعہ کے لیے مسجد کا ہونا شرط ہے؟</a></p><p style=""text-align:justify;""><a href=""https://www.banuri.edu.pk/readquestion/wabai-marz-ki-waja-se-jumme-ki-nmaz-ghar-main-ada-karna-144108200563/03-04-2020"">وبائی مرض (کرونا وائرس) کی وجہ سے جمعہ کی نماز گھر میں ادا کرنا</a></p><p style=""text-align:justify;""><a href=""https://www.banuri.edu.pk/readquestion/ghar-main-jummay-ki-namaz-parhnay-ki-sorat-main-ghar-ki-khawateen-ka-jummay-ki-jamat-main-shamil-honay-ka-hukum-144108200143/27-03-2020"">گھر میں جمعہ کی نماز پڑھنے کی صورت میں گھر کی خواتین کا جمعہ کی جماعت میں شامل ہونے کا حکم</a></p></p><hr class=""big-hr""/>",03-04-2020,144108200582,banuri.edu.pk,نماز,جمعہ کی نماز,جمعہ و عیدین,"<div class=""col-md-12 sawal-jawab""><h3 class=""question_heading"">سوال</h3><p><p style=""text-align:justify;""> جمعہ کی نماز میں گھر کی خواتین شامل ہو سکتی ہیں یا نہیں؟</p></p><h4 class=""question_heading"">جواب</h4><p><p style=""text-align:justify;"">موجودہ حالات میں (کرونا وائرس کی وبا کی وجہ سے مجبوراً) جمعہ کی نماز گھر   میں ادا کی جارہی ہو تو گھر کی خواتین اس جماعت میں شامل ہوسکتی ہیں، البتہ جمعہ کے انعقاد کے لیے کم از کم چار بالغ مردوں کا جماعت میں شریک ہونا ضروری ہے (یعنی خواتین اور بچوں کے علاوہ  کم از کم چار بالغ مرد جمعے کی جماعت میں موجود ہوں، تب جمعے کا قیام درست ہوگا۔)</p><p style=""text-align:justify;""><span class=""ar_writing"">الفتاوى الهندية (1 / 148):</span></p><p style=""text-align:justify;""><span class=""ar_writing"">""(ومنها الجماعة) وأقلها ثلاثة سوى الإمام"". فقط والله أعلم</span></p><p style=""text-align:justify;"">مزید تفصیل کے لیے درج ذیل لنک پر فتاویٰ ملاحظہ کیجیے:</p><p style=""text-align:justify;""><a href=""https://www.banuri.edu.pk/readquestion/kia-namaz-e-jumma-ky-liy-masjid-ka-hona-shart-hy-144108200590/03-04-2020"">کیا نماز جمعہ کے لیے مسجد کا ہونا شرط ہے؟</a></p><p style=""text-align:justify;""><a href=""https://www.banuri.edu.pk/readquestion/wabai-marz-ki-waja-se-jumme-ki-nmaz-ghar-main-ada-karna-144108200563/03-04-2020"">وبائی مرض (کرونا وائرس) کی وجہ سے جمعہ کی نماز گھر میں ادا کرنا</a></p><p style=""text-align:justify;""><a href=""https://www.banuri.edu.pk/readquestion/ghar-main-jummay-ki-namaz-parhnay-ki-sorat-main-ghar-ki-khawateen-ka-jummay-ki-jamat-main-shamil-honay-ka-hukum-144108200143/27-03-2020"">گھر میں جمعہ کی نماز پڑھنے کی صورت میں گھر کی خواتین کا جمعہ کی جماعت میں شامل ہونے کا حکم</a></p></p><hr class=""big-hr""/><div class=""col-sm-6 col-md-6""><p class=""question_heading"" style=""color:#73161f"">فتوی نمبر : <a id=""fatwa_number"">144108200582</a></p></div><div class=""col-sm-6 col-md-6""><p style=""color:#73161f"">دارالافتاء :
                                جامعہ علوم اسلامیہ علامہ محمد یوسف بنوری ٹاؤن</p></div><hr class=""big-hr""/><div class=""col-sm-4 col-md-4""><div class=""tag""><a href=""https://www.banuri.edu.pk/questions/kitab/salat""><i class=""icon-docs-bold""></i> نماز</a></div></div><div class=""col-sm-4 col-md-4""><div class=""tag""><a href=""https://www.banuri.edu.pk/questions/bab/jumaa""><i class=""icon-docs-bold""></i> جمعہ کی نماز</a></div></div><div class=""col-sm-4 col-md-4""><div class=""tag""><a href=""https://www.banuri.edu.pk/questions/fasal/juma-o-eidayn""><i class=""icon-docs-bold""></i> جمعہ و عیدین</a></div></div></div>"
https://www.banuri.edu.pk/readquestion/kia-namaz-e-jumma-ky-liy-masjid-ka-hona-shart-hy-144108200590/03-04-2020,کیا نماز جمعہ کے لیے مسجد کا ہونا شرط ہے؟,"<p><p style=""text-align:justify;"">کیا جمعہ کی نماز گھر پر ادا ہوسکتی ہے؟ کیا مسجد اس کے  لیے  شرط ہے؟</p></p>","<p><p style=""margin-left:0;margin-right:0;text-align:justify;"">عام حالات میں بلا عذر گھروں میں جمعہ کی نماز پڑھنا مکروہ ہے، البتہ اگر کسی علاقے میں مساجد میں جمعہ کے اجتماع پر پابندی ہے تو  وہاں کے صحت مند افراد کو چاہیے کہ وہ مساجد کے علاوہ کسی ایسی جگہ میں (خواہ گھر یا کوئی اور جگہ) جہاں چار یا چار سے زیادہ بالغ مرد   جمع ہوسکیں اور ان لوگوں کی طرف سے دیگر  لوگوں کی شرکت کی ممانعت نہ ہو، جمعہ قائم کرنے کی کوشش کریں، جس جگہ نمازِ جمعہ ادا کررہے ہوں وہاں کا دروازہ کھلا رکھیں؛ تاکہ اگر کوئی نماز میں شریک ہونا چاہے تو شریک ہوسکے۔</p><p style=""margin-left:0;margin-right:0;text-align:justify;"">شہر، فنائے شہر یا قصبہ میں جمعہ کی نماز میں چوں کہ مسجد کا ہونا شرط نہیں ہے؛ لہٰذا امام کے علاوہ کم از کم تین بالغ مرد مقتدی ہوں تو  بھی جمعہ کی نماز صحیح ہوجائے گی؛ پس جمعہ کا وقت داخل ہونے کے بعد پہلی اذان دی جائے، پھر سنتیں ادا کی جائیں، پھر امام منبر یا کرسی وغیرہ پر بیٹھ جائے، اس کے سامنے دوسری اذان دی جائے، پھر امام کھڑے ہوکر دو خطبے پڑھ کر دو رکعت نمازِ جمعہ  پڑھا دے۔ عربی خطبہ اگر یاد نہ ہو تو  کوئی خطبہ دیکھ کر پڑھ لیا جائے، ورنہ عربی زبان میں حمد و صلاۃ اور قرآنِ پاک کی چند آیات پڑھ کر دونوں خطبے دے دیں۔</p><p style=""margin-left:0;margin-right:0;text-align:justify;"">مذکورہ شرائط کے ساتھ اگر جمعہ کی نماز گھر وغیرہ میں ادا کی جائے  تو جمعہ کی نماز ادا ہوجائے گی اور ایسے افرد کو  الگ سے ظہر پڑھنے کی ضرورت نہیں ہوگی۔ اور اگر شہر، فنائے شہر یا قصبہ میں اگر بالغ مرد چار کی تعداد میں جمع نہ ہوسکیں یا کوئی بھی عربی میں خطبہ پڑھنے والا نہ ہو (یعنی قرآنی آیات پڑھ کر بھی خطبہ نہ دے سکے) تو ظہر کی نماز جماعت کے بغیر انفرادی طور پر  پڑھ لیں۔ اگر گاؤں یا جنگل وغیرہ میں ہوں (یعنی جہاں جمعہ ادا نہیں کیا جاتا) تو ظہر کی نماز باجماعت ادا کرلیں۔</p><p style=""margin-left:0;margin-right:0;text-align:justify;""><span class=""ar_writing"">الدر المختار وحاشية ابن عابدين (رد المحتار) (2/ 151):</span></p><p style=""margin-left:0;margin-right:0;text-align:justify;""><span class=""ar_writing"">""(و) السادس: (الجماعة) وأقلها ثلاثة رجال (ولو غير الثلاثة الذين حضروا) الخطبة (سوى الإمام) بالنص لأنه لا بد من الذاكر وهو الخطيب وثلاثة سواه بنص - {فاسعوا إلى ذكر الله} [الجمعة: 9]-</span></p><p style=""margin-left:0;margin-right:0;text-align:justify;""><span class=""ar_writing"">واحترز بالرجال عن النساء والصبيان فإن الجمعة لا تصح بهم وحدهم لعدم صلاحيتهم للإمامة فيها بحال، بحر عن المحيط"".</span></p><p style=""margin-left:0;margin-right:0;text-align:justify;""><span class=""ar_writing"">الدر المختار وحاشية ابن عابدين (رد المحتار) (2/ 154):</span></p><p style=""margin-left:0;margin-right:0;text-align:justify;""><span class=""ar_writing"">""(وفاقدها) أي هذه الشروط أو بعضها (إن) اختار العزيمة و (صلاها وهو مكلف) بالغ عاقل (وقعت فرضًا) عن الوقت لئلا يعود على موضوعه بالنقض وفي البحر هي أفضل إلا للمرأة.</span></p><p style=""margin-left:0;margin-right:0;text-align:justify;""><span class=""ar_writing"">(قوله: وفي البحر إلخ) أخذه في البحر من ظاهر قولهم: إن الظهر لهم رخصة فدل على أن الجمعة عزيمة، وهي أفضل إلا للمرأة لأن صلاتها في بيتها أفضل وأقره في النهر، ومقتضى التعليل أنه لو كان بيتها لصيق جدار المسجد بلا مانع من صحة الاقتداء تكون أفضل لها أيضًا"". فقط والله أعلم </span></p></p><hr class=""big-hr""/>",03-04-2020,144108200590,banuri.edu.pk,نماز,جمعہ کی نماز,جمعہ و عیدین,"<div class=""col-md-12 sawal-jawab""><h3 class=""question_heading"">سوال</h3><p><p style=""text-align:justify;"">کیا جمعہ کی نماز گھر پر ادا ہوسکتی ہے؟ کیا مسجد اس کے  لیے  شرط ہے؟</p></p><h4 class=""question_heading"">جواب</h4><p><p style=""margin-left:0;margin-right:0;text-align:justify;"">عام حالات میں بلا عذر گھروں میں جمعہ کی نماز پڑھنا مکروہ ہے، البتہ اگر کسی علاقے میں مساجد میں جمعہ کے اجتماع پر پابندی ہے تو  وہاں کے صحت مند افراد کو چاہیے کہ وہ مساجد کے علاوہ کسی ایسی جگہ میں (خواہ گھر یا کوئی اور جگہ) جہاں چار یا چار سے زیادہ بالغ مرد   جمع ہوسکیں اور ان لوگوں کی طرف سے دیگر  لوگوں کی شرکت کی ممانعت نہ ہو، جمعہ قائم کرنے کی کوشش کریں، جس جگہ نمازِ جمعہ ادا کررہے ہوں وہاں کا دروازہ کھلا رکھیں؛ تاکہ اگر کوئی نماز میں شریک ہونا چاہے تو شریک ہوسکے۔</p><p style=""margin-left:0;margin-right:0;text-align:justify;"">شہر، فنائے شہر یا قصبہ میں جمعہ کی نماز میں چوں کہ مسجد کا ہونا شرط نہیں ہے؛ لہٰذا امام کے علاوہ کم از کم تین بالغ مرد مقتدی ہوں تو  بھی جمعہ کی نماز صحیح ہوجائے گی؛ پس جمعہ کا وقت داخل ہونے کے بعد پہلی اذان دی جائے، پھر سنتیں ادا کی جائیں، پھر امام منبر یا کرسی وغیرہ پر بیٹھ جائے، اس کے سامنے دوسری اذان دی جائے، پھر امام کھڑے ہوکر دو خطبے پڑھ کر دو رکعت نمازِ جمعہ  پڑھا دے۔ عربی خطبہ اگر یاد نہ ہو تو  کوئی خطبہ دیکھ کر پڑھ لیا جائے، ورنہ عربی زبان میں حمد و صلاۃ اور قرآنِ پاک کی چند آیات پڑھ کر دونوں خطبے دے دیں۔</p><p style=""margin-left:0;margin-right:0;text-align:justify;"">مذکورہ شرائط کے ساتھ اگر جمعہ کی نماز گھر وغیرہ میں ادا کی جائے  تو جمعہ کی نماز ادا ہوجائے گی اور ایسے افرد کو  الگ سے ظہر پڑھنے کی ضرورت نہیں ہوگی۔ اور اگر شہر، فنائے شہر یا قصبہ میں اگر بالغ مرد چار کی تعداد میں جمع نہ ہوسکیں یا کوئی بھی عربی میں خطبہ پڑھنے والا نہ ہو (یعنی قرآنی آیات پڑھ کر بھی خطبہ نہ دے سکے) تو ظہر کی نماز جماعت کے بغیر انفرادی طور پر  پڑھ لیں۔ اگر گاؤں یا جنگل وغیرہ میں ہوں (یعنی جہاں جمعہ ادا نہیں کیا جاتا) تو ظہر کی نماز باجماعت ادا کرلیں۔</p><p style=""margin-left:0;margin-right:0;text-align:justify;""><span class=""ar_writing"">الدر المختار وحاشية ابن عابدين (رد المحتار) (2/ 151):</span></p><p style=""margin-left:0;margin-right:0;text-align:justify;""><span class=""ar_writing"">""(و) السادس: (الجماعة) وأقلها ثلاثة رجال (ولو غير الثلاثة الذين حضروا) الخطبة (سوى الإمام) بالنص لأنه لا بد من الذاكر وهو الخطيب وثلاثة سواه بنص - {فاسعوا إلى ذكر الله} [الجمعة: 9]-</span></p><p style=""margin-left:0;margin-right:0;text-align:justify;""><span class=""ar_writing"">واحترز بالرجال عن النساء والصبيان فإن الجمعة لا تصح بهم وحدهم لعدم صلاحيتهم للإمامة فيها بحال، بحر عن المحيط"".</span></p><p style=""margin-left:0;margin-right:0;text-align:justify;""><span class=""ar_writing"">الدر المختار وحاشية ابن عابدين (رد المحتار) (2/ 154):</span></p><p style=""margin-left:0;margin-right:0;text-align:justify;""><span class=""ar_writing"">""(وفاقدها) أي هذه الشروط أو بعضها (إن) اختار العزيمة و (صلاها وهو مكلف) بالغ عاقل (وقعت فرضًا) عن الوقت لئلا يعود على موضوعه بالنقض وفي البحر هي أفضل إلا للمرأة.</span></p><p style=""margin-left:0;margin-right:0;text-align:justify;""><span class=""ar_writing"">(قوله: وفي البحر إلخ) أخذه في البحر من ظاهر قولهم: إن الظهر لهم رخصة فدل على أن الجمعة عزيمة، وهي أفضل إلا للمرأة لأن صلاتها في بيتها أفضل وأقره في النهر، ومقتضى التعليل أنه لو كان بيتها لصيق جدار المسجد بلا مانع من صحة الاقتداء تكون أفضل لها أيضًا"". فقط والله أعلم </span></p></p><hr class=""big-hr""/><div class=""col-sm-6 col-md-6""><p class=""question_heading"" style=""color:#73161f"">فتوی نمبر : <a id=""fatwa_number"">144108200590</a></p></div><div class=""col-sm-6 col-md-6""><p style=""color:#73161f"">دارالافتاء :
                                جامعہ علوم اسلامیہ علامہ محمد یوسف بنوری ٹاؤن</p></div><hr class=""big-hr""/><div class=""col-sm-4 col-md-4""><div class=""tag""><a href=""https://www.banuri.edu.pk/questions/kitab/salat""><i class=""icon-docs-bold""></i> نماز</a></div></div><div class=""col-sm-4 col-md-4""><div class=""tag""><a href=""https://www.banuri.edu.pk/questions/bab/jumaa""><i class=""icon-docs-bold""></i> جمعہ کی نماز</a></div></div><div class=""col-sm-4 col-md-4""><div class=""tag""><a href=""https://www.banuri.edu.pk/questions/fasal/juma-o-eidayn""><i class=""icon-docs-bold""></i> جمعہ و عیدین</a></div></div></div>"
https://www.banuri.edu.pk/readquestion/gharon-me-jumma-ada-krna-144108200592/03-04-2020,مساجد میں نماز جمعہ کی پابندی کی وجہ سے گھروں میں جمعہ ادا کرنا,"<p><p style=""text-align:justify;"">موجودہ کروناوائرس کے زمانہ میں  نماز جمعہ اپنے گھروں میں ادا کرسکتے ہیں یا نہیں اور کیسے؟</p></p>","<p><p style=""margin-left:0;margin-right:0;text-align:justify;"">عام حالات میں بلا عذر گھروں میں جمعہ کی نماز پڑھنا مکروہ ہے، البتہ اگر کسی علاقے میں مساجد میں جمعہ کے اجتماع پر پابندی ہے تو  وہاں کے صحت مند افراد کو چاہیے کہ وہ مساجد کے علاوہ کسی ایسی جگہ میں (خواہ گھر یا کوئی اور جگہ) جہاں چار یا چار سے زیادہ بالغ مرد   جمع ہوسکیں اور ان لوگوں کی طرف سے دیگر  لوگوں کی شرکت کی ممانعت نہ ہو، جمعہ قائم کرنے کی کوشش کریں، جس جگہ نمازِ جمعہ ادا کررہے ہوں وہاں کا دروازہ کھلا رکھیں؛ تاکہ اگر کوئی نماز میں شریک ہونا چاہے تو شریک ہوسکے۔</p><p style=""margin-left:0;margin-right:0;text-align:justify;"">باقی شہر، فنائے شہر یا قصبہ میں جمعہ کی نماز میں چوں کہ مسجد کا ہونا شرط نہیں ہے؛ لہٰذا امام کے علاوہ کم از کم تین بالغ مرد مقتدی ہوں تو  بھی جمعہ کی نماز صحیح ہوجائے گی؛ پس جمعہ کا وقت داخل ہونے کے بعد پہلی اذان دی جائے، پھر سنتیں ادا کی جائیں، پھر امام منبر یا کرسی وغیرہ پر بیٹھ جائے، اس کے سامنے دوسری اذان دی جائے، پھر امام کھڑے ہوکر دو خطبے پڑھ کر دو رکعت نمازِ جمعہ  پڑھا دے۔ عربی خطبہ اگر یاد نہ ہو تو  کوئی خطبہ دیکھ کر پڑھ لیا جائے، ورنہ عربی زبان میں حمد و صلاۃ اور قرآنِ پاک کی چند آیات پڑھ کر دونوں خطبے دے دیں۔</p><p style=""margin-left:0;margin-right:0;text-align:justify;"">مذکورہ شرائط کے ساتھ اگر جمعہ کی نماز گھر وغیرہ میں ادا کی جائے  تو جمعہ کی نماز ادا ہوجائے گی اور ایسے افرد کو  الگ سے ظہر پڑھنے کی ضرورت نہیں ہوگی۔</p><p style=""margin-left:0;margin-right:0;text-align:justify;"">شہر، فنائے شہر یا قصبہ میں اگر بالغ مرد چار کی تعداد میں جمع نہ ہوسکیں تو ظہر کی نماز جماعت کے بغیر انفرادی طور پر  پڑھ لیں۔</p><p style=""margin-left:0;margin-right:0;text-align:justify;""><span class=""ar_writing"">الدر المختار وحاشية ابن عابدين (رد المحتار) (2/ 151):</span></p><p style=""margin-left:0;margin-right:0;text-align:justify;""><span class=""ar_writing"">""(و) السادس: (الجماعة) وأقلها ثلاثة رجال (ولو غير الثلاثة الذين حضروا) الخطبة (سوى الإمام) بالنص لأنه لا بد من الذاكر وهو الخطيب وثلاثة سواه بنص - {فاسعوا إلى ذكر الله} [الجمعة: 9]-</span></p><p style=""margin-left:0;margin-right:0;text-align:justify;""><span class=""ar_writing"">واحترز بالرجال عن النساء والصبيان فإن الجمعة لا تصح بهم وحدهم لعدم صلاحيتهم للإمامة فيها بحال، بحر عن المحيط"".</span></p><p style=""margin-left:0;margin-right:0;text-align:justify;""><span class=""ar_writing"">الدر المختار وحاشية ابن عابدين (رد المحتار) (2/ 154):</span></p><p style=""margin-left:0;margin-right:0;text-align:justify;""><span class=""ar_writing"">""(وفاقدها) أي هذه الشروط أو بعضها (إن) اختار العزيمة و (صلاها وهو مكلف) بالغ عاقل (وقعت فرضًا) عن الوقت لئلا يعود على موضوعه بالنقض وفي البحر هي أفضل إلا للمرأة.</span></p><p style=""margin-left:0;margin-right:0;text-align:justify;""><span class=""ar_writing"">(قوله: وفي البحر إلخ) أخذه في البحر من ظاهر قولهم: إن الظهر لهم رخصة فدل على أن الجمعة عزيمة، وهي أفضل إلا للمرأة لأن صلاتها في بيتها أفضل وأقره في النهر، ومقتضى التعليل أنه لو كان بيتها لصيق جدار المسجد بلا مانع من صحة الاقتداء تكون أفضل لها أيضًا"".فقط والله أعلم </span></p></p><hr class=""big-hr""/>",03-04-2020,144108200592,banuri.edu.pk,نماز,جمعہ کی نماز,جمعہ و عیدین,"<div class=""col-md-12 sawal-jawab""><h3 class=""question_heading"">سوال</h3><p><p style=""text-align:justify;"">موجودہ کروناوائرس کے زمانہ میں  نماز جمعہ اپنے گھروں میں ادا کرسکتے ہیں یا نہیں اور کیسے؟</p></p><h4 class=""question_heading"">جواب</h4><p><p style=""margin-left:0;margin-right:0;text-align:justify;"">عام حالات میں بلا عذر گھروں میں جمعہ کی نماز پڑھنا مکروہ ہے، البتہ اگر کسی علاقے میں مساجد میں جمعہ کے اجتماع پر پابندی ہے تو  وہاں کے صحت مند افراد کو چاہیے کہ وہ مساجد کے علاوہ کسی ایسی جگہ میں (خواہ گھر یا کوئی اور جگہ) جہاں چار یا چار سے زیادہ بالغ مرد   جمع ہوسکیں اور ان لوگوں کی طرف سے دیگر  لوگوں کی شرکت کی ممانعت نہ ہو، جمعہ قائم کرنے کی کوشش کریں، جس جگہ نمازِ جمعہ ادا کررہے ہوں وہاں کا دروازہ کھلا رکھیں؛ تاکہ اگر کوئی نماز میں شریک ہونا چاہے تو شریک ہوسکے۔</p><p style=""margin-left:0;margin-right:0;text-align:justify;"">باقی شہر، فنائے شہر یا قصبہ میں جمعہ کی نماز میں چوں کہ مسجد کا ہونا شرط نہیں ہے؛ لہٰذا امام کے علاوہ کم از کم تین بالغ مرد مقتدی ہوں تو  بھی جمعہ کی نماز صحیح ہوجائے گی؛ پس جمعہ کا وقت داخل ہونے کے بعد پہلی اذان دی جائے، پھر سنتیں ادا کی جائیں، پھر امام منبر یا کرسی وغیرہ پر بیٹھ جائے، اس کے سامنے دوسری اذان دی جائے، پھر امام کھڑے ہوکر دو خطبے پڑھ کر دو رکعت نمازِ جمعہ  پڑھا دے۔ عربی خطبہ اگر یاد نہ ہو تو  کوئی خطبہ دیکھ کر پڑھ لیا جائے، ورنہ عربی زبان میں حمد و صلاۃ اور قرآنِ پاک کی چند آیات پڑھ کر دونوں خطبے دے دیں۔</p><p style=""margin-left:0;margin-right:0;text-align:justify;"">مذکورہ شرائط کے ساتھ اگر جمعہ کی نماز گھر وغیرہ میں ادا کی جائے  تو جمعہ کی نماز ادا ہوجائے گی اور ایسے افرد کو  الگ سے ظہر پڑھنے کی ضرورت نہیں ہوگی۔</p><p style=""margin-left:0;margin-right:0;text-align:justify;"">شہر، فنائے شہر یا قصبہ میں اگر بالغ مرد چار کی تعداد میں جمع نہ ہوسکیں تو ظہر کی نماز جماعت کے بغیر انفرادی طور پر  پڑھ لیں۔</p><p style=""margin-left:0;margin-right:0;text-align:justify;""><span class=""ar_writing"">الدر المختار وحاشية ابن عابدين (رد المحتار) (2/ 151):</span></p><p style=""margin-left:0;margin-right:0;text-align:justify;""><span class=""ar_writing"">""(و) السادس: (الجماعة) وأقلها ثلاثة رجال (ولو غير الثلاثة الذين حضروا) الخطبة (سوى الإمام) بالنص لأنه لا بد من الذاكر وهو الخطيب وثلاثة سواه بنص - {فاسعوا إلى ذكر الله} [الجمعة: 9]-</span></p><p style=""margin-left:0;margin-right:0;text-align:justify;""><span class=""ar_writing"">واحترز بالرجال عن النساء والصبيان فإن الجمعة لا تصح بهم وحدهم لعدم صلاحيتهم للإمامة فيها بحال، بحر عن المحيط"".</span></p><p style=""margin-left:0;margin-right:0;text-align:justify;""><span class=""ar_writing"">الدر المختار وحاشية ابن عابدين (رد المحتار) (2/ 154):</span></p><p style=""margin-left:0;margin-right:0;text-align:justify;""><span class=""ar_writing"">""(وفاقدها) أي هذه الشروط أو بعضها (إن) اختار العزيمة و (صلاها وهو مكلف) بالغ عاقل (وقعت فرضًا) عن الوقت لئلا يعود على موضوعه بالنقض وفي البحر هي أفضل إلا للمرأة.</span></p><p style=""margin-left:0;margin-right:0;text-align:justify;""><span class=""ar_writing"">(قوله: وفي البحر إلخ) أخذه في البحر من ظاهر قولهم: إن الظهر لهم رخصة فدل على أن الجمعة عزيمة، وهي أفضل إلا للمرأة لأن صلاتها في بيتها أفضل وأقره في النهر، ومقتضى التعليل أنه لو كان بيتها لصيق جدار المسجد بلا مانع من صحة الاقتداء تكون أفضل لها أيضًا"".فقط والله أعلم </span></p></p><hr class=""big-hr""/><div class=""col-sm-6 col-md-6""><p class=""question_heading"" style=""color:#73161f"">فتوی نمبر : <a id=""fatwa_number"">144108200592</a></p></div><div class=""col-sm-6 col-md-6""><p style=""color:#73161f"">دارالافتاء :
                                جامعہ علوم اسلامیہ علامہ محمد یوسف بنوری ٹاؤن</p></div><hr class=""big-hr""/><div class=""col-sm-4 col-md-4""><div class=""tag""><a href=""https://www.banuri.edu.pk/questions/kitab/salat""><i class=""icon-docs-bold""></i> نماز</a></div></div><div class=""col-sm-4 col-md-4""><div class=""tag""><a href=""https://www.banuri.edu.pk/questions/bab/jumaa""><i class=""icon-docs-bold""></i> جمعہ کی نماز</a></div></div><div class=""col-sm-4 col-md-4""><div class=""tag""><a href=""https://www.banuri.edu.pk/questions/fasal/juma-o-eidayn""><i class=""icon-docs-bold""></i> جمعہ و عیدین</a></div></div></div>"
https://www.banuri.edu.pk/readquestion/jumma-ki-adaegi-ka-hukum-144108200594/03-04-2020,موجودہ حالات میں گھر وغیرہ میں باجماعت جمعہ کی ادائیگی کا حکم,"<p><p style=""text-align:justify;"">آج کل کرونا وائرس کی وجہ سے مساجد میں صرف پانچ لوگوں کو ہی نماز پڑھنے کاحکم ہے، کیا اس حالت میں اپنے گھروں میں لوگوں کو  لے کر جمعہ کی نماز اداکرنے کا کیا حکم ہے؟ شرائط کے ساتھ بتایا جائے؟</p></p>","<p><p style=""text-align:justify;"">عام حالات میں بلا عذر گھروں میں جمعہ کی نماز پڑھنا مکروہ ہے، البتہ اگر کسی علاقے میں مساجد میں جمعہ کے اجتماع پر پابندی ہے تو  وہاں کے صحت مند افراد کو چاہیے کہ وہ مساجد کے علاوہ کسی ایسی جگہ میں (خواہ گھر یا کوئی اور جگہ) جہاں چار یا چار سے زیادہ بالغ مرد   جمع ہوسکیں اور ان لوگوں کی طرف سے دیگر  لوگوں کی شرکت کی ممانعت نہ ہو، جمعہ قائم کرنے کی کوشش کریں، جس جگہ نمازِ جمعہ ادا کررہے ہوں وہاں کا دروازہ کھلا رکھیں؛ تاکہ اگر کوئی نماز میں شریک ہونا چاہے تو شریک ہوسکے۔</p><p style=""text-align:justify;"">باقی شہر، فنائے شہر یا قصبہ میں جمعہ کی نماز میں چوں کہ مسجد کا ہونا شرط نہیں ہے؛ لہٰذا امام کے علاوہ کم از کم تین بالغ مرد مقتدی ہوں تو  بھی جمعہ کی نماز صحیح ہوجائے گی؛ پس جمعہ کا وقت داخل ہونے کے بعد پہلی اذان دی جائے، پھر سنتیں ادا کی جائیں، پھر امام منبر یا کرسی وغیرہ پر بیٹھ جائے، اس کے سامنے دوسری اذان دی جائے، پھر امام کھڑے ہوکر دو خطبے پڑھ کر دو رکعت نمازِ جمعہ  پڑھا دے۔ عربی خطبہ اگر یاد نہ ہو تو  کوئی خطبہ دیکھ کر پڑھ لیا جائے، ورنہ عربی زبان میں حمد و صلاۃ اور قرآنِ پاک کی چند آیات پڑھ کر دونوں خطبے دے دیں۔</p><p style=""text-align:justify;"">مذکورہ شرائط کے ساتھ اگر جمعہ کی نماز گھر وغیرہ میں ادا کی جائے  تو جمعہ کی نماز ادا ہوجائے گی اور ایسے افرد کو  الگ سے ظہر پڑھنے کی ضرورت نہیں ہوگی۔ اور اگر شہر، فنائے شہر یا قصبہ میں اگر بالغ مرد چار کی تعداد میں جمع نہ ہوسکیں یا عربی میں خطبہ پڑھنے والا وہاں کوئی بھی نہ ہو (یعنی قرآنِ پاک کی آیات پڑھ کر بھی خطبہ نہ دے سکے) تو ظہر کی نماز جماعت کے بغیر انفرادی طور پر  پڑھ لیں۔  اور اگر چھوٹے گاؤں یا جنگل میں ہوں (یعنی جہاں جمعہ ادا نہیں کیا جاتا، وہاں) ظہر کی نماز باجماعت ادا کرلیں ۔</p><p style=""text-align:justify;""><span class=""ar_writing"">الدر المختار وحاشية ابن عابدين (رد المحتار) (2/ 151):<br/>
""(و) السادس: (الجماعة) وأقلها ثلاثة رجال (ولو غير الثلاثة الذين حضروا) الخطبة (سوى الإمام) بالنص لأنه لا بد من الذاكر وهو الخطيب وثلاثة سواه بنص - {فاسعوا إلى ذكر الله} [الجمعة: 9]-</span></p><p style=""text-align:justify;""><span class=""ar_writing"">واحترز بالرجال عن النساء والصبيان فإن الجمعة لا تصح بهم وحدهم لعدم صلاحيتهم للإمامة فيها بحال، بحر عن المحيط"".</span></p><p style=""text-align:justify;""><span class=""ar_writing"">الدر المختار وحاشية ابن عابدين (رد المحتار) (2/ 154):<br/>
""(وفاقدها) أي هذه الشروط أو بعضها (إن) اختار العزيمة و (صلاها وهو مكلف) بالغ عاقل (وقعت فرضا) عن الوقت لئلا يعود على موضوعه بالنقض وفي البحر هي أفضل إلا للمرأة.</span></p><p style=""text-align:justify;""><span class=""ar_writing"">(قوله: وفي البحر إلخ) أخذه في البحر من ظاهر قولهم: إن الظهر لهم رخصة فدل على أن الجمعة عزيمة، وهي أفضل إلا للمرأة لأن صلاتها في بيتها أفضل وأقره في النهر، ومقتضى التعليل أنه لو كان بيتها لصيق جدار المسجد بلا مانع من صحة الاقتداء تكون أفضل لها أيضًا"". فقط و الله أعلم</span></p></p><hr class=""big-hr""/>",03-04-2020,144108200594,banuri.edu.pk,نماز,جمعہ کی نماز,جمعہ و عیدین,"<div class=""col-md-12 sawal-jawab""><h3 class=""question_heading"">سوال</h3><p><p style=""text-align:justify;"">آج کل کرونا وائرس کی وجہ سے مساجد میں صرف پانچ لوگوں کو ہی نماز پڑھنے کاحکم ہے، کیا اس حالت میں اپنے گھروں میں لوگوں کو  لے کر جمعہ کی نماز اداکرنے کا کیا حکم ہے؟ شرائط کے ساتھ بتایا جائے؟</p></p><h4 class=""question_heading"">جواب</h4><p><p style=""text-align:justify;"">عام حالات میں بلا عذر گھروں میں جمعہ کی نماز پڑھنا مکروہ ہے، البتہ اگر کسی علاقے میں مساجد میں جمعہ کے اجتماع پر پابندی ہے تو  وہاں کے صحت مند افراد کو چاہیے کہ وہ مساجد کے علاوہ کسی ایسی جگہ میں (خواہ گھر یا کوئی اور جگہ) جہاں چار یا چار سے زیادہ بالغ مرد   جمع ہوسکیں اور ان لوگوں کی طرف سے دیگر  لوگوں کی شرکت کی ممانعت نہ ہو، جمعہ قائم کرنے کی کوشش کریں، جس جگہ نمازِ جمعہ ادا کررہے ہوں وہاں کا دروازہ کھلا رکھیں؛ تاکہ اگر کوئی نماز میں شریک ہونا چاہے تو شریک ہوسکے۔</p><p style=""text-align:justify;"">باقی شہر، فنائے شہر یا قصبہ میں جمعہ کی نماز میں چوں کہ مسجد کا ہونا شرط نہیں ہے؛ لہٰذا امام کے علاوہ کم از کم تین بالغ مرد مقتدی ہوں تو  بھی جمعہ کی نماز صحیح ہوجائے گی؛ پس جمعہ کا وقت داخل ہونے کے بعد پہلی اذان دی جائے، پھر سنتیں ادا کی جائیں، پھر امام منبر یا کرسی وغیرہ پر بیٹھ جائے، اس کے سامنے دوسری اذان دی جائے، پھر امام کھڑے ہوکر دو خطبے پڑھ کر دو رکعت نمازِ جمعہ  پڑھا دے۔ عربی خطبہ اگر یاد نہ ہو تو  کوئی خطبہ دیکھ کر پڑھ لیا جائے، ورنہ عربی زبان میں حمد و صلاۃ اور قرآنِ پاک کی چند آیات پڑھ کر دونوں خطبے دے دیں۔</p><p style=""text-align:justify;"">مذکورہ شرائط کے ساتھ اگر جمعہ کی نماز گھر وغیرہ میں ادا کی جائے  تو جمعہ کی نماز ادا ہوجائے گی اور ایسے افرد کو  الگ سے ظہر پڑھنے کی ضرورت نہیں ہوگی۔ اور اگر شہر، فنائے شہر یا قصبہ میں اگر بالغ مرد چار کی تعداد میں جمع نہ ہوسکیں یا عربی میں خطبہ پڑھنے والا وہاں کوئی بھی نہ ہو (یعنی قرآنِ پاک کی آیات پڑھ کر بھی خطبہ نہ دے سکے) تو ظہر کی نماز جماعت کے بغیر انفرادی طور پر  پڑھ لیں۔  اور اگر چھوٹے گاؤں یا جنگل میں ہوں (یعنی جہاں جمعہ ادا نہیں کیا جاتا، وہاں) ظہر کی نماز باجماعت ادا کرلیں ۔</p><p style=""text-align:justify;""><span class=""ar_writing"">الدر المختار وحاشية ابن عابدين (رد المحتار) (2/ 151):<br/>
""(و) السادس: (الجماعة) وأقلها ثلاثة رجال (ولو غير الثلاثة الذين حضروا) الخطبة (سوى الإمام) بالنص لأنه لا بد من الذاكر وهو الخطيب وثلاثة سواه بنص - {فاسعوا إلى ذكر الله} [الجمعة: 9]-</span></p><p style=""text-align:justify;""><span class=""ar_writing"">واحترز بالرجال عن النساء والصبيان فإن الجمعة لا تصح بهم وحدهم لعدم صلاحيتهم للإمامة فيها بحال، بحر عن المحيط"".</span></p><p style=""text-align:justify;""><span class=""ar_writing"">الدر المختار وحاشية ابن عابدين (رد المحتار) (2/ 154):<br/>
""(وفاقدها) أي هذه الشروط أو بعضها (إن) اختار العزيمة و (صلاها وهو مكلف) بالغ عاقل (وقعت فرضا) عن الوقت لئلا يعود على موضوعه بالنقض وفي البحر هي أفضل إلا للمرأة.</span></p><p style=""text-align:justify;""><span class=""ar_writing"">(قوله: وفي البحر إلخ) أخذه في البحر من ظاهر قولهم: إن الظهر لهم رخصة فدل على أن الجمعة عزيمة، وهي أفضل إلا للمرأة لأن صلاتها في بيتها أفضل وأقره في النهر، ومقتضى التعليل أنه لو كان بيتها لصيق جدار المسجد بلا مانع من صحة الاقتداء تكون أفضل لها أيضًا"". فقط و الله أعلم</span></p></p><hr class=""big-hr""/><div class=""col-sm-6 col-md-6""><p class=""question_heading"" style=""color:#73161f"">فتوی نمبر : <a id=""fatwa_number"">144108200594</a></p></div><div class=""col-sm-6 col-md-6""><p style=""color:#73161f"">دارالافتاء :
                                جامعہ علوم اسلامیہ علامہ محمد یوسف بنوری ٹاؤن</p></div><hr class=""big-hr""/><div class=""col-sm-4 col-md-4""><div class=""tag""><a href=""https://www.banuri.edu.pk/questions/kitab/salat""><i class=""icon-docs-bold""></i> نماز</a></div></div><div class=""col-sm-4 col-md-4""><div class=""tag""><a href=""https://www.banuri.edu.pk/questions/bab/jumaa""><i class=""icon-docs-bold""></i> جمعہ کی نماز</a></div></div><div class=""col-sm-4 col-md-4""><div class=""tag""><a href=""https://www.banuri.edu.pk/questions/fasal/juma-o-eidayn""><i class=""icon-docs-bold""></i> جمعہ و عیدین</a></div></div></div>"
https://www.banuri.edu.pk/readquestion/namaz-me-munh-dhanpne-ka-hukum-144108200604/03-04-2020,نماز میں منہ ڈھانپنے کا حکم,"<p><p style=""text-align:justify;"">اگرنمازمیں منہ ڈھانپ لے تونمازہوگی یا نہیں؟</p></p>","<p><p style=""text-align:justify;"">فقہاءِ کرام نے عام حالات میں بلا عذر ناک اور منہ کسی کپڑے وغیرہ سے لپیٹ کر نماز پڑھنے کو مکروہِ تحریمی قرار دیا ہے، البتہ اگر کسی عذر کی وجہ سے نماز میں چہرہ کو ڈھانپا جائے یا ماسک پہنا جائے تو نماز بلا کراہت درست ہو گی؛ لہٰذا موجودہ وقت میں وائرس سے بچاؤ کی تدبیر کے طور پر احتیاطاً ماسک پہن کر نماز پڑھنے سے نماز بلاکراہت ادا ہوجائے گی۔</p><p style=""text-align:justify;""><span class=""ar_writing"">الدر المختار وحاشية ابن عابدين</span>   میں ہے:</p><p style=""text-align:justify;""><span class=""ar_writing"">""يكره اشتمال الصماء والاعتجار والتلثم والتنخم وكل عمل قليل بلا عذر"". ( ١ / ٦٥٢)</span></p><p style=""text-align:justify;"">الدر المختار میں ہے:</p><p style=""text-align:justify;""><span class=""ar_writing"">""(قوله: والتلثم) وهو تغطية الأنف والفم في الصلاة؛ لأنه يشبه فعل المجوس حال عبادتهم النيران، زيلعي. ونقل ط عن أبي السعود: أنها تحريمية"". ( ١ / ٦٥٢)</span></p><p style=""text-align:justify;""><span class=""ar_writing"">الأشباه و النظائر لابن نجيم </span> میں ہے:</p><p style=""text-align:justify;""><span class=""ar_writing"">""قَوَاعِدُ: الْأُولَى: الضَّرُورَاتُ تُبِيحُ الْمَحْظُورَاتِ"". ( ١ / ٧٣، ط: دار الكتب العلمية)</span></p><p style=""text-align:justify;""><span class=""ar_writing"">و فيه أيضًا:</span></p><p style=""text-align:justify;""><span class=""ar_writing"">""أَنَّ الْأَمْرَ إذَا ضَاقَ اتَّسَعَ، وَإِذَا اتَّسَعَ ضَاقَ"". ( ١ / ٧٢، ط: دار الكتب العلمية)</span></p><p style=""text-align:justify;""><span class=""ar_writing"">شرح القواعد الفقهية لأحمد الزرقا</span>  میں ہے:</p><p style=""text-align:justify;""><span class=""ar_writing"">(الْقَاعِدَة السَّابِعَة عشرَة (الْمَادَّة / 18):</span></p><p style=""text-align:justify;""><span class=""ar_writing"">""إِذا ضَاقَ الْأَمر اتَّسَع"" (أَولاً _ الشَّرْح) هَذَا فِي معنى الْمَادَّة / 21 /: الضرورات تبيح الْمَحْظُورَات، وَتَمام الْقَاعِدَة الْفِقْهِيَّة، كَمَا فِي ""مرْآة الْمجلة"": "" وَإِذا اتَّسع ضَاقَ"". وَكَانَ فِي معنى الشق الثَّانِي مِنْهَا أَنه إِذا دعت الضَّرُورَة وَالْمَشَقَّة إِلَى اتساع الْأَمر فَإِنَّهُ يَتَّسِع إِلَى غَايَة اندفاع الضَّرُورَة وَالْمَشَقَّة، فَإِذا اندفعت وزالت الضَّرُورَة الداعية عَاد الْأَمر إِلَى مَا كَانَ عَلَيْهِ قبل نُزُوله. وَيقرب مِنْهُ الْمَادَّة / 22 /: الضَّرُورَة تقدر بِقَدرِهَا"". ( ١ / ١٦٣، ط: دار القلم) فقط والله أعلم</span></p></p><hr class=""big-hr""/>",03-04-2020,144108200604,banuri.edu.pk,نماز,مکروہاتِ نماز,مکروہات نماز,"<div class=""col-md-12 sawal-jawab""><h3 class=""question_heading"">سوال</h3><p><p style=""text-align:justify;"">اگرنمازمیں منہ ڈھانپ لے تونمازہوگی یا نہیں؟</p></p><h4 class=""question_heading"">جواب</h4><p><p style=""text-align:justify;"">فقہاءِ کرام نے عام حالات میں بلا عذر ناک اور منہ کسی کپڑے وغیرہ سے لپیٹ کر نماز پڑھنے کو مکروہِ تحریمی قرار دیا ہے، البتہ اگر کسی عذر کی وجہ سے نماز میں چہرہ کو ڈھانپا جائے یا ماسک پہنا جائے تو نماز بلا کراہت درست ہو گی؛ لہٰذا موجودہ وقت میں وائرس سے بچاؤ کی تدبیر کے طور پر احتیاطاً ماسک پہن کر نماز پڑھنے سے نماز بلاکراہت ادا ہوجائے گی۔</p><p style=""text-align:justify;""><span class=""ar_writing"">الدر المختار وحاشية ابن عابدين</span>   میں ہے:</p><p style=""text-align:justify;""><span class=""ar_writing"">""يكره اشتمال الصماء والاعتجار والتلثم والتنخم وكل عمل قليل بلا عذر"". ( ١ / ٦٥٢)</span></p><p style=""text-align:justify;"">الدر المختار میں ہے:</p><p style=""text-align:justify;""><span class=""ar_writing"">""(قوله: والتلثم) وهو تغطية الأنف والفم في الصلاة؛ لأنه يشبه فعل المجوس حال عبادتهم النيران، زيلعي. ونقل ط عن أبي السعود: أنها تحريمية"". ( ١ / ٦٥٢)</span></p><p style=""text-align:justify;""><span class=""ar_writing"">الأشباه و النظائر لابن نجيم </span> میں ہے:</p><p style=""text-align:justify;""><span class=""ar_writing"">""قَوَاعِدُ: الْأُولَى: الضَّرُورَاتُ تُبِيحُ الْمَحْظُورَاتِ"". ( ١ / ٧٣، ط: دار الكتب العلمية)</span></p><p style=""text-align:justify;""><span class=""ar_writing"">و فيه أيضًا:</span></p><p style=""text-align:justify;""><span class=""ar_writing"">""أَنَّ الْأَمْرَ إذَا ضَاقَ اتَّسَعَ، وَإِذَا اتَّسَعَ ضَاقَ"". ( ١ / ٧٢، ط: دار الكتب العلمية)</span></p><p style=""text-align:justify;""><span class=""ar_writing"">شرح القواعد الفقهية لأحمد الزرقا</span>  میں ہے:</p><p style=""text-align:justify;""><span class=""ar_writing"">(الْقَاعِدَة السَّابِعَة عشرَة (الْمَادَّة / 18):</span></p><p style=""text-align:justify;""><span class=""ar_writing"">""إِذا ضَاقَ الْأَمر اتَّسَع"" (أَولاً _ الشَّرْح) هَذَا فِي معنى الْمَادَّة / 21 /: الضرورات تبيح الْمَحْظُورَات، وَتَمام الْقَاعِدَة الْفِقْهِيَّة، كَمَا فِي ""مرْآة الْمجلة"": "" وَإِذا اتَّسع ضَاقَ"". وَكَانَ فِي معنى الشق الثَّانِي مِنْهَا أَنه إِذا دعت الضَّرُورَة وَالْمَشَقَّة إِلَى اتساع الْأَمر فَإِنَّهُ يَتَّسِع إِلَى غَايَة اندفاع الضَّرُورَة وَالْمَشَقَّة، فَإِذا اندفعت وزالت الضَّرُورَة الداعية عَاد الْأَمر إِلَى مَا كَانَ عَلَيْهِ قبل نُزُوله. وَيقرب مِنْهُ الْمَادَّة / 22 /: الضَّرُورَة تقدر بِقَدرِهَا"". ( ١ / ١٦٣، ط: دار القلم) فقط والله أعلم</span></p></p><hr class=""big-hr""/><div class=""col-sm-6 col-md-6""><p class=""question_heading"" style=""color:#73161f"">فتوی نمبر : <a id=""fatwa_number"">144108200604</a></p></div><div class=""col-sm-6 col-md-6""><p style=""color:#73161f"">دارالافتاء :
                                جامعہ علوم اسلامیہ علامہ محمد یوسف بنوری ٹاؤن</p></div><hr class=""big-hr""/><div class=""col-sm-4 col-md-4""><div class=""tag""><a href=""https://www.banuri.edu.pk/questions/kitab/salat""><i class=""icon-docs-bold""></i> نماز</a></div></div><div class=""col-sm-4 col-md-4""><div class=""tag""><a href=""https://www.banuri.edu.pk/questions/bab/makrohat-e-namaz""><i class=""icon-docs-bold""></i> مکروہاتِ نماز</a></div></div><div class=""col-sm-4 col-md-4""><div class=""tag""><a href=""https://www.banuri.edu.pk/questions/fasal/makrohat-e-namaz""><i class=""icon-docs-bold""></i> مکروہات نماز</a></div></div></div>"
https://www.banuri.edu.pk/readquestion/fund-ka-mustahiq-kon-144108200607/03-04-2020,موجودہ لاک ڈاؤن میں حکومت کی جانب سے دیے جانے والے فنڈ کا حق دار کون؟,"<p><p style=""text-align:justify;"">آج کل پاکستان میں کرونا وائرس کی وبا پھیلی ہوئی ہے ،اس سلسلے میں حکومت نے غریب عوام کے لیے کچھ فنڈ مختص کیاہے اس فنڈ کے مستحقین کون ہیں اور سادات کےلیے لینا جائز ہے؟</p></p>","<p><p style=""text-align:justify;"">یہ فنڈ مخصوص لوگوں کے لیے   حکومتی امداد کی ایک صورت ہے،  مذکورہ فنڈ کے لیے حکومت کی جانب سے ازخود شرائط وضوابط طے کردیے گئے ہیں ،نیز حکومت نے تفصیلی طریقہ کار بھی وضع کیاہے۔جس کے مطابق ان شرائط پر پورا اترنے والا شخص  ہی اس فنڈ کا حق دار ٹھہرے گا۔حکومت کی پالیسی کے تحت اگر کوئی اس فنڈ کا حق دار نہ بنتا ہو تو اس کے لیے یہ پیسے لینا جائز نہیں ہیں۔<br/>
اگر یہ فنڈ زکوۃ کی رقم سے نہ ہوتو سادات کے لیے بھی  مذکورہ بالا تفصیل کے مطابق اس فنڈ کا لینا جائز ہے۔فقط واللہ اعلم</p></p><hr class=""big-hr""/>",03-04-2020,144108200607,banuri.edu.pk,معاملات,حقوق / استحقاق,مشترکہ حقوق اور اس کے احکام,"<div class=""col-md-12 sawal-jawab""><h3 class=""question_heading"">سوال</h3><p><p style=""text-align:justify;"">آج کل پاکستان میں کرونا وائرس کی وبا پھیلی ہوئی ہے ،اس سلسلے میں حکومت نے غریب عوام کے لیے کچھ فنڈ مختص کیاہے اس فنڈ کے مستحقین کون ہیں اور سادات کےلیے لینا جائز ہے؟</p></p><h4 class=""question_heading"">جواب</h4><p><p style=""text-align:justify;"">یہ فنڈ مخصوص لوگوں کے لیے   حکومتی امداد کی ایک صورت ہے،  مذکورہ فنڈ کے لیے حکومت کی جانب سے ازخود شرائط وضوابط طے کردیے گئے ہیں ،نیز حکومت نے تفصیلی طریقہ کار بھی وضع کیاہے۔جس کے مطابق ان شرائط پر پورا اترنے والا شخص  ہی اس فنڈ کا حق دار ٹھہرے گا۔حکومت کی پالیسی کے تحت اگر کوئی اس فنڈ کا حق دار نہ بنتا ہو تو اس کے لیے یہ پیسے لینا جائز نہیں ہیں۔<br/>
اگر یہ فنڈ زکوۃ کی رقم سے نہ ہوتو سادات کے لیے بھی  مذکورہ بالا تفصیل کے مطابق اس فنڈ کا لینا جائز ہے۔فقط واللہ اعلم</p></p><hr class=""big-hr""/><div class=""col-sm-6 col-md-6""><p class=""question_heading"" style=""color:#73161f"">فتوی نمبر : <a id=""fatwa_number"">144108200607</a></p></div><div class=""col-sm-6 col-md-6""><p style=""color:#73161f"">دارالافتاء :
                                جامعہ علوم اسلامیہ علامہ محمد یوسف بنوری ٹاؤن</p></div><hr class=""big-hr""/><div class=""col-sm-4 col-md-4""><div class=""tag""><a href=""https://www.banuri.edu.pk/questions/kitab/muamlat""><i class=""icon-docs-bold""></i> معاملات</a></div></div><div class=""col-sm-4 col-md-4""><div class=""tag""><a href=""https://www.banuri.edu.pk/questions/bab/huqooq-istihqaq""><i class=""icon-docs-bold""></i> حقوق / استحقاق</a></div></div><div class=""col-sm-4 col-md-4""><div class=""tag""><a href=""https://www.banuri.edu.pk/questions/fasal/mushtaraka-huqooq-or-us-kay-ahkam""><i class=""icon-docs-bold""></i> مشترکہ حقوق اور اس کے احکام</a></div></div></div>"
https://www.banuri.edu.pk/readquestion/ghar-main-jummay-ki-jamat-qaim-karnay-ki-sorat-main-ghar-main-jummay-ki-pahli-azan-dainay-ka-hukum-144108200570/03-04-2020,گھر میں جمعہ کی جماعت قائم کرنے کی صورت میں گھر میں جمعہ کی پہلی اذان دینے کا حکم,<p><p>پوچھنا یہ تھا کہ جیسے کہ آج کل کے حالات کی وجہ سے گھروں میں نماز جمعہ پڑھیں جارہی ہے اور مسجدوں میں بھی تین سے پانچ بندوں کی اجازت ہے جمعہ کی پہلی اذان مسجد میں دی جاتی ہے تو اس صورت میں جو لوگ گھر میں جمعہ پڑھ رہے ہے تو ان کے کیلئے اذان دینا ضروری ہے یا نہیں؟اگر کسی نے مسجد میں اذان کے بعد بھی گھر میں بھی اذان  دی تو اسکا کیا حکم ہے؟</p></p>,"<p><p style=""text-align:justify;"">عام حالات میں بلا عذر گھروں میں جمعہ کی نماز پڑھنا مکروہ ہے، البتہ اگر کسی علاقے میں مساجد میں جمعہ کے اجتماع پر پابندی ہے تو  وہاں کے صحت مند افراد کو چاہیے کہ وہ مساجد کے علاوہ کسی ایسی جگہ میں (خواہ گھر یا کوئی اور جگہ) جہاں چار یا چار سے زیادہ بالغ مرد   جمع ہوسکیں اور ان لوگوں کی طرف سے دیگر  لوگوں کی شرکت کی ممانعت نہ ہو، جمعہ قائم کرنے کی کوشش کریں، جس جگہ نمازِ جمعہ ادا کررہے ہوں وہاں کا دروازہ کھلا رکھیں؛ تاکہ اگر کوئی نماز میں شریک ہونا چاہے تو شریک ہوسکے۔</p><p style=""text-align:justify;"">باقی شہر، فنائے شہر یا قصبہ میں جمعہ کی نماز میں چوں کہ مسجد کا ہونا شرط نہیں ہے؛ لہٰذا امام کے علاوہ کم از کم تین بالغ مرد مقتدی ہوں تو  بھی جمعہ کی نماز صحیح ہوجائے گی؛ پس جمعہ کا وقت داخل ہونے کے بعد پہلی اذان دی جائے، پھر سنتیں ادا کی جائیں، پھر امام منبر یا کرسی وغیرہ پر بیٹھ جائے، اس کے سامنے دوسری اذان دی جائے، پھر امام کھڑے ہوکر دو خطبے پڑھ کر دو رکعت نمازِ جمعہ  پڑھا دے۔ عربی خطبہ اگر یاد نہ ہو تو  کوئی خطبہ دیکھ کر پڑھ لیا جائے، ورنہ عربی زبان میں حمد و صلاۃ اور قرآنِ پاک کی چند آیات پڑھ کر دونوں خطبے دے دیں۔</p><p style=""text-align:justify;"">جس جگہ جمعے کی نماز قائم کی جائے جمعے کی دونوں اذانیں وہاں دی جائیں گی، لہٰذا اگر گھر میں جمعے کی نماز ادا کرتے وقت پہلی اذان دی گئی ہے تو درست کیا۔</p><p style=""text-align:justify;"">شہر، فنائے شہر یا قصبہ میں اگر بالغ مرد چار کی تعداد میں جمع نہ ہوسکیں تو ظہر کی نماز جماعت کے بغیر انفرادی طور پر  پڑھ لیں۔</p><p style=""text-align:justify;""><span class=""ar_writing"">الدر المختار وحاشية ابن عابدين (رد المحتار) (1/ 395)<br/>
(بخلاف مصل) ولو بجماعة (في بيته بمصر) أو قرية لها مسجد؛ فلا يكره تركهما إذ أذان الحي يكفيه</span></p><p style=""text-align:justify;""><span class=""ar_writing"">(قوله: في بيته) أي فيما يتعلق بالبلد من الدار والكرم وغيرهما قهستاني. وفي التفاريق: وإن كان في كرم أو ضيعة يكتفي بأذان القرية أو البلدة إن كان قريبا وإلا فلا. وحد القرب أن يبلغ الأذان إليه منها اهـ إسماعيل. والظاهر أنه لا يشترط سماعه بالفعل، تأمل. .<br/>
(قوله: لها مسجد) أي فيه أذان وإقامة، وإلا فحكمه كالمسافر صدر الشريعة.<br/>
(قوله: إذ أذان الحي يكفيه) لأن أذان المحلة وإقامتها كأذانه وإقامته؛ لأن المؤذن نائب أهل المصر كلهم كما يشير إليه ابن مسعود حين صلى بعلقمة والأسود بغير أذان ولا إقامة، حيث قال: أذان الحي يكفينا، وممن رواه سبط ابن الجوزي فتح: أي فيكون قد صلى بهما حكما، بخلاف المسافر فإنه صلى بدونهما حقيقة وحكما؛ لأن المكان الذي هو فيه لم يؤذن فيه أصلا لتلك الصلاة كافي. وظاهره أنه يكفيه أذان الحي وإقامته وإن كانت صلاته فيه آخر الوقت تأمل، وقد علمت تصريح الكنز بندبه للمسافر وللمصلي في بيته في المصر، فالمقصود من كفاية أذان الحي نفي الكراهة المؤثمة. قال في البحر: ومفهومه أنه لو لم يؤذنوا في الحي يكره تركهما للمصلي في بيته، وبه صرح في المجتبى، وأنه لو أذن بعض المسافرين سقط عن الباقين كما لا يخفى.</span></p></p><hr class=""big-hr""/>",03-04-2020,144108200570,banuri.edu.pk,نماز,اذان,اذان و اقامت,"<div class=""col-md-12 sawal-jawab""><h3 class=""question_heading"">سوال</h3><p><p>پوچھنا یہ تھا کہ جیسے کہ آج کل کے حالات کی وجہ سے گھروں میں نماز جمعہ پڑھیں جارہی ہے اور مسجدوں میں بھی تین سے پانچ بندوں کی اجازت ہے جمعہ کی پہلی اذان مسجد میں دی جاتی ہے تو اس صورت میں جو لوگ گھر میں جمعہ پڑھ رہے ہے تو ان کے کیلئے اذان دینا ضروری ہے یا نہیں؟اگر کسی نے مسجد میں اذان کے بعد بھی گھر میں بھی اذان  دی تو اسکا کیا حکم ہے؟</p></p><h4 class=""question_heading"">جواب</h4><p><p style=""text-align:justify;"">عام حالات میں بلا عذر گھروں میں جمعہ کی نماز پڑھنا مکروہ ہے، البتہ اگر کسی علاقے میں مساجد میں جمعہ کے اجتماع پر پابندی ہے تو  وہاں کے صحت مند افراد کو چاہیے کہ وہ مساجد کے علاوہ کسی ایسی جگہ میں (خواہ گھر یا کوئی اور جگہ) جہاں چار یا چار سے زیادہ بالغ مرد   جمع ہوسکیں اور ان لوگوں کی طرف سے دیگر  لوگوں کی شرکت کی ممانعت نہ ہو، جمعہ قائم کرنے کی کوشش کریں، جس جگہ نمازِ جمعہ ادا کررہے ہوں وہاں کا دروازہ کھلا رکھیں؛ تاکہ اگر کوئی نماز میں شریک ہونا چاہے تو شریک ہوسکے۔</p><p style=""text-align:justify;"">باقی شہر، فنائے شہر یا قصبہ میں جمعہ کی نماز میں چوں کہ مسجد کا ہونا شرط نہیں ہے؛ لہٰذا امام کے علاوہ کم از کم تین بالغ مرد مقتدی ہوں تو  بھی جمعہ کی نماز صحیح ہوجائے گی؛ پس جمعہ کا وقت داخل ہونے کے بعد پہلی اذان دی جائے، پھر سنتیں ادا کی جائیں، پھر امام منبر یا کرسی وغیرہ پر بیٹھ جائے، اس کے سامنے دوسری اذان دی جائے، پھر امام کھڑے ہوکر دو خطبے پڑھ کر دو رکعت نمازِ جمعہ  پڑھا دے۔ عربی خطبہ اگر یاد نہ ہو تو  کوئی خطبہ دیکھ کر پڑھ لیا جائے، ورنہ عربی زبان میں حمد و صلاۃ اور قرآنِ پاک کی چند آیات پڑھ کر دونوں خطبے دے دیں۔</p><p style=""text-align:justify;"">جس جگہ جمعے کی نماز قائم کی جائے جمعے کی دونوں اذانیں وہاں دی جائیں گی، لہٰذا اگر گھر میں جمعے کی نماز ادا کرتے وقت پہلی اذان دی گئی ہے تو درست کیا۔</p><p style=""text-align:justify;"">شہر، فنائے شہر یا قصبہ میں اگر بالغ مرد چار کی تعداد میں جمع نہ ہوسکیں تو ظہر کی نماز جماعت کے بغیر انفرادی طور پر  پڑھ لیں۔</p><p style=""text-align:justify;""><span class=""ar_writing"">الدر المختار وحاشية ابن عابدين (رد المحتار) (1/ 395)<br/>
(بخلاف مصل) ولو بجماعة (في بيته بمصر) أو قرية لها مسجد؛ فلا يكره تركهما إذ أذان الحي يكفيه</span></p><p style=""text-align:justify;""><span class=""ar_writing"">(قوله: في بيته) أي فيما يتعلق بالبلد من الدار والكرم وغيرهما قهستاني. وفي التفاريق: وإن كان في كرم أو ضيعة يكتفي بأذان القرية أو البلدة إن كان قريبا وإلا فلا. وحد القرب أن يبلغ الأذان إليه منها اهـ إسماعيل. والظاهر أنه لا يشترط سماعه بالفعل، تأمل. .<br/>
(قوله: لها مسجد) أي فيه أذان وإقامة، وإلا فحكمه كالمسافر صدر الشريعة.<br/>
(قوله: إذ أذان الحي يكفيه) لأن أذان المحلة وإقامتها كأذانه وإقامته؛ لأن المؤذن نائب أهل المصر كلهم كما يشير إليه ابن مسعود حين صلى بعلقمة والأسود بغير أذان ولا إقامة، حيث قال: أذان الحي يكفينا، وممن رواه سبط ابن الجوزي فتح: أي فيكون قد صلى بهما حكما، بخلاف المسافر فإنه صلى بدونهما حقيقة وحكما؛ لأن المكان الذي هو فيه لم يؤذن فيه أصلا لتلك الصلاة كافي. وظاهره أنه يكفيه أذان الحي وإقامته وإن كانت صلاته فيه آخر الوقت تأمل، وقد علمت تصريح الكنز بندبه للمسافر وللمصلي في بيته في المصر، فالمقصود من كفاية أذان الحي نفي الكراهة المؤثمة. قال في البحر: ومفهومه أنه لو لم يؤذنوا في الحي يكره تركهما للمصلي في بيته، وبه صرح في المجتبى، وأنه لو أذن بعض المسافرين سقط عن الباقين كما لا يخفى.</span></p></p><hr class=""big-hr""/><div class=""col-sm-6 col-md-6""><p class=""question_heading"" style=""color:#73161f"">فتوی نمبر : <a id=""fatwa_number"">144108200570</a></p></div><div class=""col-sm-6 col-md-6""><p style=""color:#73161f"">دارالافتاء :
                                جامعہ علوم اسلامیہ علامہ محمد یوسف بنوری ٹاؤن</p></div><hr class=""big-hr""/><div class=""col-sm-4 col-md-4""><div class=""tag""><a href=""https://www.banuri.edu.pk/questions/kitab/salat""><i class=""icon-docs-bold""></i> نماز</a></div></div><div class=""col-sm-4 col-md-4""><div class=""tag""><a href=""https://www.banuri.edu.pk/questions/bab/azan""><i class=""icon-docs-bold""></i> اذان</a></div></div><div class=""col-sm-4 col-md-4""><div class=""tag""><a href=""https://www.banuri.edu.pk/questions/fasal/azan-o-iqamat""><i class=""icon-docs-bold""></i> اذان و اقامت</a></div></div></div>"
https://www.banuri.edu.pk/readquestion/ghar-main-jummay-ki-namaz-parhnay-ka-hukum-masjid-ka-khutba-ghar-main-qaim-kiay-janay-walay-jummay-kay-liay-bhi-kafi-hay-ya-nahi-144108200574/03-04-2020,گھر میں جمعہ کی جماعت کروانے کا حکم، مسجد کا خطبہ گھر میں قائم کیے جانے والے جمعہ کے لیے بھی کافی ہے یا نہیں؟,"<p><p style=""text-align:justify;"">گھر  میں جمعہ کی جماعت کروانا کیسا ہے؟ آیا اس کے لیے مسجد میں پڑھا جانے والا خطبہ کافی ہے یا علیحدہ گھر میں ہی خطبہ پڑھا جائے گا؟</p></p>","<p><p style=""text-align:justify;"">عام حالات میں بلا عذر گھروں میں جمعہ کی نماز پڑھنا مکروہ ہے، البتہ اگر کسی علاقے میں مساجد میں جمعہ کے اجتماع پر پابندی ہے تو  وہاں کے صحت مند افراد کو چاہیے کہ وہ مساجد کے علاوہ کسی ایسی جگہ میں (خواہ گھر یا کوئی اور جگہ) جہاں چار یا چار سے زیادہ بالغ مرد   جمع ہوسکیں اور ان لوگوں کی طرف سے دیگر  لوگوں کی شرکت کی ممانعت نہ ہو، جمعہ قائم کرنے کی کوشش کریں، جس جگہ نمازِ جمعہ ادا کررہے ہوں وہاں کا دروازہ کھلا رکھیں؛ تاکہ اگر کوئی نماز میں شریک ہونا چاہے تو شریک ہوسکے.</p><p style=""text-align:justify;"">باقی شہر، فنائے شہر یا قصبہ میں جمعہ کی نماز میں چوں کہ مسجد کا ہونا شرط نہیں ہے؛ لہٰذا امام کے علاوہ کم از کم تین بالغ مرد مقتدی ہوں تو  بھی جمعہ کی نماز صحیح ہوجائے گی؛ پس جمعہ کا وقت داخل ہونے کے بعد پہلی اذان دی جائے، پھر سنتیں ادا کی جائیں، پھر امام منبر یا کرسی وغیرہ پر بیٹھ جائے، اس کے سامنے دوسری اذان دی جائے، پھر امام کھڑے ہوکر دو خطبے پڑھ کر دو رکعت نمازِ جمعہ  پڑھا دے۔ عربی خطبہ اگر یاد نہ ہو تو  کوئی خطبہ دیکھ کر پڑھ لیا جائے، ورنہ عربی زبان میں حمد و صلاۃ اور قرآنِ پاک کی چند آیات پڑھ کر دونوں خطبے دے دیں۔ خلاصہ یہ ہے کہ اگر مسجد کے علاوہ کسی اور جگہ جمعہ کی نماز قائم کی جائے تو مسجد میں پڑھا جانے والا خطبہ اس کے لئے کافی نہیں ہوگا، بلکہ اس جگہ نماز سے پہلے مستقل خطبہ پڑھنا لازمی ہوگا۔</p><p style=""text-align:justify;"">شہر، فنائے شہر یا قصبہ میں اگر بالغ مرد چار کی تعداد میں جمع نہ ہوسکیں تو ظہر کی نماز جماعت کے بغیر انفرادی طور پر  پڑھ لیں۔</p><p style=""text-align:justify;"">فقط و الله أعلم</p></p><hr class=""big-hr""/>",03-04-2020,144108200574,banuri.edu.pk,نماز,جمعہ کی نماز,جمعہ و عیدین,"<div class=""col-md-12 sawal-jawab""><h3 class=""question_heading"">سوال</h3><p><p style=""text-align:justify;"">گھر  میں جمعہ کی جماعت کروانا کیسا ہے؟ آیا اس کے لیے مسجد میں پڑھا جانے والا خطبہ کافی ہے یا علیحدہ گھر میں ہی خطبہ پڑھا جائے گا؟</p></p><h4 class=""question_heading"">جواب</h4><p><p style=""text-align:justify;"">عام حالات میں بلا عذر گھروں میں جمعہ کی نماز پڑھنا مکروہ ہے، البتہ اگر کسی علاقے میں مساجد میں جمعہ کے اجتماع پر پابندی ہے تو  وہاں کے صحت مند افراد کو چاہیے کہ وہ مساجد کے علاوہ کسی ایسی جگہ میں (خواہ گھر یا کوئی اور جگہ) جہاں چار یا چار سے زیادہ بالغ مرد   جمع ہوسکیں اور ان لوگوں کی طرف سے دیگر  لوگوں کی شرکت کی ممانعت نہ ہو، جمعہ قائم کرنے کی کوشش کریں، جس جگہ نمازِ جمعہ ادا کررہے ہوں وہاں کا دروازہ کھلا رکھیں؛ تاکہ اگر کوئی نماز میں شریک ہونا چاہے تو شریک ہوسکے.</p><p style=""text-align:justify;"">باقی شہر، فنائے شہر یا قصبہ میں جمعہ کی نماز میں چوں کہ مسجد کا ہونا شرط نہیں ہے؛ لہٰذا امام کے علاوہ کم از کم تین بالغ مرد مقتدی ہوں تو  بھی جمعہ کی نماز صحیح ہوجائے گی؛ پس جمعہ کا وقت داخل ہونے کے بعد پہلی اذان دی جائے، پھر سنتیں ادا کی جائیں، پھر امام منبر یا کرسی وغیرہ پر بیٹھ جائے، اس کے سامنے دوسری اذان دی جائے، پھر امام کھڑے ہوکر دو خطبے پڑھ کر دو رکعت نمازِ جمعہ  پڑھا دے۔ عربی خطبہ اگر یاد نہ ہو تو  کوئی خطبہ دیکھ کر پڑھ لیا جائے، ورنہ عربی زبان میں حمد و صلاۃ اور قرآنِ پاک کی چند آیات پڑھ کر دونوں خطبے دے دیں۔ خلاصہ یہ ہے کہ اگر مسجد کے علاوہ کسی اور جگہ جمعہ کی نماز قائم کی جائے تو مسجد میں پڑھا جانے والا خطبہ اس کے لئے کافی نہیں ہوگا، بلکہ اس جگہ نماز سے پہلے مستقل خطبہ پڑھنا لازمی ہوگا۔</p><p style=""text-align:justify;"">شہر، فنائے شہر یا قصبہ میں اگر بالغ مرد چار کی تعداد میں جمع نہ ہوسکیں تو ظہر کی نماز جماعت کے بغیر انفرادی طور پر  پڑھ لیں۔</p><p style=""text-align:justify;"">فقط و الله أعلم</p></p><hr class=""big-hr""/><div class=""col-sm-6 col-md-6""><p class=""question_heading"" style=""color:#73161f"">فتوی نمبر : <a id=""fatwa_number"">144108200574</a></p></div><div class=""col-sm-6 col-md-6""><p style=""color:#73161f"">دارالافتاء :
                                جامعہ علوم اسلامیہ علامہ محمد یوسف بنوری ٹاؤن</p></div><hr class=""big-hr""/><div class=""col-sm-4 col-md-4""><div class=""tag""><a href=""https://www.banuri.edu.pk/questions/kitab/salat""><i class=""icon-docs-bold""></i> نماز</a></div></div><div class=""col-sm-4 col-md-4""><div class=""tag""><a href=""https://www.banuri.edu.pk/questions/bab/jumaa""><i class=""icon-docs-bold""></i> جمعہ کی نماز</a></div></div><div class=""col-sm-4 col-md-4""><div class=""tag""><a href=""https://www.banuri.edu.pk/questions/fasal/juma-o-eidayn""><i class=""icon-docs-bold""></i> جمعہ و عیدین</a></div></div></div>"
https://www.banuri.edu.pk/readquestion/wakeel-ka-nafli-sadqa-khud-istemal-karna-144108200667/04-04-2020,وکیل کا نفلی صدقہ خود استعمال کرنا,"<p><p style=""text-align:justify;"">کیا نفلی صدقہ وکیل خود استعما ل کر سکتا ہے؟</p></p>","<p><p style=""text-align:justify;"">وکیل اپنی ذمہ داری کی ادائیگی میں شریعت، عرف اور موکل کے احکامات کا پابند ہوتا ہے،  اگر  موکل نے وکیل کو کسی کوصدقہ دینے کے لیے رقم دی ہو تو وکیل خود اس کو اپنے ذاتی استعمال میں نہیں لاسکتا،  البتہ اگر موکل نے وکیل کو اس کی اجازت دی ہو کہ اسے آپ خود بھی استعمال کرسکتے ہو  یا اسے مکمل اختیار دیاہو کہ ” آپ اسے جہاں چاہیں خرچ کردیں“  تو اس صورت میں موکل کی منشا  کے مطابق وکیل اسے خود بھی استعمال کرسکتا ہے۔</p><p style=""margin-left:9pt;margin-right:10.3pt;text-align:justify;""><strong>فتاوی شامی میں ہے:</strong></p><p style=""margin-left:63pt;margin-right:80.3pt;text-align:justify;""><span class=""ar_writing"">""ولو خلط زكاة موكليه ضمن وكان متبرعًا إلا إذا وكله الفقراء وللوكيل أن يدفع لولده الفقير وزوجته لا لنفسه إلا إذا قال: ربها ضعها حيث شئت.</span></p><p style=""margin-left:63pt;margin-right:80.3pt;text-align:justify;""><span class=""ar_writing"">(قوله: إذا وكله الفقراء)؛ لأنه كلما قبض شيئًا ملكوه وصار خالطًا مالهم بعضه ببعض ووقع زكاة عن الدافع"". </span>(2/ 269، کتاب الزکوٰۃ، ط: سعید)</p><p style=""margin-left:9pt;margin-right:10.3pt;text-align:justify;""><strong>الموسوعہ الفقہیہ   میں ہے:</strong></p><p style=""margin-left:63pt;margin-right:80.3pt;text-align:justify;""><span class=""ar_writing"">""الوكيل أثناء قيامه بتنفيذ الوكالة مقيد بما يقضي به الشرع من عدم الإضرار بالموكل؛ لقول رسول الله صلى الله عليه وسلم: لا ضرر ولا ضرار، ومقيد بما يأمره به موكله، كما أنه مقيد بما يقضي به العرف إذا كانت الوكالة مطلقة عن القيود، فإذا خالف كان متعديًا ووجب الضمان"". (45/ 87،  الوکالۃ ، ضمان الوكيل ما تحت يده من أموال، ط: طبع الوزارة)</span>  فقط واللہ اعلم</p></p><hr class=""big-hr""/>",04-04-2020,144108200667,banuri.edu.pk,زکات,زکوٰۃ / صدقات,نفلی صدقات,"<div class=""col-md-12 sawal-jawab""><h3 class=""question_heading"">سوال</h3><p><p style=""text-align:justify;"">کیا نفلی صدقہ وکیل خود استعما ل کر سکتا ہے؟</p></p><h4 class=""question_heading"">جواب</h4><p><p style=""text-align:justify;"">وکیل اپنی ذمہ داری کی ادائیگی میں شریعت، عرف اور موکل کے احکامات کا پابند ہوتا ہے،  اگر  موکل نے وکیل کو کسی کوصدقہ دینے کے لیے رقم دی ہو تو وکیل خود اس کو اپنے ذاتی استعمال میں نہیں لاسکتا،  البتہ اگر موکل نے وکیل کو اس کی اجازت دی ہو کہ اسے آپ خود بھی استعمال کرسکتے ہو  یا اسے مکمل اختیار دیاہو کہ ” آپ اسے جہاں چاہیں خرچ کردیں“  تو اس صورت میں موکل کی منشا  کے مطابق وکیل اسے خود بھی استعمال کرسکتا ہے۔</p><p style=""margin-left:9pt;margin-right:10.3pt;text-align:justify;""><strong>فتاوی شامی میں ہے:</strong></p><p style=""margin-left:63pt;margin-right:80.3pt;text-align:justify;""><span class=""ar_writing"">""ولو خلط زكاة موكليه ضمن وكان متبرعًا إلا إذا وكله الفقراء وللوكيل أن يدفع لولده الفقير وزوجته لا لنفسه إلا إذا قال: ربها ضعها حيث شئت.</span></p><p style=""margin-left:63pt;margin-right:80.3pt;text-align:justify;""><span class=""ar_writing"">(قوله: إذا وكله الفقراء)؛ لأنه كلما قبض شيئًا ملكوه وصار خالطًا مالهم بعضه ببعض ووقع زكاة عن الدافع"". </span>(2/ 269، کتاب الزکوٰۃ، ط: سعید)</p><p style=""margin-left:9pt;margin-right:10.3pt;text-align:justify;""><strong>الموسوعہ الفقہیہ   میں ہے:</strong></p><p style=""margin-left:63pt;margin-right:80.3pt;text-align:justify;""><span class=""ar_writing"">""الوكيل أثناء قيامه بتنفيذ الوكالة مقيد بما يقضي به الشرع من عدم الإضرار بالموكل؛ لقول رسول الله صلى الله عليه وسلم: لا ضرر ولا ضرار، ومقيد بما يأمره به موكله، كما أنه مقيد بما يقضي به العرف إذا كانت الوكالة مطلقة عن القيود، فإذا خالف كان متعديًا ووجب الضمان"". (45/ 87،  الوکالۃ ، ضمان الوكيل ما تحت يده من أموال، ط: طبع الوزارة)</span>  فقط واللہ اعلم</p></p><hr class=""big-hr""/><div class=""col-sm-6 col-md-6""><p class=""question_heading"" style=""color:#73161f"">فتوی نمبر : <a id=""fatwa_number"">144108200667</a></p></div><div class=""col-sm-6 col-md-6""><p style=""color:#73161f"">دارالافتاء :
                                جامعہ علوم اسلامیہ علامہ محمد یوسف بنوری ٹاؤن</p></div><hr class=""big-hr""/><div class=""col-sm-4 col-md-4""><div class=""tag""><a href=""https://www.banuri.edu.pk/questions/kitab/zakat""><i class=""icon-docs-bold""></i> زکات</a></div></div><div class=""col-sm-4 col-md-4""><div class=""tag""><a href=""https://www.banuri.edu.pk/questions/bab/zakat-sadaqat""><i class=""icon-docs-bold""></i> زکوٰۃ / صدقات</a></div></div><div class=""col-sm-4 col-md-4""><div class=""tag""><a href=""https://www.banuri.edu.pk/questions/fasal/nafli-sadaqat""><i class=""icon-docs-bold""></i> نفلی صدقات</a></div></div></div>"
https://www.banuri.edu.pk/readquestion/shab-e-barat-main-halwa-banana-144108200647/04-04-2020,شب براءت میں حلوہ بنانا,"<p><p style=""text-align:justify;"">کیا شبِ براء ت کے دن حلوہ بنانا جائز ہے ؟</p></p>","<p><p style=""text-align:justify;"">شبِ براءت  یا پندرہ شعبان کے دن میں خاص طور پر کھانے پینے کی اشیاء بنانا اور  تقسیم کرنا چوں کہ ثابت نہیں؛ اس لیے اس کا اہتمام اور التزام کرنا (ثواب کا باعث سمجھنا، اور نہ کرنے والوں کو اچھا نہ سمجھنا) بدعت ہے۔ اگر مقصود مرحومین  کوایصالِ ثواب کرناہوتو اس کے لیے کسی مہینے یا دن کا انتظارنہیں کرناچاہیے، بلکہ کسی بھی دن جو میسر ہو صدقہ کرکے اس کا ثواب بخش دیاجائے۔</p><p style=""text-align:justify;"">اگر شبِ براءت سے قطع نظر  اپنے گھر میں کھانے کے لیے کوئی حلوہ بنائے تو یہ منع نہیں ہے۔فقط واللہ اعلم</p></p><hr class=""big-hr""/>",04-04-2020,144108200647,banuri.edu.pk,ایمان و عقائد,بدعات اور رسوم,بدعت اور اس کی اقسام,"<div class=""col-md-12 sawal-jawab""><h3 class=""question_heading"">سوال</h3><p><p style=""text-align:justify;"">کیا شبِ براء ت کے دن حلوہ بنانا جائز ہے ؟</p></p><h4 class=""question_heading"">جواب</h4><p><p style=""text-align:justify;"">شبِ براءت  یا پندرہ شعبان کے دن میں خاص طور پر کھانے پینے کی اشیاء بنانا اور  تقسیم کرنا چوں کہ ثابت نہیں؛ اس لیے اس کا اہتمام اور التزام کرنا (ثواب کا باعث سمجھنا، اور نہ کرنے والوں کو اچھا نہ سمجھنا) بدعت ہے۔ اگر مقصود مرحومین  کوایصالِ ثواب کرناہوتو اس کے لیے کسی مہینے یا دن کا انتظارنہیں کرناچاہیے، بلکہ کسی بھی دن جو میسر ہو صدقہ کرکے اس کا ثواب بخش دیاجائے۔</p><p style=""text-align:justify;"">اگر شبِ براءت سے قطع نظر  اپنے گھر میں کھانے کے لیے کوئی حلوہ بنائے تو یہ منع نہیں ہے۔فقط واللہ اعلم</p></p><hr class=""big-hr""/><div class=""col-sm-6 col-md-6""><p class=""question_heading"" style=""color:#73161f"">فتوی نمبر : <a id=""fatwa_number"">144108200647</a></p></div><div class=""col-sm-6 col-md-6""><p style=""color:#73161f"">دارالافتاء :
                                جامعہ علوم اسلامیہ علامہ محمد یوسف بنوری ٹاؤن</p></div><hr class=""big-hr""/><div class=""col-sm-4 col-md-4""><div class=""tag""><a href=""https://www.banuri.edu.pk/questions/kitab/aqaed""><i class=""icon-docs-bold""></i> ایمان و عقائد</a></div></div><div class=""col-sm-4 col-md-4""><div class=""tag""><a href=""https://www.banuri.edu.pk/questions/bab/bidaat-rasoomat""><i class=""icon-docs-bold""></i> بدعات اور رسوم</a></div></div><div class=""col-sm-4 col-md-4""><div class=""tag""><a href=""https://www.banuri.edu.pk/questions/fasal/bidaat-aur-us-ki-aqsaam""><i class=""icon-docs-bold""></i> بدعت اور اس کی اقسام</a></div></div></div>"
https://www.banuri.edu.pk/readquestion/pandra-shaban-ki-rat-qabristan-jana-144108200648/04-04-2020,پندرہ شعبان کی رات قبرستان جانا,"<p><p style=""text-align:justify;"">کیا 15 شعبان کو قبرستان جانا چاہیے؟</p></p>","<p><p style=""text-align:justify;"">پندرہ شعبان کی رات میں قبر کی زیارت، آخرت کی یاد اور مرحومین کے لیے دعائے مغفرت اور ایصالِ ثواب کے مقصد سے قبرستان جانے کی فی نفسہ ممانعت نہیں ہے، نبی کریم صلی اللہ علیہ وسلم کی حیاتِ مبارکہ میں صرف ایک مرتبہ اس شب میں قبرستان جانا ثابت ہے، اس لیے اگر کوئی شخص زندگی میں صرف ایک مرتبہ بھی اتباعِ سنت کی نیت سے اس رات میں قبرستان چلا جائے تو اتباعِ سنت کا ثواب حاصل ہوگا، لیکن  ہر سال اسے سنت سمجھ کر اس کا التزام کرنا درست نہیں ہے، اور آج کل چوں کہ اس میں بہت سی خرافات جمع ہوگئی ہیں مثلاً لوگ اجتماعی حیثیت میں جاتے ہیں، عورتیں اور بچے بھی ساتھ ہوتے ہیں، قبروں پر چراغاں کیا جاتا ہے اور شہرِ خموشاں میں میلے ٹھیلے کا سماں ہوتا ہے جس سے زیارتِ قبور کا مقصد بھی حاصل نہیں ہوتا اور قیمتی رات قبرستان آنے جانے میں گزر جاتی ہے؛ اس لیے اجتناب لازم ہے۔ فقط واللہ اعلم</p></p><hr class=""big-hr""/>",04-04-2020,144108200648,banuri.edu.pk,ایمان و عقائد,بدعات اور رسوم,بدعت اور اس کی اقسام,"<div class=""col-md-12 sawal-jawab""><h3 class=""question_heading"">سوال</h3><p><p style=""text-align:justify;"">کیا 15 شعبان کو قبرستان جانا چاہیے؟</p></p><h4 class=""question_heading"">جواب</h4><p><p style=""text-align:justify;"">پندرہ شعبان کی رات میں قبر کی زیارت، آخرت کی یاد اور مرحومین کے لیے دعائے مغفرت اور ایصالِ ثواب کے مقصد سے قبرستان جانے کی فی نفسہ ممانعت نہیں ہے، نبی کریم صلی اللہ علیہ وسلم کی حیاتِ مبارکہ میں صرف ایک مرتبہ اس شب میں قبرستان جانا ثابت ہے، اس لیے اگر کوئی شخص زندگی میں صرف ایک مرتبہ بھی اتباعِ سنت کی نیت سے اس رات میں قبرستان چلا جائے تو اتباعِ سنت کا ثواب حاصل ہوگا، لیکن  ہر سال اسے سنت سمجھ کر اس کا التزام کرنا درست نہیں ہے، اور آج کل چوں کہ اس میں بہت سی خرافات جمع ہوگئی ہیں مثلاً لوگ اجتماعی حیثیت میں جاتے ہیں، عورتیں اور بچے بھی ساتھ ہوتے ہیں، قبروں پر چراغاں کیا جاتا ہے اور شہرِ خموشاں میں میلے ٹھیلے کا سماں ہوتا ہے جس سے زیارتِ قبور کا مقصد بھی حاصل نہیں ہوتا اور قیمتی رات قبرستان آنے جانے میں گزر جاتی ہے؛ اس لیے اجتناب لازم ہے۔ فقط واللہ اعلم</p></p><hr class=""big-hr""/><div class=""col-sm-6 col-md-6""><p class=""question_heading"" style=""color:#73161f"">فتوی نمبر : <a id=""fatwa_number"">144108200648</a></p></div><div class=""col-sm-6 col-md-6""><p style=""color:#73161f"">دارالافتاء :
                                جامعہ علوم اسلامیہ علامہ محمد یوسف بنوری ٹاؤن</p></div><hr class=""big-hr""/><div class=""col-sm-4 col-md-4""><div class=""tag""><a href=""https://www.banuri.edu.pk/questions/kitab/aqaed""><i class=""icon-docs-bold""></i> ایمان و عقائد</a></div></div><div class=""col-sm-4 col-md-4""><div class=""tag""><a href=""https://www.banuri.edu.pk/questions/bab/bidaat-rasoomat""><i class=""icon-docs-bold""></i> بدعات اور رسوم</a></div></div><div class=""col-sm-4 col-md-4""><div class=""tag""><a href=""https://www.banuri.edu.pk/questions/fasal/bidaat-aur-us-ki-aqsaam""><i class=""icon-docs-bold""></i> بدعت اور اس کی اقسام</a></div></div></div>"
https://www.banuri.edu.pk/readquestion/larki-ka-name-injeel-rakhna-144108200555/03-04-2020,لڑکی کا نام انجیل رکھنا,"<p><p style=""text-align:justify;""> کیاکسی بچی کا نام سابقہ آسمانی کتاب انجیل کے نام پہ ’’انجیل‘‘  رکھا جا سکتا ہے؟</p></p>","<p><p style=""text-align:justify;"">’’انجیل‘‘: حضرت عیسی علیہ السلام پر نازل شدہ کتابِ الہی ہے، ج: اناجیل (مع)، ’’انجیل‘‘:  یونانی لفظ ہے، جس کے معنی خوش خبری کے ہیں۔  (القاموس الوحید ، حرف الھمزہ، ص:137، ط: ادارہ اسلامیات)</p><p style=""text-align:justify;"">لفظی اعتبار سے اگرچہ اس کا معنی درست ہے، لیکن یہ سابقہ آسمانی کتاب کا نام ہے، انسانوں کے ناموں کے لیے یہ لفظ  مستعمل نہیں ہے، نیز مسلمانوں میں اس نام رکھنے کا رواج بھی نہیں رہا ہے، اس لیے ایسے نام سے اجتناب کرنا چاہیے، اس کے بجائے بچی کا نام صحابیات، نیک مسلمان خواتین  یا اچھے بامعنی عربی  ناموں پر رکھ لیا جائے۔</p><p style=""text-align:justify;""><span class=""ar_writing"">""وفي الفتاوى: التسمية باسم لم يذكره الله تعالى في عباده ولا ذكره رسول الله صلى الله عليه وسلم ولا استعمله المسلمون تكلموا فيه، والأولى أن لايفعل، كذا في المحيط"".</span> (فتاوی عالمگیری 5/362 ) فقط واللہ اعلم</p></p><hr class=""big-hr""/>",03-04-2020,144108200555,banuri.edu.pk,حقوق و آدابِ معاشرت,حقوق,اولاد کے حقوق,"<div class=""col-md-12 sawal-jawab""><h3 class=""question_heading"">سوال</h3><p><p style=""text-align:justify;""> کیاکسی بچی کا نام سابقہ آسمانی کتاب انجیل کے نام پہ ’’انجیل‘‘  رکھا جا سکتا ہے؟</p></p><h4 class=""question_heading"">جواب</h4><p><p style=""text-align:justify;"">’’انجیل‘‘: حضرت عیسی علیہ السلام پر نازل شدہ کتابِ الہی ہے، ج: اناجیل (مع)، ’’انجیل‘‘:  یونانی لفظ ہے، جس کے معنی خوش خبری کے ہیں۔  (القاموس الوحید ، حرف الھمزہ، ص:137، ط: ادارہ اسلامیات)</p><p style=""text-align:justify;"">لفظی اعتبار سے اگرچہ اس کا معنی درست ہے، لیکن یہ سابقہ آسمانی کتاب کا نام ہے، انسانوں کے ناموں کے لیے یہ لفظ  مستعمل نہیں ہے، نیز مسلمانوں میں اس نام رکھنے کا رواج بھی نہیں رہا ہے، اس لیے ایسے نام سے اجتناب کرنا چاہیے، اس کے بجائے بچی کا نام صحابیات، نیک مسلمان خواتین  یا اچھے بامعنی عربی  ناموں پر رکھ لیا جائے۔</p><p style=""text-align:justify;""><span class=""ar_writing"">""وفي الفتاوى: التسمية باسم لم يذكره الله تعالى في عباده ولا ذكره رسول الله صلى الله عليه وسلم ولا استعمله المسلمون تكلموا فيه، والأولى أن لايفعل، كذا في المحيط"".</span> (فتاوی عالمگیری 5/362 ) فقط واللہ اعلم</p></p><hr class=""big-hr""/><div class=""col-sm-6 col-md-6""><p class=""question_heading"" style=""color:#73161f"">فتوی نمبر : <a id=""fatwa_number"">144108200555</a></p></div><div class=""col-sm-6 col-md-6""><p style=""color:#73161f"">دارالافتاء :
                                جامعہ علوم اسلامیہ علامہ محمد یوسف بنوری ٹاؤن</p></div><hr class=""big-hr""/><div class=""col-sm-4 col-md-4""><div class=""tag""><a href=""https://www.banuri.edu.pk/questions/kitab/huqooq-muashret""><i class=""icon-docs-bold""></i> حقوق و آدابِ معاشرت</a></div></div><div class=""col-sm-4 col-md-4""><div class=""tag""><a href=""https://www.banuri.edu.pk/questions/bab/bahmi-huqooq""><i class=""icon-docs-bold""></i> حقوق</a></div></div><div class=""col-sm-4 col-md-4""><div class=""tag""><a href=""https://www.banuri.edu.pk/questions/fasal/olad-ky-hoqoq""><i class=""icon-docs-bold""></i> اولاد کے حقوق</a></div></div></div>"
https://www.banuri.edu.pk/readquestion/7721fc37a5c17a0ae6e417a19d4d7b16-144108200561/03-04-2020,جمعہ کی شرائط پوری نہیں تو جمعہ کا کیا حکم ہے؟,"<p><p style=""text-align:justify;"">ایک مسجد میں تقریباً چالیس سال تک باجماعت نمازِ جمعہ، عیدین پڑھتے رہے، پھر  جنگ کی وجہ سے حالات خراب ہوئے، اور پورا علاقہ ویران ہوگیا، مسجد میں 20 سال تک کوئی نماز نہیں پڑھی گئی، لیکن 2 مہینہ پہلے مسجد میں اذان کا سلسہ شروع ہوا آبادی نہ ہونے کی وجہ سے کبھی کبھی کوئی نماز باجماعت پڑھی جاتی ہے ور نہ نہیں، اب کورونا وائرس کی وجہ سے حکومت نے جمعہ کی نماز پر پابندی عائد کردی، اس مسجد میں مسجد کے ذمہ داران نے نمازِ جمعہ پڑھی  تو  کیا اب اس مسجد میں نمازِ جمعہ مستقل پڑھنی چاہیے یا چھوڑدینا چاہیے؛  کیوں کہ کوئی آبادی نہیں ہے، لیکن جمعہ کے  لیے 8سے 10 لوگ ہوسکتے ہیں؟</p></p>","<hr class=""big-hr""/>",03-04-2020,144108200561,banuri.edu.pk,نماز,جمعہ کی نماز,جمعہ و عیدین,"<div class=""col-md-12 sawal-jawab""><h3 class=""question_heading"">سوال</h3><p><p style=""text-align:justify;"">ایک مسجد میں تقریباً چالیس سال تک باجماعت نمازِ جمعہ، عیدین پڑھتے رہے، پھر  جنگ کی وجہ سے حالات خراب ہوئے، اور پورا علاقہ ویران ہوگیا، مسجد میں 20 سال تک کوئی نماز نہیں پڑھی گئی، لیکن 2 مہینہ پہلے مسجد میں اذان کا سلسہ شروع ہوا آبادی نہ ہونے کی وجہ سے کبھی کبھی کوئی نماز باجماعت پڑھی جاتی ہے ور نہ نہیں، اب کورونا وائرس کی وجہ سے حکومت نے جمعہ کی نماز پر پابندی عائد کردی، اس مسجد میں مسجد کے ذمہ داران نے نمازِ جمعہ پڑھی  تو  کیا اب اس مسجد میں نمازِ جمعہ مستقل پڑھنی چاہیے یا چھوڑدینا چاہیے؛  کیوں کہ کوئی آبادی نہیں ہے، لیکن جمعہ کے  لیے 8سے 10 لوگ ہوسکتے ہیں؟</p></p><h4 class=""question_heading"">جواب</h4><p><p style=""text-align:justify;"">جمعہ و عیدین کی جماعت کے جائزہونےکی شرائط میں سےشہر، فنائے شہر یا ایسے بڑےقصبے کا ہونا ضروری ہے، جہاں تمام ضروریاتِ  زندگی بآسانی دست یاب ہوں، ہسپتال، ڈاکخانہ، تھانہ وغیرہ کا انتظام ہو اور اتنی بڑی آبادی ہو جسے قصبہ کی آبادی کہا جاسکے، چناں چہ جس گاؤں میں مذکورہ شرائط نہ پائیں جاتی ہوں، وہاں نمازِ جمعہ و عیدین کی جماعت قائم کرنا جائز نہیں ہے، ایسے گاؤں میں جمعہ کےدن ظہر کی نماز پڑھی جائے گی، لہذا مذکورہ مسجد جس جگہ واقع ہے، جب وہاں جمعہ کی شرائط  نہیں پائی جاتیں اور بیس سال سے جمعہ موقوف ہے، اب وہاں جمعہ ادا کرنا جائز نہیں ہوگا۔</p><p style=""text-align:justify;""><span class=""ar_writing"">الدر المختار وحاشية ابن عابدين (رد المحتار) (2/ 137):</span></p><p style=""text-align:justify;""><span class=""ar_writing"">""(ويشترط لصحتها) سبعة أشياء:الأول: (المصر وهو ما لا يسع أكبر مساجده أهله المكلفين بها) وعليه فتوى أكثر الفقهاء مجتبى لظهور التواني في الأحكام وظاهر المذهب أنه كل موضع له أمير وقاض قدر على إقامة الحدود كما حررناه فيما علقناه على الملتقى. وفي القهستاني: إذن الحاكم ببناء الجامع في الرستاق إذن بالجمعة اتفاقًا على ما قاله السرخسي وإذا اتصل به الحكم صار مجمعًا عليه فليحفظ.</span></p><p style=""text-align:justify;""><span class=""ar_writing""> (قوله: ويشترط إلخ) قال في النهر: ولها شرائط وجوبا وأداء منها: ما هو في المصلى. ومنها ما هو في غيره والفرق أن الأداء لايصح بانتفاء شروطه ويصح بانتفاء شروط الوجوب ونظمها بعضهم فقال:</span></p><p style=""text-align:justify;""><span class=""ar_writing"">وحر صحيح بالبلوغ مذكر ... مقيم وذو عقل لشرط وجوبها</span></p><p style=""text-align:justify;""><span class=""ar_writing"">ومصر وسلطان ووقت وخطبة ... وإذن كذا جمع لشرط أدائها</span></p><p style=""text-align:justify;""><span class=""ar_writing"">ط عن أبي السعود (قوله: ما لايسع إلخ) هذا يصدق على كثير من القرى ط (قوله: المكلفين بها) احترز به عن أصحاب الأعذار مثل النساء والصبيان والمسافرين ط عن القهستاني (قوله: وعليه فتوى أكثر الفقهاء إلخ) وقال أبو شجاع: هذا أحسن ما قيل فيه. وفي الولوالجية وهو صحيح بحر، وعليه مشى في الوقاية ومتن المختار وشرحه وقدمه في متن الدرر على القول الآخر وظاهره ترجيحه وأيده صدر الشريعة بقوله: لظهور التواني في أحكام الشرع سيما في إقامة الحدود في الأمصار (قوله: وظاهر المذهب إلخ) قال في شرح المنية: والحد الصحيح ما اختاره صاحب الهداية أنه الذي له أمير وقاض ينفذ الأحكام ويقيم الحدود، وتزييف صدر الشريعة له عند اعتذاره عن صاحب الوقاية حيث اختار الحد المتقدم بظهور التواني في الأحكام مزيف بأن المراد القدرة على إقامتها على ما صرح به في التحفة عن أبي حنيفة أنه بلدة كبيرة فيها سكك وأسواق ولها رساتيق وفيها وال يقدر على إنصاف المظلوم من الظالم بحشمته وعلمه أو علم غيره يرجع الناس إليه فيما يقع من الحوادث وهذا هو الأصح اهـإلا أن صاحب الهداية ترك ذكر السكك والرساتيق لأن الغالب أن الأمير والقاضي الذي شأنه القدرة على تنفيذ الأحكام وإقامة الحدود لا يكون إلا في بلد كذلك. اهـ. (قوله: له أمير وقاض) أي مقيمان فالاعتبار بقاض يأتي أحياناً يسمى قاضي الناحية ولم يذكر المفتي اكتفاء بذكر القاضي لأن القضاء في الصدر الأول كان وظيفة المجتهدين حتى لو لم يكن الوالي والقاضي مفتيا اشترط المفتي كما في الخلاصة. وفي تصحيح القدوري: أنه يكتفى بالقاضي عن الأمير شرح الملتقى. قال الشيخ إسماعيل: ثم المراد من الأمير من يحرس الناس ويمنع المفسدين ويقوي أحكام الشرع، كذا في الرقائق. وحاصله أن يقدر على إنصاف المظلوم من الظالم كما فسره به في العناية. اهـ. (قوله: يقدر إلخ) أفرد الضمير تبعاً للهداية لعوده على القاضي لأن ذلك وظيفته بخلاف الأمير لما مر، وفي التعبير بيقدر رد على صدر الشريعة كما علمته. وفي شرح الشيخ إسماعيل عن الدهلوي ليس المراد تنفيذ جميع الأحكام بالفعل؛ إذ الجمعة أقيمت في عهد أظلم الناس وهو الحجاج وإنه ما كان ينفذ جميع الأحكام، بل المراد - والله أعلم - اقتداره على ذلك اهـونقل مثله في حاشية أبي السعود عن رسالة العلامة نوح أفندي.أقول: ويؤيده أنه لو كان الإخلال بتنفيذ بعض الأحكام مخلاً بكون البلد مصراً على هذا القول الذي هو ظاهر الرواية لزم أن لا تصح جمعة في بلدة من بلاد الإسلام في هذا الزمان بل فيما قبله من أزمان فتعين كون المراد الاقتدار على تنفيذ الأحكام، ولكن ينبغي إرادة أكثرهما وإلا فقد يتعذر على الحاكم الاقتدار على تنفيذ بعضها لمنع ممن ولاه وكما يقع في أيام الفتنة من تعصب سفهاء البلد بعضهم على بعض أو على الحاكم بحيث لايقدر على تنفيذ الأحكام فيهم؛ لأنه قادر على تنفيذها في غيرهم وفي عسكره على أن هذا عارض فلايعتبر، ولذا لو مات الوالي أو لم يحضر لفتنة ولم يوجد أحد ممن له حق إقامة الجمعة نصب العامة لهم خطيباً للضرورة كما سيأتي مع أنه لا أمير ولا قاضي ثمة أصلاً وبهذا ظهر جهل من يقول: لاتصح الجمعة في أيام الفتنة مع أنها تصح في البلاد التي استولى عليها الكفار كما سنذكره فتأمل (قوله: كما حررناه إلخ) هو حاصل ما قدمناه عن شرح المنية (قوله: وفي القهستاني إلخ) تأييد للمتن، وعبارة القهستاني تقع فرضاً في القصبات والقرى الكبيرة التي فيها أسواق قال أبو القاسم: هذا بلا خلاف إذا أذن الوالي أو القاضي ببناء المسجد الجامع وأداء الجمعة لأن هذا مجتهد فيه فإذا اتصل به الحكم صار مجمعاً عليه، وفيما ذكرنا إشارة إلى أنه لاتجوز في الصغيرة التي ليس فيها قاض ومنبر وخطيب كما في المضمرات، والظاهر أنه أريد به الكراهة لكراهة النفل بالجماعة؛ ألاترى أن في الجواهر: لو صلوا في القرى لزمهم أداء الظهر، وهذا إذا لم يتصل به حكم، فإن في فتاوى الديناري إذا بني مسجد في الرستاق بأمر الإمام فهو أمر بالجمعة اتفاقاً على ما قال السرخسي اهـفافهم والرستاق القرى كما في القاموس. [تنبيه]</span></p><p style=""text-align:justify;""><span class=""ar_writing"">في شرح الوهبانية: قضاة زماننا يحكمون بصحة الجمعة عند تجديدها في موضع بأن يعلق الواقف عتق عبده بصحة الجمعة في هذا الموضع وبعد إقامتها فيه بالشروط يدعي المعلق عتقه على الواقف المعلق بأنه علق عتقه على صحة الجمعة في هذا الموضع وقد صحت ووقع العتق فيحكم بعتقه فيتضمن الحكم بصحة الجمعة، ويدخل ما لم يأت من الجمع تبعا اهـقال في النهر: وفي دخول ما لم يأت نظر، فتدبر. اهـ. أقول: الجواب عن نظره أن الحكم بصحة الجمعة مبني على كون ذلك الموضع محلاً لإقامتها فيه وبعد ثبوت صحتها فيه لا فرق بين جمعة وجمعة، فتدبر. وظاهر ما مر عن القهستاني أن مجرد أمر السلطان أو القاضي ببناء المسجد وأدائها فيه حكم رافع للخلاف بلا دعوى وحادثة. وفي قضاء الأشباه: أمر القاضي حكم كقوله: سلم المحدود إلى المدعي، والأمر بدفع الدين، والأمر بحبسه إلخ وأفتى ابن نجيم بأن تزويج القاضي الصغيرة حكم رافع للخلاف ليس لغيره نقضه (قوله: وإذا اتصل به الحكم إلخ) قد علمت أن عبارة القهستاني صريحة في أن مجرد الأمر رافع للخلاف بناء على أن مجرد أمره حكم"".</span></p><p style=""text-align:justify;""><span class=""ar_writing"">الدر المختار وحاشية ابن عابدين (رد المحتار) (2/ 166):</span></p><p style=""text-align:justify;""><span class=""ar_writing"">""(تجب صلاتهما) في الأصح (على من تجب عليه الجمعة بشرائطها) المتقدمة (سوى الخطبة) فإنها سنة بعدها.</span></p><p style=""text-align:justify;""><span class=""ar_writing""> (قوله: بشرائطها) متعلق ب تجب الأول، والضمير للجمعة وشمل شرائط الوجوب وشرائط الصحة لكن شرائط الوجوب علمت من قوله على من تجب عليه الجمعة، فبقي المراد من قوله: بشرائطها القسم الثاني فقط"".</span>فقط واللہ اعلم</p><p style=""text-align:justify;"">جمعہ اور باجماعت نمازوں کے اجتماعات پر پابندی کا شرعی حکم جاننے کے لیے درج ذیل عنوانات پر مشتمل فتاویٰ ملاحظہ کیجیے:</p><p style=""text-align:justify;""><a href=""https://www.banuri.edu.pk/readquestion/%DA%A9%D8%B1%D9%88%D9%86%D8%A7-%D9%88%D8%A7%D8%A6%D8%B1%D8%B3-%D8%A7%D9%88%D8%B1-%D8%AC%D9%85%D8%A7%D8%B9%D8%AA-%DA%A9%DB%8C-%D9%86%D9%85%D8%A7%D8%B2-144107200537/09-03-2020"">کرونا وائرس (corona virus) کی وجہ سے نمازِ جمعہ چھوڑنے کا حکم اور اس حوالے سے شرعی اَحکام کی راہ نمائی</a></p><p style=""text-align:justify;""><a href=""https://www.banuri.edu.pk/readquestion/%DA%A9%D8%B1%D9%88%D9%86%D8%A7-%D9%88%D8%A7%D8%A6%D8%B1%D8%B3-%D8%A7%D9%88%D8%B1-%D8%A8%D8%A7%D8%AC%D9%85%D8%A7%D8%B9%D8%AA-%D9%86%D9%85%D8%A7%D8%B2%D9%88%DA%BA-%D9%BE%D8%B1-%D9%BE%D8%A7%D8%A8%D9%86%D8%AF%DB%8C-144107200654/11-03-2020"">کرونا وائرس اور باجماعت نمازوں پر پابندی!</a></p></p><hr class=""big-hr""/><div class=""col-sm-6 col-md-6""><p class=""question_heading"" style=""color:#73161f"">فتوی نمبر : <a id=""fatwa_number"">144108200561</a></p></div><div class=""col-sm-6 col-md-6""><p style=""color:#73161f"">دارالافتاء :
                                جامعہ علوم اسلامیہ علامہ محمد یوسف بنوری ٹاؤن</p></div><hr class=""big-hr""/><div class=""col-sm-4 col-md-4""><div class=""tag""><a href=""https://www.banuri.edu.pk/questions/kitab/salat""><i class=""icon-docs-bold""></i> نماز</a></div></div><div class=""col-sm-4 col-md-4""><div class=""tag""><a href=""https://www.banuri.edu.pk/questions/bab/jumaa""><i class=""icon-docs-bold""></i> جمعہ کی نماز</a></div></div><div class=""col-sm-4 col-md-4""><div class=""tag""><a href=""https://www.banuri.edu.pk/questions/fasal/juma-o-eidayn""><i class=""icon-docs-bold""></i> جمعہ و عیدین</a></div></div></div>"
https://www.banuri.edu.pk/readquestion/wabai-marz-ki-waja-se-jumme-ki-nmaz-ghar-main-ada-karna-144108200563/03-04-2020,وبائی مرض (کرونا وائرس) کی وجہ سے جمعہ کی نماز گھر میں ادا کرنا,"<p><p style=""text-align:justify;"">کیا جمعہ کی نماز گھر میں باجماعت ادا کی جا سکتی ہے؟ میری مراد آج کل کے حالات کے پیشِ نظر ہے جب کہ جمعے سمیت باقی فرض نمازیں بھی گھر پر ادا کرنے کے لیے کہا جا رہا ہے، ایک وبائی مرض(کرونا وائرس) کے پھیلنے کے خدشات کے پیشِ نظر، تو کیا گھر میں تین یا چار افراد مل کر جمعے کی نماز ادا کر سکتے ہیں یا گھر میں ظہر کی نماز ادا کی جائے گی؟</p></p>","<p><p style=""text-align:justify;"">جمعہ کی نماز جامع مسجد میں جاکر پڑھنا افضل ہے، اس لیے مسلمانوں کا اجتماع اور اس کی شان وشوکت کا اظہار ہے،  البتہ  کسی ناگہانی صورتِ حال میں اگر مساجد بالکلیہ بند ہوں یا بعض صحت مند افراد کو جمعہ کی نماز میں شرکت سے روک دیا جائے تو انہیں چاہیے کہ شہر، فناءِ شہر، اور بڑے قصبہ میں  مساجد کے علاوہ جہاں چار یا چار سے زیادہ بالغ مرد جمع ہوسکیں  وہ اذنِ عام (یعنی نماز پڑھنے والوں کی طرف سے دوسرے لوگوں کی شرکت کی ممانعت نہ ہو) کا خیال رکھتے ہوئے  جمعہ قائم کرنے کی کوشش کریں،  اگر کوئی نماز میں شریک ہونا چاہے  تو اس کو شرکت کی اجازت ہو ۔ </p><p style=""text-align:justify;"">باقی شہر، فنائے شہر یا قصبہ میں جمعہ کی نماز میں چوں کہ مسجد کا ہونا شرط نہیں ہے؛ لہٰذا امام کے علاوہ کم از کم تین بالغ مرد ہوں تو  بھی جمعہ کی نماز صحیح ہوجائے گی؛ چناں چہ جمعہ کا وقت داخل ہونے کے بعد پہلی اذان دی جائے، پھر سنتیں ادا کی جائیں، اس کے بعد امام منبر یا کرسی وغیرہ پر بیٹھ جائے اور اس کے سامنے دوسری اذان دی جائے، پھر امام منبر یا زمین پر کھڑے ہوکر دوخطبے  پڑھ کر دو رکعت نماز پڑھا دے،  چاہے گھر میں ہوں یا کسی اور جگہ جمع ہو کر پڑھ لیں، عربی خطبہ اگر یاد نہ ہو تو  کوئی خطبہ دیکھ کر پڑھے، ورنہ عربی زبان میں حمد و صلاۃ اور قرآنِ پاک کی چند آیات پڑھ کر دونوں خطبے دے دیں۔<br/>
  اگر شہر یا فنائے شہر یا قصبہ میں چار  بالغ افراد جمع نہ ہوسکیں  یا کسی وجہ سے جمعہ قائم نہ ہوسکے تو تو ظہر کی نماز  تنہا پڑھیں۔</p><p style=""text-align:justify;"">جمعہ کے مسنون خطبہ کے لیے درج ذیل لنک پر فتویٰ ملاحظہ فرمائیں:</p><p style=""text-align:justify;""> </p><p style=""text-align:justify;""><a href=""https://www.banuri.edu.pk/readquestion/kuhtba-jumma-144108200092/26-03-2020"">مختصر خطبہ جمعہ</a></p><p style=""text-align:justify;"">نیز   جمعے کے خطبہ میں مسنون تو یہ ہے کہ اس میں اللہ تعالی کی حمد و ثناء، درود شریف اور قرآنی آیات اور احادیثِ نبویہ ہوں، لیکن اگر کسی نے خطبہ جمعہ میں صرف سورہ فاتحہ اور سورہ اخلاص پڑھ لی تو بھی جمعہ کا خطبہ ادا ہو جائے گا؛ کیوں کہ جمعے کے خطبے کا رکن ’’ذکر اللہ‘‘ اس میں پایا جاتاہے۔</p><p style=""text-align:justify;""><strong>حلبی کبیری میں ہے:</strong></p><p style=""text-align:justify;""><span class=""ar_writing"">""وفي الفتاوی الغیاثیة: لوصلی الجمعة في قریة بغیر مسجد جامع والقریة کبیرة  لها قری وفیها وال وحاکم جازت الجمعة بنوا المسجد أو لم یبنوا … والمسجد الجامع لیس بشرط، ولهذا أجمعوا علی جوازها بالمصلی في فناء المصر""</span>. (ص؛551، فصل فی صلاۃ الجمعۃ، ط؛ سہیل اکیڈمی)</p><p style=""text-align:justify;"">فتاوی شامی میں ہے:<br/><span class=""ar_writing"">""(و) السادس: (الجماعة) وأقلها ثلاثة رجال (ولو غير الثلاثة الذين حضروا) الخطبة (سوى الإمام) بالنص؛ لأنه لا بد من الذاكر وهو الخطيب وثلاثة سواه بنص {فاسعوا إلى ذكر الله} [الجمعة: 9]</span></p><p style=""text-align:justify;""><span class=""ar_writing"">(قوله: وأقلها ثلاثة رجال) أطلق فيهم فشمل العبيد والمسافرين والمرضى والأميين والخرسى لصلاحيتهم للإمامة في الجمعة، إما لكل أحد أو لمن هو مثلهم في الأمي والأخرس فصلحا أن يقتديا بمن فوقهما، واحترز بالرجال عن النساء والصبيان؛ فإن الجمعة لاتصح بهم وحدهم لعدم صلاحيتهم للإمامة فيها بحال، بحر عن المحيط (قوله: ولو غير الثلاثة الذين حضروا الخطبة) أي على رواية اشتراط حضور ثلاثة في الخطبة، أما على رواية عدم الاشتراط أصلاً أو أنه يكفي حضور واحد فأظهر (قوله: سوى الإمام) هذا عند أبي حنيفة ورجح الشارحون دليله، واختاره المحبوبي والنسفي، كذا في تصحيح الشيخ قاسم (قوله: بنص {فاسعوا} [الجمعة: 9]؛ لأن طلب الحضور إلى الذكر متعلقاً بلفظ الجمع وهو الواو يستلزم ذاكراً فلزم أن يكون مع الإمام جمع، وتمامه في شرح المنية""</span>. (2 / 151)</p><p style=""text-align:justify;"">فتاوی ہندیہ میں ہے:</p><p style=""text-align:justify;""><span class=""ar_writing""><strong>""</strong>( و منها الإذن العام )  وهو أن تفتح ابواب الجامع فيؤذن للناس كافة حتي ان جماعة لو اجتمعوا في الجامع و أغلقوا أبواب المسجد علي أنفسهم و جمعوا لم يجز و كذلك السلطان إذا اراد أن يجمع بحشمه في داره فإن فتح باب الدار و أذن إذنا عاما جازت صلاته شهدها العامة أو لم يشهدوها كذا في المحيط"". (الباب السادس عشر في صلاة الجمعة، ١/ ١٤٨، ط: رشيدية)</span></p><p style=""text-align:justify;"">فتاوی شامی میں ہے :<br/><span class=""ar_writing"">""(قوله: الإذن العام) أي أن يأذن للناس إذنًا عامًّا بأن لايمنع أحدًا ممن تصح منه الجمعة عن دخول الموضع الذي تصلى فيه، وهذا مراد من فسر الإذن العام بالاشتهار، وكذا في البرجندي إسماعيل، وإنما كان هذا شرطًا لأن الله تعالى شرع النداء لصلاة الجمعة بقوله: {فاسعوا إلى ذكر الله} [الجمعة: 9] والنداء للاشتهار، وكذا تسمى جمعة لاجتماع الجماعات فيها، فاقتضى أن تكون الجماعات كلها مأذونين بالحضور تحقيقًا لمعنى الاسم، بدائع""</span>.(2 / 151)</p><p style=""text-align:justify;"">وفیہ ایضا:</p><p style=""text-align:justify;""><span class=""ar_writing"">""( وكره ) تحريمًا ( لمعذور ومسجون ) ومسافر ( أداء ظهر بجماعة في مصر ) قبل الجمعة وبعدها لتقليل الجماعة وصورة المعارضة، وأفاد أن المساجد تغلق يوم الجمعة إلا الجامع، (وكذا أهل مصر فاتتهم الجمعة ) فإنهم يصلون الظهر بغير أذان ولا إقامة ولا جماعة "". (2/157دارالفکر بیروت)  فقط والله أعلم</span></p></p><hr class=""big-hr""/>",03-04-2020,144108200563,banuri.edu.pk,نماز,جمعہ کی نماز,جمعہ و عیدین,"<div class=""col-md-12 sawal-jawab""><h3 class=""question_heading"">سوال</h3><p><p style=""text-align:justify;"">کیا جمعہ کی نماز گھر میں باجماعت ادا کی جا سکتی ہے؟ میری مراد آج کل کے حالات کے پیشِ نظر ہے جب کہ جمعے سمیت باقی فرض نمازیں بھی گھر پر ادا کرنے کے لیے کہا جا رہا ہے، ایک وبائی مرض(کرونا وائرس) کے پھیلنے کے خدشات کے پیشِ نظر، تو کیا گھر میں تین یا چار افراد مل کر جمعے کی نماز ادا کر سکتے ہیں یا گھر میں ظہر کی نماز ادا کی جائے گی؟</p></p><h4 class=""question_heading"">جواب</h4><p><p style=""text-align:justify;"">جمعہ کی نماز جامع مسجد میں جاکر پڑھنا افضل ہے، اس لیے مسلمانوں کا اجتماع اور اس کی شان وشوکت کا اظہار ہے،  البتہ  کسی ناگہانی صورتِ حال میں اگر مساجد بالکلیہ بند ہوں یا بعض صحت مند افراد کو جمعہ کی نماز میں شرکت سے روک دیا جائے تو انہیں چاہیے کہ شہر، فناءِ شہر، اور بڑے قصبہ میں  مساجد کے علاوہ جہاں چار یا چار سے زیادہ بالغ مرد جمع ہوسکیں  وہ اذنِ عام (یعنی نماز پڑھنے والوں کی طرف سے دوسرے لوگوں کی شرکت کی ممانعت نہ ہو) کا خیال رکھتے ہوئے  جمعہ قائم کرنے کی کوشش کریں،  اگر کوئی نماز میں شریک ہونا چاہے  تو اس کو شرکت کی اجازت ہو ۔ </p><p style=""text-align:justify;"">باقی شہر، فنائے شہر یا قصبہ میں جمعہ کی نماز میں چوں کہ مسجد کا ہونا شرط نہیں ہے؛ لہٰذا امام کے علاوہ کم از کم تین بالغ مرد ہوں تو  بھی جمعہ کی نماز صحیح ہوجائے گی؛ چناں چہ جمعہ کا وقت داخل ہونے کے بعد پہلی اذان دی جائے، پھر سنتیں ادا کی جائیں، اس کے بعد امام منبر یا کرسی وغیرہ پر بیٹھ جائے اور اس کے سامنے دوسری اذان دی جائے، پھر امام منبر یا زمین پر کھڑے ہوکر دوخطبے  پڑھ کر دو رکعت نماز پڑھا دے،  چاہے گھر میں ہوں یا کسی اور جگہ جمع ہو کر پڑھ لیں، عربی خطبہ اگر یاد نہ ہو تو  کوئی خطبہ دیکھ کر پڑھے، ورنہ عربی زبان میں حمد و صلاۃ اور قرآنِ پاک کی چند آیات پڑھ کر دونوں خطبے دے دیں۔<br/>
  اگر شہر یا فنائے شہر یا قصبہ میں چار  بالغ افراد جمع نہ ہوسکیں  یا کسی وجہ سے جمعہ قائم نہ ہوسکے تو تو ظہر کی نماز  تنہا پڑھیں۔</p><p style=""text-align:justify;"">جمعہ کے مسنون خطبہ کے لیے درج ذیل لنک پر فتویٰ ملاحظہ فرمائیں:</p><p style=""text-align:justify;""> </p><p style=""text-align:justify;""><a href=""https://www.banuri.edu.pk/readquestion/kuhtba-jumma-144108200092/26-03-2020"">مختصر خطبہ جمعہ</a></p><p style=""text-align:justify;"">نیز   جمعے کے خطبہ میں مسنون تو یہ ہے کہ اس میں اللہ تعالی کی حمد و ثناء، درود شریف اور قرآنی آیات اور احادیثِ نبویہ ہوں، لیکن اگر کسی نے خطبہ جمعہ میں صرف سورہ فاتحہ اور سورہ اخلاص پڑھ لی تو بھی جمعہ کا خطبہ ادا ہو جائے گا؛ کیوں کہ جمعے کے خطبے کا رکن ’’ذکر اللہ‘‘ اس میں پایا جاتاہے۔</p><p style=""text-align:justify;""><strong>حلبی کبیری میں ہے:</strong></p><p style=""text-align:justify;""><span class=""ar_writing"">""وفي الفتاوی الغیاثیة: لوصلی الجمعة في قریة بغیر مسجد جامع والقریة کبیرة  لها قری وفیها وال وحاکم جازت الجمعة بنوا المسجد أو لم یبنوا … والمسجد الجامع لیس بشرط، ولهذا أجمعوا علی جوازها بالمصلی في فناء المصر""</span>. (ص؛551، فصل فی صلاۃ الجمعۃ، ط؛ سہیل اکیڈمی)</p><p style=""text-align:justify;"">فتاوی شامی میں ہے:<br/><span class=""ar_writing"">""(و) السادس: (الجماعة) وأقلها ثلاثة رجال (ولو غير الثلاثة الذين حضروا) الخطبة (سوى الإمام) بالنص؛ لأنه لا بد من الذاكر وهو الخطيب وثلاثة سواه بنص {فاسعوا إلى ذكر الله} [الجمعة: 9]</span></p><p style=""text-align:justify;""><span class=""ar_writing"">(قوله: وأقلها ثلاثة رجال) أطلق فيهم فشمل العبيد والمسافرين والمرضى والأميين والخرسى لصلاحيتهم للإمامة في الجمعة، إما لكل أحد أو لمن هو مثلهم في الأمي والأخرس فصلحا أن يقتديا بمن فوقهما، واحترز بالرجال عن النساء والصبيان؛ فإن الجمعة لاتصح بهم وحدهم لعدم صلاحيتهم للإمامة فيها بحال، بحر عن المحيط (قوله: ولو غير الثلاثة الذين حضروا الخطبة) أي على رواية اشتراط حضور ثلاثة في الخطبة، أما على رواية عدم الاشتراط أصلاً أو أنه يكفي حضور واحد فأظهر (قوله: سوى الإمام) هذا عند أبي حنيفة ورجح الشارحون دليله، واختاره المحبوبي والنسفي، كذا في تصحيح الشيخ قاسم (قوله: بنص {فاسعوا} [الجمعة: 9]؛ لأن طلب الحضور إلى الذكر متعلقاً بلفظ الجمع وهو الواو يستلزم ذاكراً فلزم أن يكون مع الإمام جمع، وتمامه في شرح المنية""</span>. (2 / 151)</p><p style=""text-align:justify;"">فتاوی ہندیہ میں ہے:</p><p style=""text-align:justify;""><span class=""ar_writing""><strong>""</strong>( و منها الإذن العام )  وهو أن تفتح ابواب الجامع فيؤذن للناس كافة حتي ان جماعة لو اجتمعوا في الجامع و أغلقوا أبواب المسجد علي أنفسهم و جمعوا لم يجز و كذلك السلطان إذا اراد أن يجمع بحشمه في داره فإن فتح باب الدار و أذن إذنا عاما جازت صلاته شهدها العامة أو لم يشهدوها كذا في المحيط"". (الباب السادس عشر في صلاة الجمعة، ١/ ١٤٨، ط: رشيدية)</span></p><p style=""text-align:justify;"">فتاوی شامی میں ہے :<br/><span class=""ar_writing"">""(قوله: الإذن العام) أي أن يأذن للناس إذنًا عامًّا بأن لايمنع أحدًا ممن تصح منه الجمعة عن دخول الموضع الذي تصلى فيه، وهذا مراد من فسر الإذن العام بالاشتهار، وكذا في البرجندي إسماعيل، وإنما كان هذا شرطًا لأن الله تعالى شرع النداء لصلاة الجمعة بقوله: {فاسعوا إلى ذكر الله} [الجمعة: 9] والنداء للاشتهار، وكذا تسمى جمعة لاجتماع الجماعات فيها، فاقتضى أن تكون الجماعات كلها مأذونين بالحضور تحقيقًا لمعنى الاسم، بدائع""</span>.(2 / 151)</p><p style=""text-align:justify;"">وفیہ ایضا:</p><p style=""text-align:justify;""><span class=""ar_writing"">""( وكره ) تحريمًا ( لمعذور ومسجون ) ومسافر ( أداء ظهر بجماعة في مصر ) قبل الجمعة وبعدها لتقليل الجماعة وصورة المعارضة، وأفاد أن المساجد تغلق يوم الجمعة إلا الجامع، (وكذا أهل مصر فاتتهم الجمعة ) فإنهم يصلون الظهر بغير أذان ولا إقامة ولا جماعة "". (2/157دارالفکر بیروت)  فقط والله أعلم</span></p></p><hr class=""big-hr""/><div class=""col-sm-6 col-md-6""><p class=""question_heading"" style=""color:#73161f"">فتوی نمبر : <a id=""fatwa_number"">144108200563</a></p></div><div class=""col-sm-6 col-md-6""><p style=""color:#73161f"">دارالافتاء :
                                جامعہ علوم اسلامیہ علامہ محمد یوسف بنوری ٹاؤن</p></div><hr class=""big-hr""/><div class=""col-sm-4 col-md-4""><div class=""tag""><a href=""https://www.banuri.edu.pk/questions/kitab/salat""><i class=""icon-docs-bold""></i> نماز</a></div></div><div class=""col-sm-4 col-md-4""><div class=""tag""><a href=""https://www.banuri.edu.pk/questions/bab/jumaa""><i class=""icon-docs-bold""></i> جمعہ کی نماز</a></div></div><div class=""col-sm-4 col-md-4""><div class=""tag""><a href=""https://www.banuri.edu.pk/questions/fasal/juma-o-eidayn""><i class=""icon-docs-bold""></i> جمعہ و عیدین</a></div></div></div>"
https://www.banuri.edu.pk/readquestion/zakat-ki-mad-main-paison-kay-bajae-koi-aur-cheez-dainay-ka-hukum-144108200573/03-04-2020,زکات کی مد میں پیسوں کے بجائے کوئی اور چیز دینے کا حکم,"<p><p style=""text-align:justify;"">کیا زکاۃ کی مد میں کسی کو پیسوں کی بجائے چیزیں دے  سکتے  ہیں?</p></p>","<p><p style=""text-align:justify;"">زکات کی ادائیگی کے لیے مستحقِ زکات کو کوئی بھی چیز مالک بناکر دینا شرط ہے، لہٰذا زکات کی نیت سے اگر کوئی بھی (قیمت والی) چیز کسی مستحقِ زکات شخص کو  مالک بناکر دے دی جائے تو اس سے زکات ادا ہوجائے گی، چاہے پیسے دیے جائیں یا کوئی اور چیز(مثلاً راشن وغیرہ)۔ فقط واللہ اعلم</p></p><hr class=""big-hr""/>",03-04-2020,144108200573,banuri.edu.pk,زکات,زکوٰۃ / صدقات,ادائے زکوٰۃ,"<div class=""col-md-12 sawal-jawab""><h3 class=""question_heading"">سوال</h3><p><p style=""text-align:justify;"">کیا زکاۃ کی مد میں کسی کو پیسوں کی بجائے چیزیں دے  سکتے  ہیں?</p></p><h4 class=""question_heading"">جواب</h4><p><p style=""text-align:justify;"">زکات کی ادائیگی کے لیے مستحقِ زکات کو کوئی بھی چیز مالک بناکر دینا شرط ہے، لہٰذا زکات کی نیت سے اگر کوئی بھی (قیمت والی) چیز کسی مستحقِ زکات شخص کو  مالک بناکر دے دی جائے تو اس سے زکات ادا ہوجائے گی، چاہے پیسے دیے جائیں یا کوئی اور چیز(مثلاً راشن وغیرہ)۔ فقط واللہ اعلم</p></p><hr class=""big-hr""/><div class=""col-sm-6 col-md-6""><p class=""question_heading"" style=""color:#73161f"">فتوی نمبر : <a id=""fatwa_number"">144108200573</a></p></div><div class=""col-sm-6 col-md-6""><p style=""color:#73161f"">دارالافتاء :
                                جامعہ علوم اسلامیہ علامہ محمد یوسف بنوری ٹاؤن</p></div><hr class=""big-hr""/><div class=""col-sm-4 col-md-4""><div class=""tag""><a href=""https://www.banuri.edu.pk/questions/kitab/zakat""><i class=""icon-docs-bold""></i> زکات</a></div></div><div class=""col-sm-4 col-md-4""><div class=""tag""><a href=""https://www.banuri.edu.pk/questions/bab/zakat-sadaqat""><i class=""icon-docs-bold""></i> زکوٰۃ / صدقات</a></div></div><div class=""col-sm-4 col-md-4""><div class=""tag""><a href=""https://www.banuri.edu.pk/questions/fasal/adaye-zakat""><i class=""icon-docs-bold""></i> ادائے زکوٰۃ</a></div></div></div>"
https://www.banuri.edu.pk/readquestion/lock-down-ki-waja-say-jummay-ki-jamat-ghar-par-karwanay-ka-hukum-144108200565/03-04-2020,لاک ڈاؤن کی وجہ سے جمعہ کی جماعت گھر پر کروانے کا حکم,"<p><p style=""text-align:justify;""> کرونا وائرس کے لاک ڈاؤن کے پیشِ نظر کیا جمعہ کی جماعت گھر پہ کرائی جاسکتی ہے؟</p></p>","<p><p style=""text-align:justify;"">عام حالات میں بلا عذر گھروں میں جمعہ کی نماز پڑھنا مکروہ ہے، البتہ اگر کسی علاقے میں مساجد میں جمعہ کے اجتماع پر پابندی ہے تو  وہاں کے بالغ مردوں کو چاہیے کہ وہ مساجد کے علاوہ کسی ایسی جگہ میں (خواہ گھر یا کوئی اور جگہ) جہاں چار یا چار سے زیادہ بالغ مرد   جمع ہوسکیں اور ان لوگوں کی طرف سے دیگر  لوگوں کی نماز میں شرکت کی ممانعت نہ ہو، جمعہ قائم کرنے کی کوشش کریں، جس جگہ نمازِ جمعہ ادا کررہے ہوں وہاں کا دروازہ کھلا رکھیں؛ تاکہ اگر کوئی نماز میں شریک ہونا چاہے تو شریک ہوسکے۔</p><p style=""text-align:justify;"">باقی شہر، فنائے شہر یا قصبہ میں جمعہ کی نماز میں چوں کہ مسجد کا ہونا شرط نہیں ہے؛ لہٰذا امام کے علاوہ کم از کم تین بالغ مرد مقتدی ہوں تو  بھی جمعہ کی نماز صحیح ہوجائے گی؛ پس جمعہ کا وقت داخل ہونے کے بعد پہلی اذان دی جائے، پھر سنتیں ادا کی جائیں، پھر امام منبر یا کرسی وغیرہ پر بیٹھ جائے، اس کے سامنے دوسری اذان دی جائے، پھر امام کھڑے ہوکر دو خطبے پڑھ کر دو رکعت نمازِ جمعہ  پڑھا دے۔ عربی خطبہ اگر یاد نہ ہو تو  کوئی خطبہ دیکھ کر پڑھ لیا جائے، ورنہ عربی زبان میں حمد و صلاۃ اور قرآنِ پاک کی چند آیات پڑھ کر دونوں خطبے دے دیں۔</p><p style=""text-align:justify;"">شہر، فنائے شہر یا قصبہ میں اگر بالغ مرد چار کی تعداد میں جمع نہ ہوسکیں تو ظہر کی نماز جماعت کے بغیر انفرادی طور پر  پڑھ لیں۔<span class=""ar_writing"">فقط و الله أعلم</span></p></p><hr class=""big-hr""/>",03-04-2020,144108200565,banuri.edu.pk,نماز,جمعہ کی نماز,جمعہ و عیدین,"<div class=""col-md-12 sawal-jawab""><h3 class=""question_heading"">سوال</h3><p><p style=""text-align:justify;""> کرونا وائرس کے لاک ڈاؤن کے پیشِ نظر کیا جمعہ کی جماعت گھر پہ کرائی جاسکتی ہے؟</p></p><h4 class=""question_heading"">جواب</h4><p><p style=""text-align:justify;"">عام حالات میں بلا عذر گھروں میں جمعہ کی نماز پڑھنا مکروہ ہے، البتہ اگر کسی علاقے میں مساجد میں جمعہ کے اجتماع پر پابندی ہے تو  وہاں کے بالغ مردوں کو چاہیے کہ وہ مساجد کے علاوہ کسی ایسی جگہ میں (خواہ گھر یا کوئی اور جگہ) جہاں چار یا چار سے زیادہ بالغ مرد   جمع ہوسکیں اور ان لوگوں کی طرف سے دیگر  لوگوں کی نماز میں شرکت کی ممانعت نہ ہو، جمعہ قائم کرنے کی کوشش کریں، جس جگہ نمازِ جمعہ ادا کررہے ہوں وہاں کا دروازہ کھلا رکھیں؛ تاکہ اگر کوئی نماز میں شریک ہونا چاہے تو شریک ہوسکے۔</p><p style=""text-align:justify;"">باقی شہر، فنائے شہر یا قصبہ میں جمعہ کی نماز میں چوں کہ مسجد کا ہونا شرط نہیں ہے؛ لہٰذا امام کے علاوہ کم از کم تین بالغ مرد مقتدی ہوں تو  بھی جمعہ کی نماز صحیح ہوجائے گی؛ پس جمعہ کا وقت داخل ہونے کے بعد پہلی اذان دی جائے، پھر سنتیں ادا کی جائیں، پھر امام منبر یا کرسی وغیرہ پر بیٹھ جائے، اس کے سامنے دوسری اذان دی جائے، پھر امام کھڑے ہوکر دو خطبے پڑھ کر دو رکعت نمازِ جمعہ  پڑھا دے۔ عربی خطبہ اگر یاد نہ ہو تو  کوئی خطبہ دیکھ کر پڑھ لیا جائے، ورنہ عربی زبان میں حمد و صلاۃ اور قرآنِ پاک کی چند آیات پڑھ کر دونوں خطبے دے دیں۔</p><p style=""text-align:justify;"">شہر، فنائے شہر یا قصبہ میں اگر بالغ مرد چار کی تعداد میں جمع نہ ہوسکیں تو ظہر کی نماز جماعت کے بغیر انفرادی طور پر  پڑھ لیں۔<span class=""ar_writing"">فقط و الله أعلم</span></p></p><hr class=""big-hr""/><div class=""col-sm-6 col-md-6""><p class=""question_heading"" style=""color:#73161f"">فتوی نمبر : <a id=""fatwa_number"">144108200565</a></p></div><div class=""col-sm-6 col-md-6""><p style=""color:#73161f"">دارالافتاء :
                                جامعہ علوم اسلامیہ علامہ محمد یوسف بنوری ٹاؤن</p></div><hr class=""big-hr""/><div class=""col-sm-4 col-md-4""><div class=""tag""><a href=""https://www.banuri.edu.pk/questions/kitab/salat""><i class=""icon-docs-bold""></i> نماز</a></div></div><div class=""col-sm-4 col-md-4""><div class=""tag""><a href=""https://www.banuri.edu.pk/questions/bab/jumaa""><i class=""icon-docs-bold""></i> جمعہ کی نماز</a></div></div><div class=""col-sm-4 col-md-4""><div class=""tag""><a href=""https://www.banuri.edu.pk/questions/fasal/juma-o-eidayn""><i class=""icon-docs-bold""></i> جمعہ و عیدین</a></div></div></div>"
https://www.banuri.edu.pk/readquestion/sadqa-kartay-waqt-zuban-say-talaffuz-karna-zarori-hay-ya-nahi-144108200564/03-04-2020,صدقہ کرتے وقت زبان سے تلفظ کرنا ضروری ہے یا نہیں؟,"<p><p style=""text-align:justify;"">صدقہ دیتے وقت کیا زبانی الفاظ میں کہنا ضروری ہے یہ صدقہ کے پیسے ہیں؟  یا الفاظ ادا کیے بغیر  دل ہی دل میں نیت کر لینا کافی ہے؟</p></p>","<p><p style=""text-align:justify;"">صدقہ دیتے وقت دل ہی دل میں صدقہ کی نیت کرلینا کافی ہے، زبان سے اس نیت کا تلفظ کرنا ضروری نہیں ہے۔ فقط واللہ اعلم</p></p><hr class=""big-hr""/>",03-04-2020,144108200564,banuri.edu.pk,زکات,زکوٰۃ / صدقات,نفلی صدقات,"<div class=""col-md-12 sawal-jawab""><h3 class=""question_heading"">سوال</h3><p><p style=""text-align:justify;"">صدقہ دیتے وقت کیا زبانی الفاظ میں کہنا ضروری ہے یہ صدقہ کے پیسے ہیں؟  یا الفاظ ادا کیے بغیر  دل ہی دل میں نیت کر لینا کافی ہے؟</p></p><h4 class=""question_heading"">جواب</h4><p><p style=""text-align:justify;"">صدقہ دیتے وقت دل ہی دل میں صدقہ کی نیت کرلینا کافی ہے، زبان سے اس نیت کا تلفظ کرنا ضروری نہیں ہے۔ فقط واللہ اعلم</p></p><hr class=""big-hr""/><div class=""col-sm-6 col-md-6""><p class=""question_heading"" style=""color:#73161f"">فتوی نمبر : <a id=""fatwa_number"">144108200564</a></p></div><div class=""col-sm-6 col-md-6""><p style=""color:#73161f"">دارالافتاء :
                                جامعہ علوم اسلامیہ علامہ محمد یوسف بنوری ٹاؤن</p></div><hr class=""big-hr""/><div class=""col-sm-4 col-md-4""><div class=""tag""><a href=""https://www.banuri.edu.pk/questions/kitab/zakat""><i class=""icon-docs-bold""></i> زکات</a></div></div><div class=""col-sm-4 col-md-4""><div class=""tag""><a href=""https://www.banuri.edu.pk/questions/bab/zakat-sadaqat""><i class=""icon-docs-bold""></i> زکوٰۃ / صدقات</a></div></div><div class=""col-sm-4 col-md-4""><div class=""tag""><a href=""https://www.banuri.edu.pk/questions/fasal/nafli-sadaqat""><i class=""icon-docs-bold""></i> نفلی صدقات</a></div></div></div>"
https://www.banuri.edu.pk/readquestion/jumme-ke-din-daftr-main-zuhur-ki-namaz-ba-jamat-ada-karna-144108200562/03-04-2020,جمعہ کے دن دفتر میں ظہر کی نماز باجماعت ادا کرنا,"<p><p style=""text-align:justify;"">جمعہ کو دفتر میں ظہر کی نماز جماعت سے ادا کر سکتے ہیں؟</p></p>","<p><p style=""text-align:justify;"">شہر ، فنائے شہر، اور بڑی بستی میں جس شخص پر جمعہ واجب ہو اس کے لیے جمعہ کی نماز کے بجائے ظہر کی نماز پڑھنا ناجائز اور گناہ ہے،  اور اگر جس شخص پر جمعہ واجب نہ ہو یا عذر کی وجہ سے کوئی شخص جمعہ ادا نہ کرسکے  تو اس کے لیے بھی شہر ، فنائے شہر یا قصبہ میں جمعہ کے دن ظہر کی نماز باجماعت ادا کرنا مکروہِ تحریمی ہے۔ لہٰذا شہر، فنائے شہر یا بڑی بستی میں اگر جمعے کے وقت کم از کم چار بالغ مرد موجود ہوں اور ان میں سے کوئی شخص عربی خطبہ پڑھ سکتاہو (خواہ دیکھ کر پڑھے یا خطبہ کی جگہ قرآنِ مجید کی کوئی سورت یا آیات پڑھ لے) اور ان لوگوں کی طرف سے دوسرے لوگوں کو نماز میں شرکت کی ممانعت نہ ہو تو انہیں جمعے کی نماز ادا کرنی چاہیے۔</p><p style=""text-align:justify;"">فتاوی شامی میں ہے:</p><p style=""text-align:justify;""><span class=""ar_writing"">""( وكره ) تحريمًا ( لمعذور ومسجون ) ومسافر ( أداء ظهر بجماعة في مصر ) قبل الجمعة وبعدها لتقليل الجماعة وصورة المعارضة، وأفاد أن المساجد تغلق يوم الجمعة إلا الجامع، (وكذا أهل مصر فاتتهم الجمعة ) فإنهم يصلون الظهر بغير أذان ولا إقامة ولا جماعة"". </span> (2/157دارالفکر بیروت)  <span class=""ar_writing"">فقط والله أعلم</span></p></p><hr class=""big-hr""/>",03-04-2020,144108200562,banuri.edu.pk,نماز,جمعہ کی نماز,جمعہ و عیدین,"<div class=""col-md-12 sawal-jawab""><h3 class=""question_heading"">سوال</h3><p><p style=""text-align:justify;"">جمعہ کو دفتر میں ظہر کی نماز جماعت سے ادا کر سکتے ہیں؟</p></p><h4 class=""question_heading"">جواب</h4><p><p style=""text-align:justify;"">شہر ، فنائے شہر، اور بڑی بستی میں جس شخص پر جمعہ واجب ہو اس کے لیے جمعہ کی نماز کے بجائے ظہر کی نماز پڑھنا ناجائز اور گناہ ہے،  اور اگر جس شخص پر جمعہ واجب نہ ہو یا عذر کی وجہ سے کوئی شخص جمعہ ادا نہ کرسکے  تو اس کے لیے بھی شہر ، فنائے شہر یا قصبہ میں جمعہ کے دن ظہر کی نماز باجماعت ادا کرنا مکروہِ تحریمی ہے۔ لہٰذا شہر، فنائے شہر یا بڑی بستی میں اگر جمعے کے وقت کم از کم چار بالغ مرد موجود ہوں اور ان میں سے کوئی شخص عربی خطبہ پڑھ سکتاہو (خواہ دیکھ کر پڑھے یا خطبہ کی جگہ قرآنِ مجید کی کوئی سورت یا آیات پڑھ لے) اور ان لوگوں کی طرف سے دوسرے لوگوں کو نماز میں شرکت کی ممانعت نہ ہو تو انہیں جمعے کی نماز ادا کرنی چاہیے۔</p><p style=""text-align:justify;"">فتاوی شامی میں ہے:</p><p style=""text-align:justify;""><span class=""ar_writing"">""( وكره ) تحريمًا ( لمعذور ومسجون ) ومسافر ( أداء ظهر بجماعة في مصر ) قبل الجمعة وبعدها لتقليل الجماعة وصورة المعارضة، وأفاد أن المساجد تغلق يوم الجمعة إلا الجامع، (وكذا أهل مصر فاتتهم الجمعة ) فإنهم يصلون الظهر بغير أذان ولا إقامة ولا جماعة"". </span> (2/157دارالفکر بیروت)  <span class=""ar_writing"">فقط والله أعلم</span></p></p><hr class=""big-hr""/><div class=""col-sm-6 col-md-6""><p class=""question_heading"" style=""color:#73161f"">فتوی نمبر : <a id=""fatwa_number"">144108200562</a></p></div><div class=""col-sm-6 col-md-6""><p style=""color:#73161f"">دارالافتاء :
                                جامعہ علوم اسلامیہ علامہ محمد یوسف بنوری ٹاؤن</p></div><hr class=""big-hr""/><div class=""col-sm-4 col-md-4""><div class=""tag""><a href=""https://www.banuri.edu.pk/questions/kitab/salat""><i class=""icon-docs-bold""></i> نماز</a></div></div><div class=""col-sm-4 col-md-4""><div class=""tag""><a href=""https://www.banuri.edu.pk/questions/bab/jumaa""><i class=""icon-docs-bold""></i> جمعہ کی نماز</a></div></div><div class=""col-sm-4 col-md-4""><div class=""tag""><a href=""https://www.banuri.edu.pk/questions/fasal/juma-o-eidayn""><i class=""icon-docs-bold""></i> جمعہ و عیدین</a></div></div></div>"
https://www.banuri.edu.pk/readquestion/bevi-ko-agar-main-ne-tum-par-dusri-shadi-na-ki-to-tum-mujh-par-talaq-ho-kehne-ka-hukum-144107200409/06-03-2020,بیوی کو ”اگر میں نے تمہارے اوپر دوسری شادی نہ  کی تو تم مجھ پر طلاق ہو“ کہنے کا حکم,"<p><p style=""text-align:justify;"">اگر ایک شخص اپنی بیوی سے کہہ دے کہ اگر میں نے تمہارے اوپر دوسری شادی نہ  کی تو تم مجھ پر طلاق ہو  یہ بات اس نے غصے میں کہہ دی ہے تو کیا اب اسے دوسری شادی کرنا پڑے گی؟</p></p>","<p><p style=""text-align:justify;"">واضح رہے کہ طلاق کو اگر کسی شرط پر معلق کیا جائے تو شرط کے پائے جانے کی صورت میں طلاق واقع ہوجاتی ہے، اور اگر اس شرط کو مطلق رکھا جائے یعنی اس میں وقت کی تعیین نہ ہو اور اس کو  کسی چیز  کے ساتھ مقید نہ کیا جائے اور نہ ہی وہ  ناممکن چیز ہو تو  اس وقت اس کا وقوع ہوتا ہے  جب  قسم کھانے والا اس شرط پر عمل کرنے سے عاجز ہوجائے۔</p><p style=""text-align:justify;"">لہذا صورتِ مسئولہ میں چوں کہ سائل کا کسی عورت سے شادی کرنا موت سے پہلے پہلے ممکن ہے؛ اس لیے مذکورہ کلمات سے اس وقت تک اس کی بیوی پر طلاق واقع نہیں ہو گی  جب تک اس کا  شادی کرنا ممکن ہے، اور شادی کرنا موت تک ممکن ہے؛ اس لیے موت سے پہلے پہلے تک طلاق واقع نہیں ہو گی۔</p><p style=""text-align:justify;"">اور اگر موت سے پہلے پہلے مذکورہ شخص نے  دوسری شادی نہ کی تو اس کی  موت کے وقت اس کی بیوی پر  ایک طلاق واقع ہوجائے گی۔</p><p style=""text-align:justify;""><span class=""ar_writing"">البحر الرائق  (4 / 338):<br/>
""كل فعل حلف أنه يفعله في المستقبل، وأطلقه، ولم يقيده بوقت لم يحنث حتى يقع الإياس عن البر مثل ليضربن زيدا أو ليعطين فلانة أو ليطلقن زوجته وتحقق اليأس عن البر يكون بفوت أحدهما فلذا قال في غاية البيان، وأصل هذا أن الحالف في اليمين المطلقة لا يحنث ما دام الحالف والمحلوف عليه قائمين لتصور البر فإذا فات أحدهما فإنه يحنث. اهـ"".</span></p><p style=""text-align:justify;""><span class=""ar_writing"">الدر المختار وحاشية ابن عابدين (رد المحتار) (3 / 349):<br/>
""بخلاف ما إذا كان شرط الحنث أمرًا عدميًا، مثل: إن لم أكلم زيدًا أو إن لم أدخل فإنها لاتبطل بفوت المحل بل يتحقق به الحنث لليأس من شرط البر وهذا إذا لم يكن شرط البر مستحيلاً، وإلا فهو مسألة الكوز، وقد علمت ما فيها من التفصيل، وليس منها قوله لأصعدن السماء، فإن اليمين فيها منعقدة ويحنث عقبها لأن صعود السماء أمر ممكن"".</span></p><p style=""text-align:justify;""><span class=""ar_writing"">المبسوط للسرخسي (9 / 8):<br/>
""ولو حلف بطلاق امرأته ليأتين البصرة فمات قبل ذلك طلقت عند الموت؛ لأن بموته فات شرط البر وهو إتيان البصرة، ولا نقول: إنه يحنث بعد موته ولكنه كما أشرف على الموت وتحقق عجزه عن إتيان البصرة حنث حتى إن كان لم يدخل بها فلا ميراث لها ولا عدة عليها، وإن كان قد دخل بها فلها الميراث وعليها العدة وتعتد إلى أبعد الأجلين بمنزلة امرأة الفار، فإن ماتت هي وهو حي لم تطلق؛ لأنه قادر على إتيان البصرة بعد موتها فلم يتحقق شرط الحنث بموتها.<br/>
ولو حلف بطلاق امرأته إن لم تأت البصرة هي فماتت فلا ميراث للزوج؛ لأنها لما أشرفت على الموت فقد تحقق عجزها عن إتيان البصرة فتطلق ثلاثا قبل موتها، ولو مات الزوج كان لها الميراث؛ لأنها تقدر على إتيان البصرة بعد موته"".</span></p><p style=""text-align:justify;""><span class=""ar_writing"">النهر الفائق شرح كنز الدقائق (2/ 341):<br/>
""(إن لم أطلقك وإذا لم أطلقك) هذه المسألة مع ما بعدها من التعليق لا الإضافة فذكرها فيه أنسب (أو إذا ما لم أطلقك لا)، يعني: لاتطلق (حتى يموت أحدهما)؛ لأنه جعل الشرط عدم طلاقها ولن يتحقق ذلك إلا باليأس، وذلك في آخر جزء من أجزاء حياته فتطلق قبيل الموت، وهذا يقتضي التسوية بين موته وموتها، وهو الأصح"".</span> فقط واللہ اعلم</p></p><hr class=""big-hr""/>",06-03-2020,144107200409,banuri.edu.pk,طلاق,تعلیقِ طلاق (مشروط طلاق دینا),طلاق کو معلق کرنا,"<div class=""col-md-12 sawal-jawab""><h3 class=""question_heading"">سوال</h3><p><p style=""text-align:justify;"">اگر ایک شخص اپنی بیوی سے کہہ دے کہ اگر میں نے تمہارے اوپر دوسری شادی نہ  کی تو تم مجھ پر طلاق ہو  یہ بات اس نے غصے میں کہہ دی ہے تو کیا اب اسے دوسری شادی کرنا پڑے گی؟</p></p><h4 class=""question_heading"">جواب</h4><p><p style=""text-align:justify;"">واضح رہے کہ طلاق کو اگر کسی شرط پر معلق کیا جائے تو شرط کے پائے جانے کی صورت میں طلاق واقع ہوجاتی ہے، اور اگر اس شرط کو مطلق رکھا جائے یعنی اس میں وقت کی تعیین نہ ہو اور اس کو  کسی چیز  کے ساتھ مقید نہ کیا جائے اور نہ ہی وہ  ناممکن چیز ہو تو  اس وقت اس کا وقوع ہوتا ہے  جب  قسم کھانے والا اس شرط پر عمل کرنے سے عاجز ہوجائے۔</p><p style=""text-align:justify;"">لہذا صورتِ مسئولہ میں چوں کہ سائل کا کسی عورت سے شادی کرنا موت سے پہلے پہلے ممکن ہے؛ اس لیے مذکورہ کلمات سے اس وقت تک اس کی بیوی پر طلاق واقع نہیں ہو گی  جب تک اس کا  شادی کرنا ممکن ہے، اور شادی کرنا موت تک ممکن ہے؛ اس لیے موت سے پہلے پہلے تک طلاق واقع نہیں ہو گی۔</p><p style=""text-align:justify;"">اور اگر موت سے پہلے پہلے مذکورہ شخص نے  دوسری شادی نہ کی تو اس کی  موت کے وقت اس کی بیوی پر  ایک طلاق واقع ہوجائے گی۔</p><p style=""text-align:justify;""><span class=""ar_writing"">البحر الرائق  (4 / 338):<br/>
""كل فعل حلف أنه يفعله في المستقبل، وأطلقه، ولم يقيده بوقت لم يحنث حتى يقع الإياس عن البر مثل ليضربن زيدا أو ليعطين فلانة أو ليطلقن زوجته وتحقق اليأس عن البر يكون بفوت أحدهما فلذا قال في غاية البيان، وأصل هذا أن الحالف في اليمين المطلقة لا يحنث ما دام الحالف والمحلوف عليه قائمين لتصور البر فإذا فات أحدهما فإنه يحنث. اهـ"".</span></p><p style=""text-align:justify;""><span class=""ar_writing"">الدر المختار وحاشية ابن عابدين (رد المحتار) (3 / 349):<br/>
""بخلاف ما إذا كان شرط الحنث أمرًا عدميًا، مثل: إن لم أكلم زيدًا أو إن لم أدخل فإنها لاتبطل بفوت المحل بل يتحقق به الحنث لليأس من شرط البر وهذا إذا لم يكن شرط البر مستحيلاً، وإلا فهو مسألة الكوز، وقد علمت ما فيها من التفصيل، وليس منها قوله لأصعدن السماء، فإن اليمين فيها منعقدة ويحنث عقبها لأن صعود السماء أمر ممكن"".</span></p><p style=""text-align:justify;""><span class=""ar_writing"">المبسوط للسرخسي (9 / 8):<br/>
""ولو حلف بطلاق امرأته ليأتين البصرة فمات قبل ذلك طلقت عند الموت؛ لأن بموته فات شرط البر وهو إتيان البصرة، ولا نقول: إنه يحنث بعد موته ولكنه كما أشرف على الموت وتحقق عجزه عن إتيان البصرة حنث حتى إن كان لم يدخل بها فلا ميراث لها ولا عدة عليها، وإن كان قد دخل بها فلها الميراث وعليها العدة وتعتد إلى أبعد الأجلين بمنزلة امرأة الفار، فإن ماتت هي وهو حي لم تطلق؛ لأنه قادر على إتيان البصرة بعد موتها فلم يتحقق شرط الحنث بموتها.<br/>
ولو حلف بطلاق امرأته إن لم تأت البصرة هي فماتت فلا ميراث للزوج؛ لأنها لما أشرفت على الموت فقد تحقق عجزها عن إتيان البصرة فتطلق ثلاثا قبل موتها، ولو مات الزوج كان لها الميراث؛ لأنها تقدر على إتيان البصرة بعد موته"".</span></p><p style=""text-align:justify;""><span class=""ar_writing"">النهر الفائق شرح كنز الدقائق (2/ 341):<br/>
""(إن لم أطلقك وإذا لم أطلقك) هذه المسألة مع ما بعدها من التعليق لا الإضافة فذكرها فيه أنسب (أو إذا ما لم أطلقك لا)، يعني: لاتطلق (حتى يموت أحدهما)؛ لأنه جعل الشرط عدم طلاقها ولن يتحقق ذلك إلا باليأس، وذلك في آخر جزء من أجزاء حياته فتطلق قبيل الموت، وهذا يقتضي التسوية بين موته وموتها، وهو الأصح"".</span> فقط واللہ اعلم</p></p><hr class=""big-hr""/><div class=""col-sm-6 col-md-6""><p class=""question_heading"" style=""color:#73161f"">فتوی نمبر : <a id=""fatwa_number"">144107200409</a></p></div><div class=""col-sm-6 col-md-6""><p style=""color:#73161f"">دارالافتاء :
                                جامعہ علوم اسلامیہ علامہ محمد یوسف بنوری ٹاؤن</p></div><hr class=""big-hr""/><div class=""col-sm-4 col-md-4""><div class=""tag""><a href=""https://www.banuri.edu.pk/questions/kitab/talaaq""><i class=""icon-docs-bold""></i> طلاق</a></div></div><div class=""col-sm-4 col-md-4""><div class=""tag""><a href=""https://www.banuri.edu.pk/questions/bab/talaq-ki-taleeq""><i class=""icon-docs-bold""></i> تعلیقِ طلاق (مشروط طلاق دینا)</a></div></div><div class=""col-sm-4 col-md-4""><div class=""tag""><a href=""https://www.banuri.edu.pk/questions/fasal/talaq-ko-muallaq-karna""><i class=""icon-docs-bold""></i> طلاق کو معلق کرنا</a></div></div></div>"
https://www.banuri.edu.pk/readquestion/sajda-telawat-me-do-sajdy-krna-144108200488/01-04-2020,سجدۂ تلاوت میں ایک کے بجائے دو سجدے کرنا,"<p><p style=""text-align:justify;"">سجدۂ  تلاوت میں غلطی سے ایک کے بجائے دو سجدہ کردیے تو کیا حکم ہے؟ اور یہ غلطی نفل میں ہو تو  کیا حکم ہے؟ فرض نماز میں ہو جائے تو کیا حکم ہے ؟</p></p>","<p><p style=""margin-left:0;margin-right:0;text-align:justify;"">اگر کوئی شخص سجدۂ  تلاوت کرتے ہوئے ایک کے بجائے دو سجدے کرلے چاہےفرض نماز ہو یا نفل ، اس صورت میں نماز کے آخر میں سجدۂ  سہو کرنالازم ہے، سجدۂ سہو  کی ادائیگی سے نماز درست ہوجائے گی۔</p><p style=""margin-left:0;margin-right:0;text-align:justify;""><span class=""ar_writing"">""ویجب بتکرار الرکن نحو أن یرکع مرتین أو یسجد ثلاث مرات"". (حلبی کبیر، ص:456، ط:سهیل أکادمي)</span></p><p style=""margin-left:0;margin-right:0;text-align:justify;""><span class=""ar_writing"">الاختيار لتعليل المختار - (1 / 78):</span></p><p style=""margin-left:0;margin-right:0;text-align:justify;""><span class=""ar_writing"">""قال: (ويجب إذا زاد في صلاته فعلاً من جنسها) كزيادة ركوع أو سجود أو قيام أوقعود، لأنه لا يخلو عن ترك واجب أو تأخيره عن محله ، وذلك موجب للسهو لأنه عليه</span></p><p style=""margin-left:0;margin-right:0;text-align:justify;""><span class=""ar_writing"">الصلاة والسلام قام إلى الخامسة فسبح به فعاد وسجد للسهو "".</span></p><p style=""margin-left:0;margin-right:0;text-align:justify;""><span class=""ar_writing"">الهداية شرح البداية - (1 / 74):</span></p><p style=""margin-left:0;margin-right:0;text-align:justify;""><span class=""ar_writing"">""قال: ويلزمه السهو إذا زاد في صلاته فعلاً من جنسها ليس منها، وهذا يدل على أن سجدة السهو واجبة هو الصحيح؛ لأنها تجب لجبر نقص تمكن في العبادة فتكون واجبةً كالدماء في الحج، وإذا كان واجبًا لايجب إلا بترك واجب أو تأخيره أو تأخير ركن ساهيًا، هذا هو الأصل، وإنما وجب بالزيادة؛ لأنها لاتعرى عن تأخير ركن أو ترك واجب"". فقط والله أعلم</span></p></p><hr class=""big-hr""/>",01-04-2020,144108200488,banuri.edu.pk,نماز,سجدہ سہو,سجدہ تلاوت / سجدہ سہو,"<div class=""col-md-12 sawal-jawab""><h3 class=""question_heading"">سوال</h3><p><p style=""text-align:justify;"">سجدۂ  تلاوت میں غلطی سے ایک کے بجائے دو سجدہ کردیے تو کیا حکم ہے؟ اور یہ غلطی نفل میں ہو تو  کیا حکم ہے؟ فرض نماز میں ہو جائے تو کیا حکم ہے ؟</p></p><h4 class=""question_heading"">جواب</h4><p><p style=""margin-left:0;margin-right:0;text-align:justify;"">اگر کوئی شخص سجدۂ  تلاوت کرتے ہوئے ایک کے بجائے دو سجدے کرلے چاہےفرض نماز ہو یا نفل ، اس صورت میں نماز کے آخر میں سجدۂ  سہو کرنالازم ہے، سجدۂ سہو  کی ادائیگی سے نماز درست ہوجائے گی۔</p><p style=""margin-left:0;margin-right:0;text-align:justify;""><span class=""ar_writing"">""ویجب بتکرار الرکن نحو أن یرکع مرتین أو یسجد ثلاث مرات"". (حلبی کبیر، ص:456، ط:سهیل أکادمي)</span></p><p style=""margin-left:0;margin-right:0;text-align:justify;""><span class=""ar_writing"">الاختيار لتعليل المختار - (1 / 78):</span></p><p style=""margin-left:0;margin-right:0;text-align:justify;""><span class=""ar_writing"">""قال: (ويجب إذا زاد في صلاته فعلاً من جنسها) كزيادة ركوع أو سجود أو قيام أوقعود، لأنه لا يخلو عن ترك واجب أو تأخيره عن محله ، وذلك موجب للسهو لأنه عليه</span></p><p style=""margin-left:0;margin-right:0;text-align:justify;""><span class=""ar_writing"">الصلاة والسلام قام إلى الخامسة فسبح به فعاد وسجد للسهو "".</span></p><p style=""margin-left:0;margin-right:0;text-align:justify;""><span class=""ar_writing"">الهداية شرح البداية - (1 / 74):</span></p><p style=""margin-left:0;margin-right:0;text-align:justify;""><span class=""ar_writing"">""قال: ويلزمه السهو إذا زاد في صلاته فعلاً من جنسها ليس منها، وهذا يدل على أن سجدة السهو واجبة هو الصحيح؛ لأنها تجب لجبر نقص تمكن في العبادة فتكون واجبةً كالدماء في الحج، وإذا كان واجبًا لايجب إلا بترك واجب أو تأخيره أو تأخير ركن ساهيًا، هذا هو الأصل، وإنما وجب بالزيادة؛ لأنها لاتعرى عن تأخير ركن أو ترك واجب"". فقط والله أعلم</span></p></p><hr class=""big-hr""/><div class=""col-sm-6 col-md-6""><p class=""question_heading"" style=""color:#73161f"">فتوی نمبر : <a id=""fatwa_number"">144108200488</a></p></div><div class=""col-sm-6 col-md-6""><p style=""color:#73161f"">دارالافتاء :
                                جامعہ علوم اسلامیہ علامہ محمد یوسف بنوری ٹاؤن</p></div><hr class=""big-hr""/><div class=""col-sm-4 col-md-4""><div class=""tag""><a href=""https://www.banuri.edu.pk/questions/kitab/salat""><i class=""icon-docs-bold""></i> نماز</a></div></div><div class=""col-sm-4 col-md-4""><div class=""tag""><a href=""https://www.banuri.edu.pk/questions/bab/sajda-sahv""><i class=""icon-docs-bold""></i> سجدہ سہو</a></div></div><div class=""col-sm-4 col-md-4""><div class=""tag""><a href=""https://www.banuri.edu.pk/questions/fasal/sajda-tilawat-sajda-sahw""><i class=""icon-docs-bold""></i> سجدہ تلاوت / سجدہ سہو</a></div></div></div>"
https://www.banuri.edu.pk/readquestion/gawahon-ky-bagher-iejab-o-qobol-sy-nikah-nahe-hota-144108200490/02-04-2020,گواہوں کے بغیر ایجاب و قبول سے نکاح نہیں ہوتا,"<p><p style=""text-align:justify;"">اگر لڑکا اور لڑکی نے آپس میں خود ایک دوسرے سے (نکاح خطبے کے بغیر )قبول کر لیا ہے توکیا نکاح ہو گیا؟</p></p>","<p><p style=""margin-left:0;margin-right:0;text-align:justify;"">دو مسلمان عاقل بالغ مردگواہوں  یا ایک مسلمان مرد اور دو مسلمان عورتوں کی موجودگی کے بغیر  مسلمان کا نکاح قطعاً درست نہیں ہوگا؛ لہٰذا اگر کسی لڑکی اور لڑکے نے گواہوں کے بغیر  آپس میں ایجاب و قبول کیا ہے  تو اس سے نکاح ہوا ہی نہیں ہے، دونوں ایک دوسرے کے لیے بدستور اجنبی ہیں۔</p><p style=""margin-left:0;margin-right:0;text-align:justify;"">باقی نکاح کے موقع پر خطبہ پڑھنا مسنون ہے اور مسجد میں علی الاعلان نکاح کرنا، نکاح کے مستحبات میں سے ہے، لہٰذا بوقتِ نکاح خطبہ بھی پڑھا جائے اور علی الاعلان نکاح کیا جائے۔ خفیہ نکاح شرعاً پسندیدہ نہیں ہے۔  تاہم اگر دو مسلمان، عاقل، بالغ مردوں یا ایک مسلمان مرد اور دو مسلمان عورتوں کے سامنے مرد اور عورت نکاح کا خود ایجاب وقبول کرلیں (اور حق مہر طے کرلیں) تو شرعاً نکاح منعقد ہوجائے گا۔</p><p style=""margin-left:0;margin-right:0;text-align:justify;""><span class=""ar_writing"">""عن عمران بن حصین، أن النبي صلی اﷲ علیه وسلم قال: لانکاح إلا بولي، وشاهدي عدل"". (المعجم الکبیر للطبراني، دار إحیاء التراث العربي ۱۸/۱۴۲، رقم:۲۹۹، مصنف عبد الرزاق، المجلس العلمي۶/۱۹۵، رقم:۱۰۴۷۳)</span></p><p style=""margin-left:0;margin-right:0;text-align:justify;""><span class=""ar_writing"">""ولاینعقد نکاح المسلمین إلابحضور شاهدین حرین عاقلین بالغین مسلمین رجلین أو رجل، و امرأ تین"". (الهداية، کتاب النکاح اشرفیه دیوبند ۲/۳۰۶) فقط والله أعلم</span></p></p><hr class=""big-hr""/>",02-04-2020,144108200490,banuri.edu.pk,نکاح,نکاح فاسد و باطل,دوسرے کی بیوی سے نکاح,"<div class=""col-md-12 sawal-jawab""><h3 class=""question_heading"">سوال</h3><p><p style=""text-align:justify;"">اگر لڑکا اور لڑکی نے آپس میں خود ایک دوسرے سے (نکاح خطبے کے بغیر )قبول کر لیا ہے توکیا نکاح ہو گیا؟</p></p><h4 class=""question_heading"">جواب</h4><p><p style=""margin-left:0;margin-right:0;text-align:justify;"">دو مسلمان عاقل بالغ مردگواہوں  یا ایک مسلمان مرد اور دو مسلمان عورتوں کی موجودگی کے بغیر  مسلمان کا نکاح قطعاً درست نہیں ہوگا؛ لہٰذا اگر کسی لڑکی اور لڑکے نے گواہوں کے بغیر  آپس میں ایجاب و قبول کیا ہے  تو اس سے نکاح ہوا ہی نہیں ہے، دونوں ایک دوسرے کے لیے بدستور اجنبی ہیں۔</p><p style=""margin-left:0;margin-right:0;text-align:justify;"">باقی نکاح کے موقع پر خطبہ پڑھنا مسنون ہے اور مسجد میں علی الاعلان نکاح کرنا، نکاح کے مستحبات میں سے ہے، لہٰذا بوقتِ نکاح خطبہ بھی پڑھا جائے اور علی الاعلان نکاح کیا جائے۔ خفیہ نکاح شرعاً پسندیدہ نہیں ہے۔  تاہم اگر دو مسلمان، عاقل، بالغ مردوں یا ایک مسلمان مرد اور دو مسلمان عورتوں کے سامنے مرد اور عورت نکاح کا خود ایجاب وقبول کرلیں (اور حق مہر طے کرلیں) تو شرعاً نکاح منعقد ہوجائے گا۔</p><p style=""margin-left:0;margin-right:0;text-align:justify;""><span class=""ar_writing"">""عن عمران بن حصین، أن النبي صلی اﷲ علیه وسلم قال: لانکاح إلا بولي، وشاهدي عدل"". (المعجم الکبیر للطبراني، دار إحیاء التراث العربي ۱۸/۱۴۲، رقم:۲۹۹، مصنف عبد الرزاق، المجلس العلمي۶/۱۹۵، رقم:۱۰۴۷۳)</span></p><p style=""margin-left:0;margin-right:0;text-align:justify;""><span class=""ar_writing"">""ولاینعقد نکاح المسلمین إلابحضور شاهدین حرین عاقلین بالغین مسلمین رجلین أو رجل، و امرأ تین"". (الهداية، کتاب النکاح اشرفیه دیوبند ۲/۳۰۶) فقط والله أعلم</span></p></p><hr class=""big-hr""/><div class=""col-sm-6 col-md-6""><p class=""question_heading"" style=""color:#73161f"">فتوی نمبر : <a id=""fatwa_number"">144108200490</a></p></div><div class=""col-sm-6 col-md-6""><p style=""color:#73161f"">دارالافتاء :
                                جامعہ علوم اسلامیہ علامہ محمد یوسف بنوری ٹاؤن</p></div><hr class=""big-hr""/><div class=""col-sm-4 col-md-4""><div class=""tag""><a href=""https://www.banuri.edu.pk/questions/kitab/nikah""><i class=""icon-docs-bold""></i> نکاح</a></div></div><div class=""col-sm-4 col-md-4""><div class=""tag""><a href=""https://www.banuri.edu.pk/questions/bab/nikah-e-fasid-o-batil""><i class=""icon-docs-bold""></i> نکاح فاسد و باطل</a></div></div><div class=""col-sm-4 col-md-4""><div class=""tag""><a href=""https://www.banuri.edu.pk/questions/fasal/nikah-sahih-o-fasid""><i class=""icon-docs-bold""></i> دوسرے کی بیوی سے نکاح</a></div></div></div>"
https://www.banuri.edu.pk/readquestion/9291acbce0bbc312c4fbfd7675f69494-144108200560/03-04-2020,نومسلم نے اپنی بیوی کو غصہ میں تین طلاقیں دے دیں,"<p><p style=""text-align:justify;"">اگر کوئی نیو مسلم (نیا نیا مسلمان ہوا ہو) اور اس کو اسلام کے بارے  میں زیادہ معلومات بھی نہیں تھیں تو  اس نے اپنی بیوی کو تین سے زائد طلاقیں دی تھیں شدید غصہ میں، تو  کیا اسلام اس کو دوبارہ اپنی بیوی کو اپنانے کی اجازت دے سکتا ہے؟</p></p>","<p><p style=""margin-left:0;margin-right:0;text-align:justify;""><span style=""background-color:#fff;""><span style=""color:#000;"">صورتِ مسئولہ میں شدید غصہ میں تین سے زائد طلاقیں دینے سے تین طلاقیں واقع ہوگئی ہیں، نکاح ختم ہوگیا ہے، اب رجوع کی گنجائش نہیں رہی؛ کیوں کہ مطلقہ شوہر پر حرام ہوچکی ہے، البتہ اگر  مطلقہ عدت کے بعد اپنی مرضی سے کہیں اور نکاح کرے، دوسرے شوہر سے ازدواجی تعلقات قائم ہوجانے کے  بعد دوسرے شوہر کا انتقال ہوجائے یا وہ طلاق دے دے تو عورت کے  عدت (عدتِ وفات یا عدتِ طلاق) گزار نے کے بعد پہلے شوہر کا اس سے نکاح کرنا جائز ہوجائے گا، اس کے بغیر  پہلے شوہر سے رجوع کرنا یا دوبارہ نکاح کرلینا جائز نہیں۔</span></span></p><p style=""margin-left:9pt;margin-right:10.3pt;text-align:justify;"">فتاوی ہندیہ میں ہے:</p><p style=""margin-left:9pt;margin-right:10.3pt;text-align:justify;""><span class=""ar_writing""><span style=""color:#404040;""><strong>""وَإِنْ كَانَ الطَّلَاقُ ثَلَاثًا فِي الْحُرَّةِ وَثِنْتَيْنِ فِي الْأَمَةِ لَمْ تَحِلَّ لَهُ حَتَّى تَنْكِحَ زَوْجًا غَيْرَهُ نِكَاحًا صَحِيحًا وَيَدْخُلَ بِهَا ثُمَّ يُطَلِّقَهَا أَوْ يَمُوتَ عَنْهَا، كَذَا فِي الْهِدَايَةِ"". </strong></span></span>(کتاب الطلاق،الباب السادس،فصل فی ما تحل بہ المطلقۃ:1/473،ط:رشیدیہ)فقط واللہ تعالی اعلم</p></p><hr class=""big-hr""/>",03-04-2020,144108200560,banuri.edu.pk,طلاق,وقوع طلاق وعدم وقوع طلاق,تین طلاق,"<div class=""col-md-12 sawal-jawab""><h3 class=""question_heading"">سوال</h3><p><p style=""text-align:justify;"">اگر کوئی نیو مسلم (نیا نیا مسلمان ہوا ہو) اور اس کو اسلام کے بارے  میں زیادہ معلومات بھی نہیں تھیں تو  اس نے اپنی بیوی کو تین سے زائد طلاقیں دی تھیں شدید غصہ میں، تو  کیا اسلام اس کو دوبارہ اپنی بیوی کو اپنانے کی اجازت دے سکتا ہے؟</p></p><h4 class=""question_heading"">جواب</h4><p><p style=""margin-left:0;margin-right:0;text-align:justify;""><span style=""background-color:#fff;""><span style=""color:#000;"">صورتِ مسئولہ میں شدید غصہ میں تین سے زائد طلاقیں دینے سے تین طلاقیں واقع ہوگئی ہیں، نکاح ختم ہوگیا ہے، اب رجوع کی گنجائش نہیں رہی؛ کیوں کہ مطلقہ شوہر پر حرام ہوچکی ہے، البتہ اگر  مطلقہ عدت کے بعد اپنی مرضی سے کہیں اور نکاح کرے، دوسرے شوہر سے ازدواجی تعلقات قائم ہوجانے کے  بعد دوسرے شوہر کا انتقال ہوجائے یا وہ طلاق دے دے تو عورت کے  عدت (عدتِ وفات یا عدتِ طلاق) گزار نے کے بعد پہلے شوہر کا اس سے نکاح کرنا جائز ہوجائے گا، اس کے بغیر  پہلے شوہر سے رجوع کرنا یا دوبارہ نکاح کرلینا جائز نہیں۔</span></span></p><p style=""margin-left:9pt;margin-right:10.3pt;text-align:justify;"">فتاوی ہندیہ میں ہے:</p><p style=""margin-left:9pt;margin-right:10.3pt;text-align:justify;""><span class=""ar_writing""><span style=""color:#404040;""><strong>""وَإِنْ كَانَ الطَّلَاقُ ثَلَاثًا فِي الْحُرَّةِ وَثِنْتَيْنِ فِي الْأَمَةِ لَمْ تَحِلَّ لَهُ حَتَّى تَنْكِحَ زَوْجًا غَيْرَهُ نِكَاحًا صَحِيحًا وَيَدْخُلَ بِهَا ثُمَّ يُطَلِّقَهَا أَوْ يَمُوتَ عَنْهَا، كَذَا فِي الْهِدَايَةِ"". </strong></span></span>(کتاب الطلاق،الباب السادس،فصل فی ما تحل بہ المطلقۃ:1/473،ط:رشیدیہ)فقط واللہ تعالی اعلم</p></p><hr class=""big-hr""/><div class=""col-sm-6 col-md-6""><p class=""question_heading"" style=""color:#73161f"">فتوی نمبر : <a id=""fatwa_number"">144108200560</a></p></div><div class=""col-sm-6 col-md-6""><p style=""color:#73161f"">دارالافتاء :
                                جامعہ علوم اسلامیہ علامہ محمد یوسف بنوری ٹاؤن</p></div><hr class=""big-hr""/><div class=""col-sm-4 col-md-4""><div class=""tag""><a href=""https://www.banuri.edu.pk/questions/kitab/talaaq""><i class=""icon-docs-bold""></i> طلاق</a></div></div><div class=""col-sm-4 col-md-4""><div class=""tag""><a href=""https://www.banuri.edu.pk/questions/bab/wuqoo-e-talaq-o-adme-wuqoo-e-talaq""><i class=""icon-docs-bold""></i> وقوع طلاق وعدم وقوع طلاق</a></div></div><div class=""col-sm-4 col-md-4""><div class=""tag""><a href=""https://www.banuri.edu.pk/questions/fasal/teen-talaqayn""><i class=""icon-docs-bold""></i> تین طلاق</a></div></div></div>"
https://www.banuri.edu.pk/readquestion/16f35197ccec91b679982f64e34e2661-144108200559/03-04-2020,وکیل بالزکاۃ اپنی مستحق والدہ کو زکاۃ دے سکتا ہے؟,"<p><p style=""text-align:justify;"">ایک شخص کو کسی نے زکاۃ ادا کرنے کا وکیل بنایا، اب جس شخص کو وکیل بنایا گیا ہے ،اس کی والدہ زکاۃ کی مستحقہ ہیں،تو اب وہ شخص اپنی والدہ کو  زکاۃ کی رقم دے سکتا ہے یا نہیں؟</p></p>","<p><p style=""text-align:justify;"">جس شخص کو کسی نے اپنی زکاۃ ادا کرنے کا وکیل بنایا ہے اور کسی متعین شخص کو زکاۃ دینے کا نہیں کہا تو وہ اس کی زکاۃ اپنی مستحق والدہ کو دے سکتا ہے۔</p><p style=""text-align:justify;""><span class=""ar_writing"">الدر المختار شرح تنوير الأبصار(2 / 269):<br/>
""وللوكيل أن يدفع لولده الفقير وزوجته لا لنفسه إلا إذا قال ربها: ضعها حيث شئت"". </span> فقط واللہ اعلم</p></p><hr class=""big-hr""/>",03-04-2020,144108200559,banuri.edu.pk,زکات,زکوٰۃ / صدقات,ادائے زکوٰۃ,"<div class=""col-md-12 sawal-jawab""><h3 class=""question_heading"">سوال</h3><p><p style=""text-align:justify;"">ایک شخص کو کسی نے زکاۃ ادا کرنے کا وکیل بنایا، اب جس شخص کو وکیل بنایا گیا ہے ،اس کی والدہ زکاۃ کی مستحقہ ہیں،تو اب وہ شخص اپنی والدہ کو  زکاۃ کی رقم دے سکتا ہے یا نہیں؟</p></p><h4 class=""question_heading"">جواب</h4><p><p style=""text-align:justify;"">جس شخص کو کسی نے اپنی زکاۃ ادا کرنے کا وکیل بنایا ہے اور کسی متعین شخص کو زکاۃ دینے کا نہیں کہا تو وہ اس کی زکاۃ اپنی مستحق والدہ کو دے سکتا ہے۔</p><p style=""text-align:justify;""><span class=""ar_writing"">الدر المختار شرح تنوير الأبصار(2 / 269):<br/>
""وللوكيل أن يدفع لولده الفقير وزوجته لا لنفسه إلا إذا قال ربها: ضعها حيث شئت"". </span> فقط واللہ اعلم</p></p><hr class=""big-hr""/><div class=""col-sm-6 col-md-6""><p class=""question_heading"" style=""color:#73161f"">فتوی نمبر : <a id=""fatwa_number"">144108200559</a></p></div><div class=""col-sm-6 col-md-6""><p style=""color:#73161f"">دارالافتاء :
                                جامعہ علوم اسلامیہ علامہ محمد یوسف بنوری ٹاؤن</p></div><hr class=""big-hr""/><div class=""col-sm-4 col-md-4""><div class=""tag""><a href=""https://www.banuri.edu.pk/questions/kitab/zakat""><i class=""icon-docs-bold""></i> زکات</a></div></div><div class=""col-sm-4 col-md-4""><div class=""tag""><a href=""https://www.banuri.edu.pk/questions/bab/zakat-sadaqat""><i class=""icon-docs-bold""></i> زکوٰۃ / صدقات</a></div></div><div class=""col-sm-4 col-md-4""><div class=""tag""><a href=""https://www.banuri.edu.pk/questions/fasal/adaye-zakat""><i class=""icon-docs-bold""></i> ادائے زکوٰۃ</a></div></div></div>"
https://www.banuri.edu.pk/readquestion/jamat-e-sana-k-ahukum-144108200603/03-04-2020,موجودہ حالات میں مسجد میں جماعتِ ثانیہ کا حکم,"<p><p style=""text-align:justify;"">موجودہ حالات میں مساجد کے اندر کثرتِ جماعت پر حکومت کی طرف سے پابندی عائد ہونے کی بنا پر ذیل کی صورت کا کیا حکم ہے:</p><p style=""text-align:justify;"">1. جماعت ثانیہ کرسکتے ہیں؟</p><p style=""text-align:justify;"">2. دو تین منزلہ مسجد کے اندر اوپر نیچے یا مسجدِ کبیر کے اندر برآمدہ اور صحن میں وقفے کے بعد جماعتِ ثانیہ کریں یا ایک ہی وقت میں دو تین جماعت کریں تو کیا حکم ہے؟</p></p>","<hr class=""big-hr""/>",03-04-2020,144108200603,banuri.edu.pk,نماز,نماز کی جماعت,جماعت / امامت,"<div class=""col-md-12 sawal-jawab""><h3 class=""question_heading"">سوال</h3><p><p style=""text-align:justify;"">موجودہ حالات میں مساجد کے اندر کثرتِ جماعت پر حکومت کی طرف سے پابندی عائد ہونے کی بنا پر ذیل کی صورت کا کیا حکم ہے:</p><p style=""text-align:justify;"">1. جماعت ثانیہ کرسکتے ہیں؟</p><p style=""text-align:justify;"">2. دو تین منزلہ مسجد کے اندر اوپر نیچے یا مسجدِ کبیر کے اندر برآمدہ اور صحن میں وقفے کے بعد جماعتِ ثانیہ کریں یا ایک ہی وقت میں دو تین جماعت کریں تو کیا حکم ہے؟</p></p><h4 class=""question_heading"">جواب</h4><p><p style=""margin-left:0;margin-right:0;text-align:justify;"">شرعی اعتبار سے ایسی  مسجد جس میں امام، مؤذن مقرر ہوں اور نمازی معلوم ہوں، نیز  جماعت کے اوقات بھی متعین ہوں  اور وہاں پنج وقتہ نماز باجماعت ہوتی ہو تو ایسی مسجد میں ایک مرتبہ اذان اور اقامت کے ساتھ  محلے والوں/ اہلِ مسجد  کے  جماعت کے ساتھ نماز ادا کرلینے کے بعد دوبارہ نماز کے لیے جماعت کرانا مکروہِ  تحریمی ہے، دوسری جماعت  سے لوگوں کے دلوں سے پہلی جماعت کی اہمیت وعظمت ختم ہوجائے گی اور اس  سے پہلی جماعت کے افراد  بھی کم ہوجائیں گے اور ہر  ایک یہ سوچے گا کہ میں دوسری جماعت میں شریک ہوجاؤں گا، جب کہ  شریعتِ مطہرہ  میں  جماعت کے ساتھ نماز پڑھنے  کی بڑی فضیلت اور تاکید آئی ہے۔ اور نماز کی جماعت میں کثرت بھی مطلوب ہے، جب کہ ایک سے زائد جماعت کرانے میں کثرت کی بجائے تفریق ہے۔</p><p style=""margin-left:0;margin-right:0;text-align:justify;"">روایات میں ہے کہ ایک مرتبہ رسول اللہ صلی اللہ علیہ وسلم دو فریقوں کے درمیان صلح کے لیے تشریف لے گئے، واپس تشریف لائے تو مسجدِ نبوی میں جماعت ہوچکی تھی، آپ ﷺ نے گھر جاکر گھروالوں کو جمع کرکے جماعت سے نماز ادا فرمائی، جب کہ مسجد میں صحابہ کرام رضوان اللہ علیہم اجمعین کا ملنا مشکل نہیں تھا، انہیں جمع کرکے دوسری جماعت کرائی جاسکتی تھی۔ اس سے معلوم ہواکہ اگر مسجد میں جماعت (بلاکراہتِ تحریمی) جائز ہوتی تو حضور ﷺ بیانِ جواز کے لیے کچھ صحابہ کرام کے ساتھ  مسجد میں دوسری جماعت ادا فرماتے۔ </p><p style=""margin-left:0;margin-right:0;text-align:justify;"">مفتی اعظم ہند مفتی کفایت اللہ رحمہ اللہ اسی نوعیت کے سوال کے جواب میں تحریر فرماتے ہیں:</p><p style=""margin-left:0;margin-right:0;text-align:justify;"">""جس مسجد میں کہ پنج وقتہ جماعت اہتمام وانتظام سے ہوتی ہو ،اس میں امام ابوحنیفہ ؒ کے نزدیک جماعتِ ثانیہ مکروہ ہے؛ کیوں کہ جماعت دراصل پہلی جماعت ہے، اور مسجد میں ایک وقت کی فرض نما زکی ایک ہی جماعت مطلوب ہے،حضورِ انورﷺکے زمانہ مبارک اور خلفائے اربعہ وصحابہ کرام  رضی اللہ عنہم کے زمانوں میں مساجد میں صرف ایک ہی مرتبہ جماعت کا معمول تھا، پہلی جماعت کے بعد پھر جماعت کرنے کا طریقہ اوررواج نہیں تھا، دوسری جماعت کی اجازت دینے سے پہلی جماعت میں نمازیوں کی حاضری میں سستی پیدا ہوتی ہے اور جماعت اولیٰ کی تقلیل لازمی ہوتی ہے ؛ اس لیے جماعت ثانیہ کو حضرت امام صاحبؒ نے مکروہ فرمایا اور اجازت نہ دی۔اور جن ائمہ نے اجازت دی انہوں نے بھی اتفاقی طور پر جماعتِ اولیٰ سے رہ جانے والوں کو اس طور سے اجازت دی کہ وہ اذان واقامت کا اعادہ نہ کریں اور پہلی جماعت کی جگہ بھی چھوڑ دیں تو خیر پڑھ لیں، لیکن روزانہ دوسری جماعت مقرر کرلینا اور اہتمام کےساتھ اس کو ادا کرنا اور اس کے لیے تداعی یعنی لوگوں کو بلانااور ترغیب دینا یہ تو کسی کے نزدیک بھی جائز نہیں، نہ اس کے لیے کوئی فقہی عبارت دلیل بن سکتی ہے ،یہ تو قطعاً ممنوع اور مکروہ ہے""۔(کفایت المفتی ،جلد سوم ، ص:140،کتاب الصلوۃ ،دارالاشاعت)</p><p style=""margin-left:0;margin-right:0;text-align:justify;"">لہذا موجودہ حالات میں جب کہ مساجد میں جماعت کی نمازوں میں  حکومت کی جانب سے افراد کی تعداد محدود کی گئی ہے، محلہ کی مساجد میں ایک بار باجماعت نماز کی ادائیگی کے بعد اس مسجد کے برآمدہ/صحن  اگر مسجدِ شرعی  ہی کا حصہ ہو  (یعنی وہ حصہ بھی نماز کے لیے وقف کردیا گیا ہو) یا بالائی منزلوں پر جماعتِ ثانیہ کے ساتھ نماز ادا کرنا مکروہ ہے۔ ان حالات میں کوشش یہ کی جائے کہ  اس مسجد کے علاوہ کسی قریبی مسجد  میں جماعت کے ساتھ نماز ملنا ممکن ہوتو وہاں نماز ادا کرلی جائے، یااسی  مسجد کی حدود سے باہر جماعت کرالی جائے، یا جب تک پابندی برقرار ہو اس وقت تک عام نماز یں گھر والوں کو جمع کرکے باجماعت ادا کرلے،  اور اگر گھر میں بھی جماعت سے نہ ادا کرسکے تو  انفرادی نماز پڑھ لے، اور اگر شہر، مضافاتِ شہر یا بڑی بستی میں جمعے کی نماز کے وقت مسجد میں جماعت نہ مل سکے اور امام کے علاوہ تین بالغ مرد مقتدی بھی جمع نہ ہوں تو انفرادی طور پر ظہر کی نماز ادا کرلے۔</p><p style=""margin-left:0;margin-right:0;text-align:justify;""><span class=""ar_writing"">""عن الحسن قال: کان أصحاب رسول الله ﷺ، إذا دخلوا المسجد، وقد صلي فیه، صلوافرادي"". (المصنف لابن أبي شیبة، کتاب الصلاة، باب من قال: یصلون فرادی، ولایجمعون. مؤسسة علوم القرآن جدید ۵/۵۵، رقم:۷۱۸۸)</span></p><p style=""margin-left:0;margin-right:0;text-align:justify;""><span class=""ar_writing"">""لأن التکرار یؤدی إلی تقلیل الجماعة لأن الناس إذا علموا أنهم تفوتهم الجماعة فیستعجلون فتکثرالجماعة، وإذا علموا أنها لا تفوتهم یتأخرون فتقل الجماعة وتقلیل الجماعة مکروه"". (بدائع،کتاب الصلاة، فصل في بیان محل وجوب الأذان ۱/۱۵۳)</span></p><p style=""margin-left:0;margin-right:0;text-align:justify;"">فتاوی شامی میں ہے:</p><p style=""margin-left:0;margin-right:0;text-align:justify;""><span class=""ar_writing"">""ويكره تكرار الجماعة بأذان وإقامة في مسجد محلة لا في مسجد طريق أو مسجد لا إمام له ولا مؤذن.</span></p><p style=""margin-left:0;margin-right:0;text-align:justify;""><span class=""ar_writing"">(قوله: ويكره) أي تحريماً؛ لقول الكافي: لايجوز، والمجمع: لايباح، وشرح الجامع الصغير: إنه بدعة، كما في رسالة السندي، (قوله: بأذان وإقامة إلخ) ... والمراد بمسجد المحلة ما له إمام وجماعة معلومون، كما في الدرر وغيرها. قال في المنبع: والتقييد بالمسجد المختص بالمحلة احتراز من الشارع، وبالأذان الثاني احتراز عما إذا صلى في مسجد المحلة جماعة بغير أذان حيث يباح إجماعاً. اهـ"".  (1/ 552، کتاب الصلاة، باب الإمامة، مطلب  في تکرار الجماعة في المسجد، ط: سعید)</span></p><p style=""margin-left:0;margin-right:0;text-align:justify;""><span class=""ar_writing"">الدر المختار وحاشية ابن عابدين (رد المحتار) (1/ 553):</span></p><p style=""text-align:justify;""><span class=""ar_writing"">""ويؤيده ما في الظهيرية: لو دخل جماعة المسجد بعد ما صلى فيه أهله يصلون وحداناً وهو ظاهر الرواية اهـ"". فقط والله أعلم</span></p></p><hr class=""big-hr""/><div class=""col-sm-6 col-md-6""><p class=""question_heading"" style=""color:#73161f"">فتوی نمبر : <a id=""fatwa_number"">144108200603</a></p></div><div class=""col-sm-6 col-md-6""><p style=""color:#73161f"">دارالافتاء :
                                جامعہ علوم اسلامیہ علامہ محمد یوسف بنوری ٹاؤن</p></div><hr class=""big-hr""/><div class=""col-sm-4 col-md-4""><div class=""tag""><a href=""https://www.banuri.edu.pk/questions/kitab/salat""><i class=""icon-docs-bold""></i> نماز</a></div></div><div class=""col-sm-4 col-md-4""><div class=""tag""><a href=""https://www.banuri.edu.pk/questions/bab/namaz-ki-jamat""><i class=""icon-docs-bold""></i> نماز کی جماعت</a></div></div><div class=""col-sm-4 col-md-4""><div class=""tag""><a href=""https://www.banuri.edu.pk/questions/fasal/jamat-imamat""><i class=""icon-docs-bold""></i> جماعت / امامت</a></div></div></div>"
https://www.banuri.edu.pk/readquestion/dushman-sy-bachny-ka-wazefa-144108200478/01-04-2020,دشمن کے شر سے بچنے کا وظیفہ,"<p><p style=""text-align:justify;"">دشمن سے نجات, جان کی حفاظت اور اللہ کی مدد حاصل کرنے کا وظیفہ/عمل بتا دیں!</p></p>","<p><p style=""text-align:justify;"">فرض نمازوں کا اہتمام کریں، فجر اور مغرب کی نماز کے بعد بسم اللہ کے ساتھ گیارہ مرتبہ سورۃ قریش پڑھ لیا کریں، اول و آخر درود شریف بھی پڑھ لیں، ان شاء اللہ ہر شریر کے شر سے جان مال کی حفاظت ہو گی۔  حدیثِ پاک میں ہے کہ رسول اللہ ﷺ کو جب کسی دشمن کا اندیشہ ہوتا تھا تو  آپ ﷺ  <span class=""ar_writing"">’’اَللّٰهُمَّ إِنَّا نَجْعَلُكَ فِيْ نُحُوْرِهِمْ وَنَعُوْذُبِکَ مِنْ شُرُوْرِهِمْ‘‘</span> پڑھا کرتے تھے۔</p><p style=""text-align:justify;"">اسی طرح صبح و شام درج ذیل دعائیں ایک ایک مرتبہ پڑھنے کا اہتمام کریں:</p><p style=""text-align:justify;""><span class=""ar_writing"">1-  ’’أَعُوْذُ بِوَجْهِ اللهِ الْعَظِیْمِ الَّذِيْ لَیْسَ شَيْءٌ أَعْظَمَ مِنْهُ وَبِکَلِمَاتِ اللهِ التَّامَّةِ الَّتِيْ لَایُجَاوِزُهُنَّ بَرٌّ وَلَافَاجِرٌ، وَبِأَسْمَآءِ اللهِ الْحُسْنیٰ کُلِّهَا مَاعَلِمْتُ مِنْهَا وَمَالَمْ أَعْلَمْ مِنْ شَرِّ مَا خَلَقَ وَبَرَأَ وَذَرَأَ‘‘.</span></p><p style=""text-align:justify;""><span class=""ar_writing"">2- ’’أَعُوْذُ بِوَجْهِ اللهِ الْکَرِیْمِ وَبِکَلِمَاتِ اللهِ التَّامَّةِ اللَّاتِيْ لَایُجَاوِزُهُنَّ بَرٌّ وَلَافَاجِرٌ مِنْ شَرِّ مَایَنْزِلُ مِنَ السَّمَآءِ وَمِنْ شَرِّ مَا یَعْرُجُ فِیْهَا، وَشَرِ مَا ذَرَأَ فِي الْأَرْضِ وَشَرِّ مَا یَخْرُجُ مِنْهَا، وَمِنْ فِتَنِ اللَّیْلِ وَالنَّهَارِ وَمِنْ طَوَارِقِ اللَّیْلِ وَالنَّهَارِ إِلَّا طَارِقًا یَطْرُقُ بِخَیْرٍ یَارَحْمٰن‘‘. فقط و الله أعلم</span></p><p style=""text-align:justify;"">مزید تفصیل کے لیے درج ذیل لنک پر فتاویٰ سے استفادہ کیجیے:</p><p style=""text-align:justify;""><a href=""https://www.banuri.edu.pk/readquestion/%D8%AC%DA%BE%D9%88%D9%B9%DB%92-%D9%85%D9%82%D8%AF%D9%85%DB%81-%D8%B3%DB%92-%D8%A8%D8%B1%D8%A7-%D8%AA-%DA%A9%DB%92-%D9%84%D8%A6%DB%92-%D9%88%D8%B8%DB%8C%D9%81%DB%81/21-02-2019"">جھوٹے مقدمہ سے براءت کے لیے وظیفہ</a></p><p style=""text-align:justify;""><a href=""https://www.banuri.edu.pk/readquestion/%D8%AD%D9%84%D8%A7%D9%84-%D8%B1%D8%B2%D9%82-%DA%A9%DB%92-%D8%AD%D8%B5%D9%88%D9%84-%D8%A7%D9%88%D8%B1-%D9%BE%D8%B1%DB%8C%D8%B4%D8%A7%D9%86%DB%8C%D9%88%DA%BA-%D8%A7%D9%88%D8%B1-%D9%85%D8%B5%D8%A7%D8%A6%D8%A8-%DA%A9%DB%8C-%D8%AF%D9%88%D8%B1%DB%8C-%DA%A9%DB%92-%D9%84%DB%8C%DB%92-%D8%B9%D9%85%D9%84-144103200662/25-11-2019"">حلال رزق کے حصول اور پریشانیوں اور مصائب کی دوری کے لیے عمل</a></p></p><hr class=""big-hr""/>",01-04-2020,144108200478,banuri.edu.pk,علوم و فنون,دعائیں، اوراد اور وظائف,اوراد ووظائف,"<div class=""col-md-12 sawal-jawab""><h3 class=""question_heading"">سوال</h3><p><p style=""text-align:justify;"">دشمن سے نجات, جان کی حفاظت اور اللہ کی مدد حاصل کرنے کا وظیفہ/عمل بتا دیں!</p></p><h4 class=""question_heading"">جواب</h4><p><p style=""text-align:justify;"">فرض نمازوں کا اہتمام کریں، فجر اور مغرب کی نماز کے بعد بسم اللہ کے ساتھ گیارہ مرتبہ سورۃ قریش پڑھ لیا کریں، اول و آخر درود شریف بھی پڑھ لیں، ان شاء اللہ ہر شریر کے شر سے جان مال کی حفاظت ہو گی۔  حدیثِ پاک میں ہے کہ رسول اللہ ﷺ کو جب کسی دشمن کا اندیشہ ہوتا تھا تو  آپ ﷺ  <span class=""ar_writing"">’’اَللّٰهُمَّ إِنَّا نَجْعَلُكَ فِيْ نُحُوْرِهِمْ وَنَعُوْذُبِکَ مِنْ شُرُوْرِهِمْ‘‘</span> پڑھا کرتے تھے۔</p><p style=""text-align:justify;"">اسی طرح صبح و شام درج ذیل دعائیں ایک ایک مرتبہ پڑھنے کا اہتمام کریں:</p><p style=""text-align:justify;""><span class=""ar_writing"">1-  ’’أَعُوْذُ بِوَجْهِ اللهِ الْعَظِیْمِ الَّذِيْ لَیْسَ شَيْءٌ أَعْظَمَ مِنْهُ وَبِکَلِمَاتِ اللهِ التَّامَّةِ الَّتِيْ لَایُجَاوِزُهُنَّ بَرٌّ وَلَافَاجِرٌ، وَبِأَسْمَآءِ اللهِ الْحُسْنیٰ کُلِّهَا مَاعَلِمْتُ مِنْهَا وَمَالَمْ أَعْلَمْ مِنْ شَرِّ مَا خَلَقَ وَبَرَأَ وَذَرَأَ‘‘.</span></p><p style=""text-align:justify;""><span class=""ar_writing"">2- ’’أَعُوْذُ بِوَجْهِ اللهِ الْکَرِیْمِ وَبِکَلِمَاتِ اللهِ التَّامَّةِ اللَّاتِيْ لَایُجَاوِزُهُنَّ بَرٌّ وَلَافَاجِرٌ مِنْ شَرِّ مَایَنْزِلُ مِنَ السَّمَآءِ وَمِنْ شَرِّ مَا یَعْرُجُ فِیْهَا، وَشَرِ مَا ذَرَأَ فِي الْأَرْضِ وَشَرِّ مَا یَخْرُجُ مِنْهَا، وَمِنْ فِتَنِ اللَّیْلِ وَالنَّهَارِ وَمِنْ طَوَارِقِ اللَّیْلِ وَالنَّهَارِ إِلَّا طَارِقًا یَطْرُقُ بِخَیْرٍ یَارَحْمٰن‘‘. فقط و الله أعلم</span></p><p style=""text-align:justify;"">مزید تفصیل کے لیے درج ذیل لنک پر فتاویٰ سے استفادہ کیجیے:</p><p style=""text-align:justify;""><a href=""https://www.banuri.edu.pk/readquestion/%D8%AC%DA%BE%D9%88%D9%B9%DB%92-%D9%85%D9%82%D8%AF%D9%85%DB%81-%D8%B3%DB%92-%D8%A8%D8%B1%D8%A7-%D8%AA-%DA%A9%DB%92-%D9%84%D8%A6%DB%92-%D9%88%D8%B8%DB%8C%D9%81%DB%81/21-02-2019"">جھوٹے مقدمہ سے براءت کے لیے وظیفہ</a></p><p style=""text-align:justify;""><a href=""https://www.banuri.edu.pk/readquestion/%D8%AD%D9%84%D8%A7%D9%84-%D8%B1%D8%B2%D9%82-%DA%A9%DB%92-%D8%AD%D8%B5%D9%88%D9%84-%D8%A7%D9%88%D8%B1-%D9%BE%D8%B1%DB%8C%D8%B4%D8%A7%D9%86%DB%8C%D9%88%DA%BA-%D8%A7%D9%88%D8%B1-%D9%85%D8%B5%D8%A7%D8%A6%D8%A8-%DA%A9%DB%8C-%D8%AF%D9%88%D8%B1%DB%8C-%DA%A9%DB%92-%D9%84%DB%8C%DB%92-%D8%B9%D9%85%D9%84-144103200662/25-11-2019"">حلال رزق کے حصول اور پریشانیوں اور مصائب کی دوری کے لیے عمل</a></p></p><hr class=""big-hr""/><div class=""col-sm-6 col-md-6""><p class=""question_heading"" style=""color:#73161f"">فتوی نمبر : <a id=""fatwa_number"">144108200478</a></p></div><div class=""col-sm-6 col-md-6""><p style=""color:#73161f"">دارالافتاء :
                                جامعہ علوم اسلامیہ علامہ محمد یوسف بنوری ٹاؤن</p></div><hr class=""big-hr""/><div class=""col-sm-4 col-md-4""><div class=""tag""><a href=""https://www.banuri.edu.pk/questions/kitab/uloom-funoon""><i class=""icon-docs-bold""></i> علوم و فنون</a></div></div><div class=""col-sm-4 col-md-4""><div class=""tag""><a href=""https://www.banuri.edu.pk/questions/bab/adeya-azkar""><i class=""icon-docs-bold""></i> دعائیں، اوراد اور وظائف</a></div></div><div class=""col-sm-4 col-md-4""><div class=""tag""><a href=""https://www.banuri.edu.pk/questions/fasal/aurad-o-wzaif""><i class=""icon-docs-bold""></i> اوراد ووظائف</a></div></div></div>"
https://www.banuri.edu.pk/readquestion/tayammum-144108200286/30-03-2020,تیمم کا طریقہ اور غسل فرض ہونے کی صورت میں تیمم کیسے کیا جائے؟,"<p><p style=""text-align:justify;"">تیمم میں کیا صرف چہرہ اور باز ؤں کو ہی مسح  کرنے سے پاکی ہو جائے گی؟ اگر غسل فرض ہو تو پھر تیمم کیسے کرے اور پا کیزہ کیسے ہو؟</p></p>","<p><p style=""text-align:justify;"">جب  کسی شخص کو  اپنے ارد گرد  کم از کم ایک میل مسافت تک  پانی نہ ملے یا پانی  موجو دہونے کی صورت میں پانی کے استعمال سے بیمار ہوجانے یا مرض کے بڑھ جانے کا اندیشہ ہو تو تیمم کرنا جائز ہے، اور تیمم کا طریقہ یہ ہے کہ : پاکی کی نیت کرکے پہلے ایک بار دونوں ہاتھ  مٹی پر مار کر انہیں جھاڑ دے، پھر انہیں سارے منہ پر پھیردے، اسی طرح دوسری بار دونوں ہاتھوں کو مٹی پرمار کے انہیں  ہاتھوں پر کہنیوں تک  اس طرح مل لے کہ کوئی جگہ باقی نہ رہ جائے، اس سے پاکی حاصل ہوجائے گی۔</p><p style=""text-align:justify;"">نیز وضو اور غسل دونوں صورتوں میں پانی نہ ملنے یا استعمال پر قادر نہ ہونے کی بنا  پر تیمم کا یہی طریقہ ہے۔</p><p style=""margin-right:40px;text-align:justify;"">حضرت عمران رضی اللہ عنہ سے روایت ہے کہ ہم سفر میں رسول اللہ ﷺ کے ساتھ تھے، آپ ﷺ نے لوگوں کو نماز پڑھائی، جب آپ ﷺ نماز سے فارغ ہوکر اٹھے تو آپ ﷺ نے دیکھا ایک شخص ایک طرف علیحدہ کھڑے ہیں اور انہوں نے لوگوں کے ساتھ نماز نہیں پڑھی، آپ ﷺ نے فرمایا: اے فلاں! آپ کو کس چیز نے لوگوں کے ساتھ نماز ادا کرنے سے روکا؟ اس نے عرض کیا: مجھے جنابت (غسل کی حاجت) لاحق ہوگئی ہے اور پانی موجود نہیں ہے۔ آپ ﷺ نے فرمایا: تم پاک مٹی سے تیمم کرلو، یہ آپ کے لیے کافی ہے۔ (بخاری و مسلم)</p><p style=""margin-right:40px;text-align:justify;"">حضرت عمار رضی اللہ عنہ سے روایت ہے کہ ایک شخص حضرت عمر بن خطاب رضی اللہ عنہ کے پاس آیا اور کہا: مجھے جنابت لاحق ہوگئی ہے اور میں نے پانی نہیں پایا، (یعنی اب میں کیا کروں؟) حضرت عمار رضی اللہ عنہ نے حضرت عمر رضی اللہ عنہ سے فرمایا: کیا آپ کو یاد نہیں ہے کہ ہم ایک سفر میں ساتھ تھے، میں اور آپ،  (اور ہم دونوں کو غسل کی حاجت ہوئی تو) جہاں تک آپ کی بات ہے، آپ نے نماز ادا نہیں کی تھی (کیوں کہ یہ حکم ابھی معلوم نہیں تھا کہ غسلِ جنابت کے لیے پانی نہ ہو تو  وضو والا تیمم کافی ہوگا؟) اور جہاں تک میری (عمار کی) بات ہے تو میں نے مٹی میں لوٹ پوٹ ہوکر (یعنی یہ سمجھ کر کہ غسلِ جنابت کی جگہ تیمم کا طریقہ یہی ہوگا کہ پورے جسم پر مٹی لگائی جائے) نماز ادا کرلی تھی، پھر میں نے رسول اللہ ﷺ سے اس کا ذکر کیا تو آپ ﷺ نے فرمایا: آپ کے لیے اتنا ہی کافی تھا اور (یہ ارشاد فرماکر) رسول اللہ ﷺ نے اپنے دونوں ہاتھ زمین پر مار کر ان میں پھونکا، پھر انہیں اپنے چہرۂ مبارک پر پھیرا، پھر دونوں ہاتھوں پر پھیرا۔ (بخاری و مسلم)</p><p style=""text-align:justify;"">یہ بات ملحوظ رہے کہ اگر کوئی شخص بیمار ہو اور  غسل کرنے کے باعث جان جانے، یا کسی عضو کے تلف ہونے یا مرض کے بڑھ جانے کا خوف ہو  تو ایسی صورت میں تیمم کرنے کی اجازت ہوگی، لیکن اگر بیماری نہ ہو اور بیماری کا محض اندیشہ ہو  یا پانی گرم کرنے کا انتظام ہو  یا غسل کے بعد ہیٹر وغیرہ کا انتظام ہو، تو اس صورت میں تیمم کی اجازت نہ ہو گی۔</p><p style=""margin-right:40px;text-align:justify;""><span class=""ar_writing"">الدر المختار وحاشية ابن عابدين (رد المحتار) (1/ 232):</span></p><p style=""margin-right:40px;text-align:justify;""><span class=""ar_writing"">""(من عجز) مبتدأ خبره تيمم (عن استعمال الماء) المطلق الكافي لطهارته لصلاة تفوت إلى خلف (لبعده) ولو مقيماً في المصر (ميلاً) أربعة آلاف ذراع،  (أو لمرض) يشتد أو يمتد بغلبة ظن أو قول حاذق مسلم ولو بتحرك ... (أو برد) يهلك الجنب أو يمرضه.</span></p><p style=""margin-right:40px;text-align:justify;""><span class=""ar_writing""> (قوله: من عجز) العجز على نوعين: عجز من حيث الصورة والمعنى، وعجز من حيث المعنى فقط، فأشار إلى الأول بقوله لبعده، وإلى الثاني بقوله أو لمرض، أفاده في البحر.... (قوله: يهلك الجنب أو يمرضه) قيد بالجنب؛ لأن المحدث لايجوز له التيمم للبرد في الصحيح، خلافاً لبعض المشايخ، كما في الخانية والخلاصة وغيرهما. وفي المصفى أنه بالإجماع على الأصح، قال في الفتح وكأنه لعدم تحقيق ذلك في الوضوء عادة. اهـ. واستشكله الرملي بما صححه في الفتح وغيره في مسألة المسح على الخف من أنه لو خاف سقوط رجله من البرد بعد مضي مدته يجوز له التيمم. قال: وليس هذا إلا تيمم المحدث لخوفه على عضوه، فيتجه ما في الأسرار من اختيار قول بعض المشايخ.أقول: المختار في مسألة الخف هو المسح لا التيمم كما سيأتي في محله - إن شاء الله تعالى - نعم مفاد التعليل بعدم تحقيق الضرر في الوضوء عادة أنه لو تحقق جاز فيه أيضا اتفاقا، ولذا مشى عليه في الإمداد؛ لأن الحرج مدفوع بالنص، هو ظاهر إطلاق المتون (قوله: ولو في المصر) أي خلافاً لهما (قوله: ولا ما يدفئه) أي من ثوب يلبسه أو مكان يأويه. قال في البحر: فصار الأصل أنه متى قدر على الاغتسال بوجه من الوجوه لايباح له التيمم إجماعاً""۔</span></p><p style=""margin-right:40px;text-align:justify;""><span class=""ar_writing"">الفتاوى الهندية (1/ 28):<br/>
""وإذا خاف المحدث إن توضأ أن يقتله البرد أو يمرضه يتيمم، هكذا في الكافي. واختاره في الأسرار. لكن الأصح عدم جوازه إجماعاً، كذا في النهر الفائق. والصحيح أنه لايباح له التيمم، كذا في الخلاصة وفتاوى قاضي خان.ولو كان يجد الماء إلا أنه مريض يخاف إن استعمل الماء اشتد مرضه أو أبطأ برؤه يتيمم"". فقط والله أعلم</span></p></p><hr class=""big-hr""/>",30-03-2020,144108200286,banuri.edu.pk,طہارت,تیمم,تیمم/موزوں پر مسح,"<div class=""col-md-12 sawal-jawab""><h3 class=""question_heading"">سوال</h3><p><p style=""text-align:justify;"">تیمم میں کیا صرف چہرہ اور باز ؤں کو ہی مسح  کرنے سے پاکی ہو جائے گی؟ اگر غسل فرض ہو تو پھر تیمم کیسے کرے اور پا کیزہ کیسے ہو؟</p></p><h4 class=""question_heading"">جواب</h4><p><p style=""text-align:justify;"">جب  کسی شخص کو  اپنے ارد گرد  کم از کم ایک میل مسافت تک  پانی نہ ملے یا پانی  موجو دہونے کی صورت میں پانی کے استعمال سے بیمار ہوجانے یا مرض کے بڑھ جانے کا اندیشہ ہو تو تیمم کرنا جائز ہے، اور تیمم کا طریقہ یہ ہے کہ : پاکی کی نیت کرکے پہلے ایک بار دونوں ہاتھ  مٹی پر مار کر انہیں جھاڑ دے، پھر انہیں سارے منہ پر پھیردے، اسی طرح دوسری بار دونوں ہاتھوں کو مٹی پرمار کے انہیں  ہاتھوں پر کہنیوں تک  اس طرح مل لے کہ کوئی جگہ باقی نہ رہ جائے، اس سے پاکی حاصل ہوجائے گی۔</p><p style=""text-align:justify;"">نیز وضو اور غسل دونوں صورتوں میں پانی نہ ملنے یا استعمال پر قادر نہ ہونے کی بنا  پر تیمم کا یہی طریقہ ہے۔</p><p style=""margin-right:40px;text-align:justify;"">حضرت عمران رضی اللہ عنہ سے روایت ہے کہ ہم سفر میں رسول اللہ ﷺ کے ساتھ تھے، آپ ﷺ نے لوگوں کو نماز پڑھائی، جب آپ ﷺ نماز سے فارغ ہوکر اٹھے تو آپ ﷺ نے دیکھا ایک شخص ایک طرف علیحدہ کھڑے ہیں اور انہوں نے لوگوں کے ساتھ نماز نہیں پڑھی، آپ ﷺ نے فرمایا: اے فلاں! آپ کو کس چیز نے لوگوں کے ساتھ نماز ادا کرنے سے روکا؟ اس نے عرض کیا: مجھے جنابت (غسل کی حاجت) لاحق ہوگئی ہے اور پانی موجود نہیں ہے۔ آپ ﷺ نے فرمایا: تم پاک مٹی سے تیمم کرلو، یہ آپ کے لیے کافی ہے۔ (بخاری و مسلم)</p><p style=""margin-right:40px;text-align:justify;"">حضرت عمار رضی اللہ عنہ سے روایت ہے کہ ایک شخص حضرت عمر بن خطاب رضی اللہ عنہ کے پاس آیا اور کہا: مجھے جنابت لاحق ہوگئی ہے اور میں نے پانی نہیں پایا، (یعنی اب میں کیا کروں؟) حضرت عمار رضی اللہ عنہ نے حضرت عمر رضی اللہ عنہ سے فرمایا: کیا آپ کو یاد نہیں ہے کہ ہم ایک سفر میں ساتھ تھے، میں اور آپ،  (اور ہم دونوں کو غسل کی حاجت ہوئی تو) جہاں تک آپ کی بات ہے، آپ نے نماز ادا نہیں کی تھی (کیوں کہ یہ حکم ابھی معلوم نہیں تھا کہ غسلِ جنابت کے لیے پانی نہ ہو تو  وضو والا تیمم کافی ہوگا؟) اور جہاں تک میری (عمار کی) بات ہے تو میں نے مٹی میں لوٹ پوٹ ہوکر (یعنی یہ سمجھ کر کہ غسلِ جنابت کی جگہ تیمم کا طریقہ یہی ہوگا کہ پورے جسم پر مٹی لگائی جائے) نماز ادا کرلی تھی، پھر میں نے رسول اللہ ﷺ سے اس کا ذکر کیا تو آپ ﷺ نے فرمایا: آپ کے لیے اتنا ہی کافی تھا اور (یہ ارشاد فرماکر) رسول اللہ ﷺ نے اپنے دونوں ہاتھ زمین پر مار کر ان میں پھونکا، پھر انہیں اپنے چہرۂ مبارک پر پھیرا، پھر دونوں ہاتھوں پر پھیرا۔ (بخاری و مسلم)</p><p style=""text-align:justify;"">یہ بات ملحوظ رہے کہ اگر کوئی شخص بیمار ہو اور  غسل کرنے کے باعث جان جانے، یا کسی عضو کے تلف ہونے یا مرض کے بڑھ جانے کا خوف ہو  تو ایسی صورت میں تیمم کرنے کی اجازت ہوگی، لیکن اگر بیماری نہ ہو اور بیماری کا محض اندیشہ ہو  یا پانی گرم کرنے کا انتظام ہو  یا غسل کے بعد ہیٹر وغیرہ کا انتظام ہو، تو اس صورت میں تیمم کی اجازت نہ ہو گی۔</p><p style=""margin-right:40px;text-align:justify;""><span class=""ar_writing"">الدر المختار وحاشية ابن عابدين (رد المحتار) (1/ 232):</span></p><p style=""margin-right:40px;text-align:justify;""><span class=""ar_writing"">""(من عجز) مبتدأ خبره تيمم (عن استعمال الماء) المطلق الكافي لطهارته لصلاة تفوت إلى خلف (لبعده) ولو مقيماً في المصر (ميلاً) أربعة آلاف ذراع،  (أو لمرض) يشتد أو يمتد بغلبة ظن أو قول حاذق مسلم ولو بتحرك ... (أو برد) يهلك الجنب أو يمرضه.</span></p><p style=""margin-right:40px;text-align:justify;""><span class=""ar_writing""> (قوله: من عجز) العجز على نوعين: عجز من حيث الصورة والمعنى، وعجز من حيث المعنى فقط، فأشار إلى الأول بقوله لبعده، وإلى الثاني بقوله أو لمرض، أفاده في البحر.... (قوله: يهلك الجنب أو يمرضه) قيد بالجنب؛ لأن المحدث لايجوز له التيمم للبرد في الصحيح، خلافاً لبعض المشايخ، كما في الخانية والخلاصة وغيرهما. وفي المصفى أنه بالإجماع على الأصح، قال في الفتح وكأنه لعدم تحقيق ذلك في الوضوء عادة. اهـ. واستشكله الرملي بما صححه في الفتح وغيره في مسألة المسح على الخف من أنه لو خاف سقوط رجله من البرد بعد مضي مدته يجوز له التيمم. قال: وليس هذا إلا تيمم المحدث لخوفه على عضوه، فيتجه ما في الأسرار من اختيار قول بعض المشايخ.أقول: المختار في مسألة الخف هو المسح لا التيمم كما سيأتي في محله - إن شاء الله تعالى - نعم مفاد التعليل بعدم تحقيق الضرر في الوضوء عادة أنه لو تحقق جاز فيه أيضا اتفاقا، ولذا مشى عليه في الإمداد؛ لأن الحرج مدفوع بالنص، هو ظاهر إطلاق المتون (قوله: ولو في المصر) أي خلافاً لهما (قوله: ولا ما يدفئه) أي من ثوب يلبسه أو مكان يأويه. قال في البحر: فصار الأصل أنه متى قدر على الاغتسال بوجه من الوجوه لايباح له التيمم إجماعاً""۔</span></p><p style=""margin-right:40px;text-align:justify;""><span class=""ar_writing"">الفتاوى الهندية (1/ 28):<br/>
""وإذا خاف المحدث إن توضأ أن يقتله البرد أو يمرضه يتيمم، هكذا في الكافي. واختاره في الأسرار. لكن الأصح عدم جوازه إجماعاً، كذا في النهر الفائق. والصحيح أنه لايباح له التيمم، كذا في الخلاصة وفتاوى قاضي خان.ولو كان يجد الماء إلا أنه مريض يخاف إن استعمل الماء اشتد مرضه أو أبطأ برؤه يتيمم"". فقط والله أعلم</span></p></p><hr class=""big-hr""/><div class=""col-sm-6 col-md-6""><p class=""question_heading"" style=""color:#73161f"">فتوی نمبر : <a id=""fatwa_number"">144108200286</a></p></div><div class=""col-sm-6 col-md-6""><p style=""color:#73161f"">دارالافتاء :
                                جامعہ علوم اسلامیہ علامہ محمد یوسف بنوری ٹاؤن</p></div><hr class=""big-hr""/><div class=""col-sm-4 col-md-4""><div class=""tag""><a href=""https://www.banuri.edu.pk/questions/kitab/taharat""><i class=""icon-docs-bold""></i> طہارت</a></div></div><div class=""col-sm-4 col-md-4""><div class=""tag""><a href=""https://www.banuri.edu.pk/questions/bab/tayammum""><i class=""icon-docs-bold""></i> تیمم</a></div></div><div class=""col-sm-4 col-md-4""><div class=""tag""><a href=""https://www.banuri.edu.pk/questions/fasal/tayammum""><i class=""icon-docs-bold""></i> تیمم/موزوں پر مسح</a></div></div></div>"
https://www.banuri.edu.pk/readquestion/jumme-ka-khutba-parhne-ka-tareqa-144108200534/02-04-2020,جمعہ کا خطبہ پڑھنے کا طریقہ,"<p><p style=""text-align:justify;"">خطبہ جمعہ پڑھنے کا طریقہ کیا ہے؟</p></p>","<p><p style=""text-align:justify;"">جمعہ کا خطبہ پڑھنے کا طریقہ یہ ہے کہ  امام منبر یا کرسی  پر بیٹھے اور اس کے سامنے مؤذن جمعے کی اذانِ ثانی  کہے،  جب اذان ہو جائے  تو  امام نمازیوں کی طرف منہ کرکے منبر یا زمین پر کھڑا ہو اور خطبہ پڑھے۔ ایک خطبہ پڑھ کر ذراسی دیر (تقریباً تین مختصر آیات پڑھنے کی مقدار) بیٹھے، پھر  کھڑا ہوکر دوسرا خطبہ پڑھے، جب خطبہ ختم ہوجائے تو امام منبر سے اتر کر محراب کے سامنے (موجودہ حالات میں جہاں امام کا مصلی ہو، وہاں) آئے اور مؤذن تکبیر کہے۔  پھر سب کھڑے ہوکر امام کے ساتھ نماز پڑھیں۔</p><p style=""text-align:justify;"">اگر منبر  یا کرسی یا کوئی بھی اونچی چیز موجود نہ ہو تو خطبہ سے پہلے اور  دو خطبوں کے درمیان امام زمین پر بھی بیٹھ  سکتا ہے۔فقط واللہ اعلم</p><p style=""text-align:justify;"">جمعہ کے مختصر خطبے کے لیے درج ذیل لنک ملاحظہ کیجیے:</p><p style=""text-align:justify;""><a href=""https://www.banuri.edu.pk/readquestion/kuhtba-jumma-144108200092/26-03-2020"">مختصر خطبہ جمعہ</a></p></p><hr class=""big-hr""/>",02-04-2020,144108200534,banuri.edu.pk,نماز,جمعہ کی نماز,جمعہ و عیدین,"<div class=""col-md-12 sawal-jawab""><h3 class=""question_heading"">سوال</h3><p><p style=""text-align:justify;"">خطبہ جمعہ پڑھنے کا طریقہ کیا ہے؟</p></p><h4 class=""question_heading"">جواب</h4><p><p style=""text-align:justify;"">جمعہ کا خطبہ پڑھنے کا طریقہ یہ ہے کہ  امام منبر یا کرسی  پر بیٹھے اور اس کے سامنے مؤذن جمعے کی اذانِ ثانی  کہے،  جب اذان ہو جائے  تو  امام نمازیوں کی طرف منہ کرکے منبر یا زمین پر کھڑا ہو اور خطبہ پڑھے۔ ایک خطبہ پڑھ کر ذراسی دیر (تقریباً تین مختصر آیات پڑھنے کی مقدار) بیٹھے، پھر  کھڑا ہوکر دوسرا خطبہ پڑھے، جب خطبہ ختم ہوجائے تو امام منبر سے اتر کر محراب کے سامنے (موجودہ حالات میں جہاں امام کا مصلی ہو، وہاں) آئے اور مؤذن تکبیر کہے۔  پھر سب کھڑے ہوکر امام کے ساتھ نماز پڑھیں۔</p><p style=""text-align:justify;"">اگر منبر  یا کرسی یا کوئی بھی اونچی چیز موجود نہ ہو تو خطبہ سے پہلے اور  دو خطبوں کے درمیان امام زمین پر بھی بیٹھ  سکتا ہے۔فقط واللہ اعلم</p><p style=""text-align:justify;"">جمعہ کے مختصر خطبے کے لیے درج ذیل لنک ملاحظہ کیجیے:</p><p style=""text-align:justify;""><a href=""https://www.banuri.edu.pk/readquestion/kuhtba-jumma-144108200092/26-03-2020"">مختصر خطبہ جمعہ</a></p></p><hr class=""big-hr""/><div class=""col-sm-6 col-md-6""><p class=""question_heading"" style=""color:#73161f"">فتوی نمبر : <a id=""fatwa_number"">144108200534</a></p></div><div class=""col-sm-6 col-md-6""><p style=""color:#73161f"">دارالافتاء :
                                جامعہ علوم اسلامیہ علامہ محمد یوسف بنوری ٹاؤن</p></div><hr class=""big-hr""/><div class=""col-sm-4 col-md-4""><div class=""tag""><a href=""https://www.banuri.edu.pk/questions/kitab/salat""><i class=""icon-docs-bold""></i> نماز</a></div></div><div class=""col-sm-4 col-md-4""><div class=""tag""><a href=""https://www.banuri.edu.pk/questions/bab/jumaa""><i class=""icon-docs-bold""></i> جمعہ کی نماز</a></div></div><div class=""col-sm-4 col-md-4""><div class=""tag""><a href=""https://www.banuri.edu.pk/questions/fasal/juma-o-eidayn""><i class=""icon-docs-bold""></i> جمعہ و عیدین</a></div></div></div>"
https://www.banuri.edu.pk/readquestion/jumme-ki-namaz-main-masnon-qirat-144108200548/03-04-2020,جمعہ کی نماز میں مسنون قراءت,"<p><p style=""text-align:justify;"">گھر میں جمعہ کی نماز میں کون سی آیت پڑھ سکتے ہیں؟</p></p>","<p><p style=""text-align:justify;"">نمازِ جمعہ مسجد میں ادا کی جائے یا مسجد کے علاوہ کہیں اور ادا کی جائے دونوں صورتوں میں اس میں قراءت کا حکم یک ساں ہے۔</p><p style=""text-align:justify;"">آپ ﷺ  بسا اوقات جمعہ کی نماز میں  پہلی رکعت میں سورۂ اعلیٰ اور دوسری رکعت میں سورۂ غاشیہ،  یا پہلی میں سورۂ جمعہ اور دوسری میں سورۂ منافقون ، یا پہلی میں سورۂ جمعہ اور دوسری میں سورۂ غاشیہ  تلاوت فرمایا کرتے تھے، اس لیے کبھی کبھی اس کا معمول رکھنا مستحب ہے۔</p><p style=""text-align:justify;"">باقی جمعہ کی نماز میں بھی سورۂ فاتحہ کے بعد  کوئی بھی ایک بڑی آیت یا تین مختصر آیتوں (کم از کم تیس حروف کے بقدر) کی تلاوت کرلی  جائے تو  قراءت کی واجب مقدار ادا ہوجائے گی۔</p><p style=""text-align:justify;""><span class=""ar_writing"">صحيح مسلم (2/ 597):<br/>
""عن ابن أبي رافع، قال: استخلف مروان أبا هريرة على المدينة، وخرج إلى مكة، فصلى لنا أبو هريرة الجمعة، فقرأ بعد سورة الجمعة، في الركعة الآخرة: إذا جاءك المنافقون، قال: فأدركت أبا هريرة حين انصرف، فقلت له: إنك قرأت بسورتين كان علي بن أبي طالب يقرأ بهما بالكوفة، فقال أبو هريرة: «إني سمعت رسول الله صلى الله عليه وسلم، يقرأ بهما يوم الجمعة»... </span></p><p style=""text-align:justify;""><span class=""ar_writing"">عن النعمان بن بشير، قال: «كان رسول الله صلى الله عليه وسلم يقرأ في العيدين، وفي الجمعة بسبح اسم ربك الأعلى، وهل أتاك حديث الغاشية»، قال: «وإذا اجتمع العيد والجمعة، في يوم واحد، يقرأ بهما أيضا في الصلاتين»...</span></p><p style=""text-align:justify;""><span class=""ar_writing"">عن عبيد الله بن عبد الله، قال: كتب الضحاك بن قيس إلى النعمان بن بشير يسأله: أي شيء قرأ رسول الله صلى الله عليه وسلم يوم الجمعة، سوى سورة الجمعة؟ فقال: «كان يقرأ هل أتاك»"".</span></p><p style=""text-align:justify;""><span class=""ar_writing"">الدر المختار وحاشية ابن عابدين (رد المحتار) (1/ 544):<br/>
""(ولايتعين شيء من القرآن لصلاة على طريق الفرضية) بل تعين الفاتحة على وجه الوجوب (ويكره التعيين) كالسجدة و - {هل أتى} [الإنسان: 1]- لفجر كل جمعة، بل يندب قراءتهما أحيانًا (والمؤتم لايقرأ مطلقًا) ولا الفاتحة في السرية اتفاقًا.</span></p><p style=""text-align:justify;""><span class=""ar_writing"">(قوله: على طريق الفرضية) أي بحيث لاتصح صلاة بدونه كما يقول الشافعي في الفاتحة (قوله: ويكره التعين إلخ) هذه المسألة مفرعة على ما قبلها؛ لأن الشارع إذا لم يعين عليه شيئًا تيسيرًا عليه كره له أن يعين، وعلله في الهداية بقوله: لما فيه من هجر الباقي وإيهام التفضيل (قوله: بل يندب قراءتهما أحيانًا) قال في جامع الفتاوى: وهذا إذا صلى الوتر بجماعة، وإن صلى وحده يقرأ كيف شاء اهـ وفي فتح القدير: لأن مقتضى الدليل عدم المداومة لا المداومة على العدم كما يفعله حنفية العصر، فيستحب أن يقرأ ذلك أحيانًا تبركًا بالمأثور، فإن لزوم الإيهام ينتفي بالترك أحيانًا"". </span>فقط واللہ اعلم</p></p><hr class=""big-hr""/>",03-04-2020,144108200548,banuri.edu.pk,نماز,جمعہ کی نماز,جمعہ و عیدین,"<div class=""col-md-12 sawal-jawab""><h3 class=""question_heading"">سوال</h3><p><p style=""text-align:justify;"">گھر میں جمعہ کی نماز میں کون سی آیت پڑھ سکتے ہیں؟</p></p><h4 class=""question_heading"">جواب</h4><p><p style=""text-align:justify;"">نمازِ جمعہ مسجد میں ادا کی جائے یا مسجد کے علاوہ کہیں اور ادا کی جائے دونوں صورتوں میں اس میں قراءت کا حکم یک ساں ہے۔</p><p style=""text-align:justify;"">آپ ﷺ  بسا اوقات جمعہ کی نماز میں  پہلی رکعت میں سورۂ اعلیٰ اور دوسری رکعت میں سورۂ غاشیہ،  یا پہلی میں سورۂ جمعہ اور دوسری میں سورۂ منافقون ، یا پہلی میں سورۂ جمعہ اور دوسری میں سورۂ غاشیہ  تلاوت فرمایا کرتے تھے، اس لیے کبھی کبھی اس کا معمول رکھنا مستحب ہے۔</p><p style=""text-align:justify;"">باقی جمعہ کی نماز میں بھی سورۂ فاتحہ کے بعد  کوئی بھی ایک بڑی آیت یا تین مختصر آیتوں (کم از کم تیس حروف کے بقدر) کی تلاوت کرلی  جائے تو  قراءت کی واجب مقدار ادا ہوجائے گی۔</p><p style=""text-align:justify;""><span class=""ar_writing"">صحيح مسلم (2/ 597):<br/>
""عن ابن أبي رافع، قال: استخلف مروان أبا هريرة على المدينة، وخرج إلى مكة، فصلى لنا أبو هريرة الجمعة، فقرأ بعد سورة الجمعة، في الركعة الآخرة: إذا جاءك المنافقون، قال: فأدركت أبا هريرة حين انصرف، فقلت له: إنك قرأت بسورتين كان علي بن أبي طالب يقرأ بهما بالكوفة، فقال أبو هريرة: «إني سمعت رسول الله صلى الله عليه وسلم، يقرأ بهما يوم الجمعة»... </span></p><p style=""text-align:justify;""><span class=""ar_writing"">عن النعمان بن بشير، قال: «كان رسول الله صلى الله عليه وسلم يقرأ في العيدين، وفي الجمعة بسبح اسم ربك الأعلى، وهل أتاك حديث الغاشية»، قال: «وإذا اجتمع العيد والجمعة، في يوم واحد، يقرأ بهما أيضا في الصلاتين»...</span></p><p style=""text-align:justify;""><span class=""ar_writing"">عن عبيد الله بن عبد الله، قال: كتب الضحاك بن قيس إلى النعمان بن بشير يسأله: أي شيء قرأ رسول الله صلى الله عليه وسلم يوم الجمعة، سوى سورة الجمعة؟ فقال: «كان يقرأ هل أتاك»"".</span></p><p style=""text-align:justify;""><span class=""ar_writing"">الدر المختار وحاشية ابن عابدين (رد المحتار) (1/ 544):<br/>
""(ولايتعين شيء من القرآن لصلاة على طريق الفرضية) بل تعين الفاتحة على وجه الوجوب (ويكره التعيين) كالسجدة و - {هل أتى} [الإنسان: 1]- لفجر كل جمعة، بل يندب قراءتهما أحيانًا (والمؤتم لايقرأ مطلقًا) ولا الفاتحة في السرية اتفاقًا.</span></p><p style=""text-align:justify;""><span class=""ar_writing"">(قوله: على طريق الفرضية) أي بحيث لاتصح صلاة بدونه كما يقول الشافعي في الفاتحة (قوله: ويكره التعين إلخ) هذه المسألة مفرعة على ما قبلها؛ لأن الشارع إذا لم يعين عليه شيئًا تيسيرًا عليه كره له أن يعين، وعلله في الهداية بقوله: لما فيه من هجر الباقي وإيهام التفضيل (قوله: بل يندب قراءتهما أحيانًا) قال في جامع الفتاوى: وهذا إذا صلى الوتر بجماعة، وإن صلى وحده يقرأ كيف شاء اهـ وفي فتح القدير: لأن مقتضى الدليل عدم المداومة لا المداومة على العدم كما يفعله حنفية العصر، فيستحب أن يقرأ ذلك أحيانًا تبركًا بالمأثور، فإن لزوم الإيهام ينتفي بالترك أحيانًا"". </span>فقط واللہ اعلم</p></p><hr class=""big-hr""/><div class=""col-sm-6 col-md-6""><p class=""question_heading"" style=""color:#73161f"">فتوی نمبر : <a id=""fatwa_number"">144108200548</a></p></div><div class=""col-sm-6 col-md-6""><p style=""color:#73161f"">دارالافتاء :
                                جامعہ علوم اسلامیہ علامہ محمد یوسف بنوری ٹاؤن</p></div><hr class=""big-hr""/><div class=""col-sm-4 col-md-4""><div class=""tag""><a href=""https://www.banuri.edu.pk/questions/kitab/salat""><i class=""icon-docs-bold""></i> نماز</a></div></div><div class=""col-sm-4 col-md-4""><div class=""tag""><a href=""https://www.banuri.edu.pk/questions/bab/jumaa""><i class=""icon-docs-bold""></i> جمعہ کی نماز</a></div></div><div class=""col-sm-4 col-md-4""><div class=""tag""><a href=""https://www.banuri.edu.pk/questions/fasal/juma-o-eidayn""><i class=""icon-docs-bold""></i> جمعہ و عیدین</a></div></div></div>"
https://www.banuri.edu.pk/readquestion/qaza-roze-musalsal-rajhna-144108200549/03-04-2020,قضا روزے مسلسل رکھنا,"<p><p style=""text-align:justify;""> قضا روزے  بغیر کسی وقفے کے  رکھ  سکتے ہیں یعنی ہر روز?</p></p>","<p><p style=""text-align:justify;"">قضا روز ے مسلسل بلاناغہ رکھنا جائز ہے۔ فقط واللہ اعلم</p></p><hr class=""big-hr""/>",03-04-2020,144108200549,banuri.edu.pk,روزہ,روزہ,روزہ کی قضاء,"<div class=""col-md-12 sawal-jawab""><h3 class=""question_heading"">سوال</h3><p><p style=""text-align:justify;""> قضا روزے  بغیر کسی وقفے کے  رکھ  سکتے ہیں یعنی ہر روز?</p></p><h4 class=""question_heading"">جواب</h4><p><p style=""text-align:justify;"">قضا روز ے مسلسل بلاناغہ رکھنا جائز ہے۔ فقط واللہ اعلم</p></p><hr class=""big-hr""/><div class=""col-sm-6 col-md-6""><p class=""question_heading"" style=""color:#73161f"">فتوی نمبر : <a id=""fatwa_number"">144108200549</a></p></div><div class=""col-sm-6 col-md-6""><p style=""color:#73161f"">دارالافتاء :
                                جامعہ علوم اسلامیہ علامہ محمد یوسف بنوری ٹاؤن</p></div><hr class=""big-hr""/><div class=""col-sm-4 col-md-4""><div class=""tag""><a href=""https://www.banuri.edu.pk/questions/kitab/soum""><i class=""icon-docs-bold""></i> روزہ</a></div></div><div class=""col-sm-4 col-md-4""><div class=""tag""><a href=""https://www.banuri.edu.pk/questions/bab/roza""><i class=""icon-docs-bold""></i> روزہ</a></div></div><div class=""col-sm-4 col-md-4""><div class=""tag""><a href=""https://www.banuri.edu.pk/questions/fasal/rozay-ki-qaza""><i class=""icon-docs-bold""></i> روزہ کی قضاء</a></div></div></div>"
https://www.banuri.edu.pk/readquestion/isha-kay-bad-sonay-ki-tafseel-144108200279/30-03-2020,عشاء کے بعد سونے کی تفصیل,"<p><p style=""text-align:justify;"">کیا رات کو جلدی سونا سنت ہے؟</p></p>","<p><p style=""text-align:justify;"">احادیثِ مبارکہ میں عشاء کی نماز ادا کرنے کے بعد  قصہ گوئی کی ممانعت اور جلدی سونے کی ترغیب وارد ہے،  البتہ دینی امور (تعلیم،عبادت وغیرہ) یا اہم دنیاوی امور (مثلاً مسلمانوں کے اجتماعی نظم کے حوالے سے مشورہ وغیرہ) عشاء کے بعد انجام دینا،اسی طرح گھر والوں کے ساتھ گفتگو کرنا، یا گھر پر آئے ہوئے مہمانوں کی ضیافت وغیرہ احادیثِ مبارکہ سے ثابت ہے؛ لہٰذا رات کو عشاء کی نماز پڑھ کر جلدی سونا مستحب ہے،  تاہم عشاء کی نماز کے بعد دینی یا دنیوی ضرورت کے لیے جاگنا جائز ہے، جب کہ لا یعنی اور فضول کاموں یا گفتگو میں لگنا مکروہ ہے، نیز کسی کام میں اس طرح  لگنا جس سے فجر کی نماز قضا ہونے کا غالب گمان ہو، ناجائز ہے۔</p><p style=""text-align:justify;"">رسول اللہ ﷺ کی اس تعلیم پر عمل کیا جائے تو ان شاء اللہ تعالیٰ تمام مسلمان فجر کی نماز کے پابند ہوجائیں گے، بلکہ بڑی تعداد تہجد گزار ہوجائے گی، اور صبح کے اوقات میں از روئے حدیث اللہ پاک نے برکت رکھی ہے، لہٰذا مسلمانوں کو چاہیے کہ رات کو جلدی سونے اور فجر کی نماز باجماعت کا اہتمام کریں، اور صبح صبح دکانیں، بازار کھولیں، اس بابرکت وقت کی تجارت میں اللہ سبحانہ وتعالیٰ زیادہ نفع اور برکت عطا فرمائیں گے۔ موجودہ دور میں عشاء کے بعد دیر تک دنیاوی مشغولیات کی حوصلہ شکنی کی ضرورت ہے، جس کے دینی و دنیاوی مفاسد عیاں ہیں۔</p><p style=""text-align:justify;""><span class=""ar_writing"">الدر المختار وحاشية ابن عابدين (رد المحتار) (1 / 368):<br/>
""وقال الزيلعي: وإنما كره الحديث بعده؛ لأنه ربما يؤدي إلى اللغو أو إلى تفويت الصبح أو قيام الليل لمن له عادة به، وإذا كان لحاجة مهمة فلا بأس، وكذا قراءة القرآن والذكر وحكايات الصالحين والفقه والحديث مع الضيف. اهـ. والمعنى فيه أن يكون اختتام الصحيفة بالعبادة، كما جعل ابتداؤها بها ليمحى ما بينهما من الزلات، ولذاكره الكلام قبل صلاة الفجر، وتمامه في الإمداد.<br/>
ويؤخذ من كلام الزيلعي أنه لو كان لحاجة لايكره وإن خشي فوت الصبح؛ لأنه ليس في النوم تفريط وإنما التفريط على من أخرج الصلاة عن وقتها كما في حديث مسلم، نعم لو غلب على ظنه تفويت الصبح لايحل؛ لأنه يكون تفريطًا، تأمل"". فقط و الله أعلم</span></p></p><hr class=""big-hr""/>",30-03-2020,144108200279,banuri.edu.pk,متفرق کتب,متفرق ابواب,متفرق فصول,"<div class=""col-md-12 sawal-jawab""><h3 class=""question_heading"">سوال</h3><p><p style=""text-align:justify;"">کیا رات کو جلدی سونا سنت ہے؟</p></p><h4 class=""question_heading"">جواب</h4><p><p style=""text-align:justify;"">احادیثِ مبارکہ میں عشاء کی نماز ادا کرنے کے بعد  قصہ گوئی کی ممانعت اور جلدی سونے کی ترغیب وارد ہے،  البتہ دینی امور (تعلیم،عبادت وغیرہ) یا اہم دنیاوی امور (مثلاً مسلمانوں کے اجتماعی نظم کے حوالے سے مشورہ وغیرہ) عشاء کے بعد انجام دینا،اسی طرح گھر والوں کے ساتھ گفتگو کرنا، یا گھر پر آئے ہوئے مہمانوں کی ضیافت وغیرہ احادیثِ مبارکہ سے ثابت ہے؛ لہٰذا رات کو عشاء کی نماز پڑھ کر جلدی سونا مستحب ہے،  تاہم عشاء کی نماز کے بعد دینی یا دنیوی ضرورت کے لیے جاگنا جائز ہے، جب کہ لا یعنی اور فضول کاموں یا گفتگو میں لگنا مکروہ ہے، نیز کسی کام میں اس طرح  لگنا جس سے فجر کی نماز قضا ہونے کا غالب گمان ہو، ناجائز ہے۔</p><p style=""text-align:justify;"">رسول اللہ ﷺ کی اس تعلیم پر عمل کیا جائے تو ان شاء اللہ تعالیٰ تمام مسلمان فجر کی نماز کے پابند ہوجائیں گے، بلکہ بڑی تعداد تہجد گزار ہوجائے گی، اور صبح کے اوقات میں از روئے حدیث اللہ پاک نے برکت رکھی ہے، لہٰذا مسلمانوں کو چاہیے کہ رات کو جلدی سونے اور فجر کی نماز باجماعت کا اہتمام کریں، اور صبح صبح دکانیں، بازار کھولیں، اس بابرکت وقت کی تجارت میں اللہ سبحانہ وتعالیٰ زیادہ نفع اور برکت عطا فرمائیں گے۔ موجودہ دور میں عشاء کے بعد دیر تک دنیاوی مشغولیات کی حوصلہ شکنی کی ضرورت ہے، جس کے دینی و دنیاوی مفاسد عیاں ہیں۔</p><p style=""text-align:justify;""><span class=""ar_writing"">الدر المختار وحاشية ابن عابدين (رد المحتار) (1 / 368):<br/>
""وقال الزيلعي: وإنما كره الحديث بعده؛ لأنه ربما يؤدي إلى اللغو أو إلى تفويت الصبح أو قيام الليل لمن له عادة به، وإذا كان لحاجة مهمة فلا بأس، وكذا قراءة القرآن والذكر وحكايات الصالحين والفقه والحديث مع الضيف. اهـ. والمعنى فيه أن يكون اختتام الصحيفة بالعبادة، كما جعل ابتداؤها بها ليمحى ما بينهما من الزلات، ولذاكره الكلام قبل صلاة الفجر، وتمامه في الإمداد.<br/>
ويؤخذ من كلام الزيلعي أنه لو كان لحاجة لايكره وإن خشي فوت الصبح؛ لأنه ليس في النوم تفريط وإنما التفريط على من أخرج الصلاة عن وقتها كما في حديث مسلم، نعم لو غلب على ظنه تفويت الصبح لايحل؛ لأنه يكون تفريطًا، تأمل"". فقط و الله أعلم</span></p></p><hr class=""big-hr""/><div class=""col-sm-6 col-md-6""><p class=""question_heading"" style=""color:#73161f"">فتوی نمبر : <a id=""fatwa_number"">144108200279</a></p></div><div class=""col-sm-6 col-md-6""><p style=""color:#73161f"">دارالافتاء :
                                جامعہ علوم اسلامیہ علامہ محمد یوسف بنوری ٹاؤن</p></div><hr class=""big-hr""/><div class=""col-sm-4 col-md-4""><div class=""tag""><a href=""https://www.banuri.edu.pk/questions/kitab/mutafarriq-kutub""><i class=""icon-docs-bold""></i> متفرق کتب</a></div></div><div class=""col-sm-4 col-md-4""><div class=""tag""><a href=""https://www.banuri.edu.pk/questions/bab/mutafarriq-abwab""><i class=""icon-docs-bold""></i> متفرق ابواب</a></div></div><div class=""col-sm-4 col-md-4""><div class=""tag""><a href=""https://www.banuri.edu.pk/questions/fasal/mutafarriq-fusool""><i class=""icon-docs-bold""></i> متفرق فصول</a></div></div></div>"
https://www.banuri.edu.pk/readquestion/aj-kal-3-april-2020-ko-peshawar-main-sehri-ka-waqt-144108200263/29-03-2020,آج کل مؤرخہ ۳ اپریل 2020 کو پشاور میں سحری کا وقت,"<p><p style=""text-align:justify;"">میں پشاور سے تعلق رکھتاہوں، مجھے سحری کا وقت بتادیں کس وقت شروع ہوتا ہے اور کس وقت بند ہو جاتا ہے؟</p></p>","<p><p style=""text-align:justify;"">پشاور شہر میں آج کل (۳ اپریل ۲۰۲۰) سحری کا انتہائی وقت تقریباً ساڑھے چار بجے ہے؛ کیوں کہ ۴ بج کر ۳۳ منٹ پر صبح صادق ہوجاتا ہے، باقی رات کو جس وقت بھی آنکھ  کھلے،  صبح صادق (ساڑھے چار بجے)  سے پہلے پہلے سحری کی جاسکتی ہے،  البتہ افضل یہ ہے کہ رات کے آخری حصہ میں سحری کی جائے،صبح صادق سے بہت دیر پہلے سحری کا معمول بنانا درست نہیں ہے، صبح صادق سے اس قدر پہلے سحری شروع کرنی چاہیے کہ اطمینان سے سحری کر کے ایسے وقت میں بند کی جاسکے  کہ یقین ہو کہ صبح ہونے سے پہلے پہلے کھانا بند کردیا گیا ہے، بالکل آخری وقت تک کھانا صحیح نہیں کہ شک پیدا نہ ہو جائے۔ فقط واللہ اعلم</p></p><hr class=""big-hr""/>",29-03-2020,144108200263,banuri.edu.pk,نماز,نمازوں کے اوقات,نمازوں کے اوقات,"<div class=""col-md-12 sawal-jawab""><h3 class=""question_heading"">سوال</h3><p><p style=""text-align:justify;"">میں پشاور سے تعلق رکھتاہوں، مجھے سحری کا وقت بتادیں کس وقت شروع ہوتا ہے اور کس وقت بند ہو جاتا ہے؟</p></p><h4 class=""question_heading"">جواب</h4><p><p style=""text-align:justify;"">پشاور شہر میں آج کل (۳ اپریل ۲۰۲۰) سحری کا انتہائی وقت تقریباً ساڑھے چار بجے ہے؛ کیوں کہ ۴ بج کر ۳۳ منٹ پر صبح صادق ہوجاتا ہے، باقی رات کو جس وقت بھی آنکھ  کھلے،  صبح صادق (ساڑھے چار بجے)  سے پہلے پہلے سحری کی جاسکتی ہے،  البتہ افضل یہ ہے کہ رات کے آخری حصہ میں سحری کی جائے،صبح صادق سے بہت دیر پہلے سحری کا معمول بنانا درست نہیں ہے، صبح صادق سے اس قدر پہلے سحری شروع کرنی چاہیے کہ اطمینان سے سحری کر کے ایسے وقت میں بند کی جاسکے  کہ یقین ہو کہ صبح ہونے سے پہلے پہلے کھانا بند کردیا گیا ہے، بالکل آخری وقت تک کھانا صحیح نہیں کہ شک پیدا نہ ہو جائے۔ فقط واللہ اعلم</p></p><hr class=""big-hr""/><div class=""col-sm-6 col-md-6""><p class=""question_heading"" style=""color:#73161f"">فتوی نمبر : <a id=""fatwa_number"">144108200263</a></p></div><div class=""col-sm-6 col-md-6""><p style=""color:#73161f"">دارالافتاء :
                                جامعہ علوم اسلامیہ علامہ محمد یوسف بنوری ٹاؤن</p></div><hr class=""big-hr""/><div class=""col-sm-4 col-md-4""><div class=""tag""><a href=""https://www.banuri.edu.pk/questions/kitab/salat""><i class=""icon-docs-bold""></i> نماز</a></div></div><div class=""col-sm-4 col-md-4""><div class=""tag""><a href=""https://www.banuri.edu.pk/questions/bab/namazon-k-auqat""><i class=""icon-docs-bold""></i> نمازوں کے اوقات</a></div></div><div class=""col-sm-4 col-md-4""><div class=""tag""><a href=""https://www.banuri.edu.pk/questions/fasal/namazon-k-auqat""><i class=""icon-docs-bold""></i> نمازوں کے اوقات</a></div></div></div>"
https://www.banuri.edu.pk/readquestion/sunnat-e-moqada-aur-gair-muqada-parhnay-ka-tariqa-144108200217/28-03-2020,سنتِ موکدہ اور غیر موکدہ پڑھنے کا طریقہ,"<p><p style=""text-align:justify;"">سنتِ مؤکدہ اور غیر مؤکدہ کو کس طرح پڑھا جاتا ہے؟ تفصیل سے بتا دیں، ممکن ہو تو مثال سے بھی سمجھا دیں۔</p></p>","<p><p style=""text-align:justify;"">سنتیں، مؤکدہ ہوں یا غیرمؤکدہ ، دو ہوں یا چار، ان کی ہر رکعت میں سورۂ فاتحہ کے ساتھ  سورت یا کم از کم تین مختصر آیات یا ایک طویل آیت ملانا واجب ہے۔</p><p style=""text-align:justify;"">البتہ چار رکعات سنتِ مؤکدہ  میں (جیسے ظہر  اور جمعے سے پہلے کی چار رکعات اور جمعے کے بعد کی چار رکعات میں) پہلے قعدہ  میں صرف تشہد  پڑھ  کے تیسری رکعت کے  لیے اٹھ جانا واجب ہے، درود اور دعا  کا پڑھنا جائزنہیں۔  اور سنتِ غیر مؤکدہ  (جیسے عصر اور عشاء سے پہلے کی چار رکعات) میں افضل یہ ہے کے پہلے قعدہ میں بھی درود شریف اور دعا  پڑھ کر تیسری رکعت کے لیے اٹھا جائے اور پھر تیسری رکعت کا آغاز بھی ثنا اور تعوذ و تسمیہ سے کیاجائے، تاہم اگر کسی نے ایسے نہ کیا تو بھی سنتِ غیر مؤکدہ ادا ہوجائیں گی۔ فقط واللہ اعلم</p></p><hr class=""big-hr""/>",28-03-2020,144108200217,banuri.edu.pk,نماز,نماز کی شرائط,نماز اور اس کی شرائط و ارکان ، سنن و آداب,"<div class=""col-md-12 sawal-jawab""><h3 class=""question_heading"">سوال</h3><p><p style=""text-align:justify;"">سنتِ مؤکدہ اور غیر مؤکدہ کو کس طرح پڑھا جاتا ہے؟ تفصیل سے بتا دیں، ممکن ہو تو مثال سے بھی سمجھا دیں۔</p></p><h4 class=""question_heading"">جواب</h4><p><p style=""text-align:justify;"">سنتیں، مؤکدہ ہوں یا غیرمؤکدہ ، دو ہوں یا چار، ان کی ہر رکعت میں سورۂ فاتحہ کے ساتھ  سورت یا کم از کم تین مختصر آیات یا ایک طویل آیت ملانا واجب ہے۔</p><p style=""text-align:justify;"">البتہ چار رکعات سنتِ مؤکدہ  میں (جیسے ظہر  اور جمعے سے پہلے کی چار رکعات اور جمعے کے بعد کی چار رکعات میں) پہلے قعدہ  میں صرف تشہد  پڑھ  کے تیسری رکعت کے  لیے اٹھ جانا واجب ہے، درود اور دعا  کا پڑھنا جائزنہیں۔  اور سنتِ غیر مؤکدہ  (جیسے عصر اور عشاء سے پہلے کی چار رکعات) میں افضل یہ ہے کے پہلے قعدہ میں بھی درود شریف اور دعا  پڑھ کر تیسری رکعت کے لیے اٹھا جائے اور پھر تیسری رکعت کا آغاز بھی ثنا اور تعوذ و تسمیہ سے کیاجائے، تاہم اگر کسی نے ایسے نہ کیا تو بھی سنتِ غیر مؤکدہ ادا ہوجائیں گی۔ فقط واللہ اعلم</p></p><hr class=""big-hr""/><div class=""col-sm-6 col-md-6""><p class=""question_heading"" style=""color:#73161f"">فتوی نمبر : <a id=""fatwa_number"">144108200217</a></p></div><div class=""col-sm-6 col-md-6""><p style=""color:#73161f"">دارالافتاء :
                                جامعہ علوم اسلامیہ علامہ محمد یوسف بنوری ٹاؤن</p></div><hr class=""big-hr""/><div class=""col-sm-4 col-md-4""><div class=""tag""><a href=""https://www.banuri.edu.pk/questions/kitab/salat""><i class=""icon-docs-bold""></i> نماز</a></div></div><div class=""col-sm-4 col-md-4""><div class=""tag""><a href=""https://www.banuri.edu.pk/questions/bab/namaz-ki-sharait""><i class=""icon-docs-bold""></i> نماز کی شرائط</a></div></div><div class=""col-sm-4 col-md-4""><div class=""tag""><a href=""https://www.banuri.edu.pk/questions/fasal/namaz-or-us-ki-sharait-o-arkaan-sunan-o-aadab""><i class=""icon-docs-bold""></i> نماز اور اس کی شرائط و ارکان ، سنن و آداب</a></div></div></div>"
https://www.banuri.edu.pk/readquestion/144107201244-144107201244/25-03-2020,کیا وبا کے موقع پر اذان دینا قرآن و حدیث سے ثابت ہے؟,"<p><p style=""text-align:justify;"">وبا کے دنوں میں اذان دینا قرآن و حدیث سے ثابت ہے کیا؟  اگر ہے تو  کوئی حوالہ دیجیے گا؛ کیوں کہ آج کل وبا کی وجہ سے لوگ گھروں اور محلے میں اذان دے رہے ہیں!</p></p>","<hr class=""big-hr""/>",25-03-2020,144107201244,banuri.edu.pk,نماز,اذان,اذان و اقامت,"<div class=""col-md-12 sawal-jawab""><h3 class=""question_heading"">سوال</h3><p><p style=""text-align:justify;"">وبا کے دنوں میں اذان دینا قرآن و حدیث سے ثابت ہے کیا؟  اگر ہے تو  کوئی حوالہ دیجیے گا؛ کیوں کہ آج کل وبا کی وجہ سے لوگ گھروں اور محلے میں اذان دے رہے ہیں!</p></p><h4 class=""question_heading"">جواب</h4><p><p style=""text-align:justify;"">وبا کے خاتمے کے لیے اذان دینا قرآن و حدیث سے ثابت نہیں ہے، نیز فقہائے احناف سے بھی اس موقع پر اذان دینے کے بارے میں کوئی روایت منقول نہیں ہے، البتہ شوافع کے ہاں  مصائب، شدائد اور عمومی پریشانیوں کے بعض مواقع پر اذان دینے کی اجازت منقول ہے؛ اس لیے وبا کے خاتمے کے لیے اذان دینے کی گنجائش ہوگی، تاہم یہ اذان مساجد میں نہ دی جائے،  نیز اس انداز سے بھی نہ دی جائے کہ نماز کے لیے اذان ہونے کا اشتباہ ہو۔</p><p style=""text-align:justify;"">کفایت المفتی میں ہے :</p><p style=""text-align:justify;"">’’سوال : دفع وباء کے لیے اذان دینا جائز ہے یا نہیں؟ تنہا یا گروہ کے ساتھ مسجد میں یا گھر میں؟</p><p style=""text-align:justify;"">جواب : دفع وباء کے لیے اذانیں دینا تنہا یا جمع ہوکر بطور علاج اور عمل کے مباح ہے، سنت یا مستحب نہیں‘‘۔  (۳ / ۵۲، دار الاشاعت)</p><p>فتاوی محمودیہ میں ہے :</p><p>’’بلا کے دفعیہ کے لیے اذان کہنا ثابت بلکہ مستحب ہے، اور بخار کے دفعیہ کے لیے اذان کہنا ثابت نہیں ہے۔ شرعاً دفع بلا کے لیے اذان اس طرح کہی جائے کہ اذان نماز کا اشتباہ نہ ہو‘‘۔ (۳ / ۲۹۸، دار الافتاء فاروقیہ )</p><p style=""text-align:justify;""><span class=""ar_writing"">مرقاة المفاتيح شرح مشكاة المصابيح (2 / 547):<br/>
""وخرج بها الأذان الذي يسن لغير الصلاة كالأذان في أذن المولود اليمنى، والإقامة في اليسرى، ويسن أيضًا عن الهم وسوء الخلق لخبر الديلمي، «عن علي: رآني النبي صلى الله عليه وسلم حزينًا فقال: (يا ابن أبي طالب إني أراك حزينًا فمر بعض أهلك يؤذن في أذنك، فإنه درأ الهم) قال: فجربته فوجدته كذلك». وقال: كل من رواته إلى علي أنه جربه، فوجده كذلك. وروى الديلمي عنه قال: قال رسول الله صلى الله عليه وسلم: ( «من ساء خلقه من إنسان أو دابة فأذنوا في أذنه» )"".</span></p><p style=""text-align:justify;""><span class=""ar_writing"">الدر المختار وحاشية ابن عابدين (رد المحتار) (1 / 385):<br/>
""(قوله: لايسن لغيرها) أي من الصلوات وإلا فيندب للمولود. وفي حاشية البحر الرملي: رأيت في كتب الشافعية أنه قد يسن الأذان لغير الصلاة، كما في أذان المولود، والمهموم، والمصروع، والغضبان، ومن ساء خلقه من إنسان أو بهيمة، وعند مزدحم الجيش، وعند الحريق، قيل: وعند إنزال الميت القبر؛ قياسًا على أول خروجه للدنيا، لكن رده ابن حجر في شرح العباب، وعند تغول الغيلان: أي عند تمرد الجن لخبر صحيح فيه. أقول: ولا بعد فيه عندنا. اهـ. أي لأن ما صح فيه الخبر بلا معارض فهو مذهب للمجتهد وإن لم ينص عليه، لما قدمناه في الخطبة عن الحافظ ابن عبد البر والعارف الشعراني عن كل من الأئمة الأربعة أنه قال: إذا صح الحديث فهو مذهبي، على أنه في فضائل الأعمال يجوز العمل بالحديث الضعيف كما مر أول كتاب الطهارة، هذا، وزاد ابن حجر في التحفة الأذان والإقامة خلف المسافر. قال المدني: أقول وزاد في شرعة الإسلام لمن ضل الطريق في أرض قفر: أي خالية من الناس. وقال المنلا علي في شرح المشكاة قالوا: يسن للمهموم أن يأمر غيره أن يؤذن في أذانه فإنه يزيل الهم، كذا عن علي - رضي الله عنه - ونقل الأحاديث الواردة في ذلك فراجعه. اهـ"". فقط و الله أعلم</span></p></p><hr class=""big-hr""/><div class=""col-sm-6 col-md-6""><p class=""question_heading"" style=""color:#73161f"">فتوی نمبر : <a id=""fatwa_number"">144107201244</a></p></div><div class=""col-sm-6 col-md-6""><p style=""color:#73161f"">دارالافتاء :
                                جامعہ علوم اسلامیہ علامہ محمد یوسف بنوری ٹاؤن</p></div><hr class=""big-hr""/><div class=""col-sm-4 col-md-4""><div class=""tag""><a href=""https://www.banuri.edu.pk/questions/kitab/salat""><i class=""icon-docs-bold""></i> نماز</a></div></div><div class=""col-sm-4 col-md-4""><div class=""tag""><a href=""https://www.banuri.edu.pk/questions/bab/azan""><i class=""icon-docs-bold""></i> اذان</a></div></div><div class=""col-sm-4 col-md-4""><div class=""tag""><a href=""https://www.banuri.edu.pk/questions/fasal/azan-o-iqamat""><i class=""icon-docs-bold""></i> اذان و اقامت</a></div></div></div>"
https://www.banuri.edu.pk/readquestion/144107201209-144107201209/24-03-2020,وبا کے موقع پر اذان,"<p><p style=""text-align:justify;"">کرونا وائرس سے چھٹکارے کی نیت سے سب لوگو ں کا گھروں کی چھتوں پر اذان دینے کا کیا حکم ہے؟</p></p>","<hr class=""big-hr""/>",24-03-2020,144107201209,banuri.edu.pk,نماز,اذان,اذان و اقامت,"<div class=""col-md-12 sawal-jawab""><h3 class=""question_heading"">سوال</h3><p><p style=""text-align:justify;"">کرونا وائرس سے چھٹکارے کی نیت سے سب لوگو ں کا گھروں کی چھتوں پر اذان دینے کا کیا حکم ہے؟</p></p><h4 class=""question_heading"">جواب</h4><p><p style=""text-align:justify;"">وبا کے خاتمے کے لیے اذان دینے کے بارے میں فقہائے احناف سے کوئی روایت منقول نہیں ہے، البتہ شوافع کے ہاں  مصائب، شدائد اور عمومی پریشانیوں کے بعض مواقع پر اذان دینے کی اجازت منقول ہے؛ اس لیے وبا کے خاتمے کے لیے اذان دینے کی گنجائش ہے، تاہم یہ اذان مساجد میں نہ دی جائے، نیز نماز کے لیے اذان ہونے کا اشتباہ بھی نہ ہو۔</p><p style=""text-align:justify;"">کفایت المفتی میں ہے :</p><p style=""text-align:justify;"">’’سوال : دفع وباء کے لیے اذان دینا جائز ہے یا نہیں؟ تنہا یا گروہ کے ساتھ مسجد میں یا گھر میں؟</p><p style=""text-align:justify;"">جواب : دفع وباء کے لیے اذانیں دینا تنہا یا جمع ہوکر بطور علاج اور عمل کے مباح ہے، سنت یا مستحب نہیں‘‘۔  (۳ / ۵۲، دار الاشاعت)</p><p style=""text-align:justify;""><span class=""ar_writing"">مرقاة المفاتيح شرح مشكاة المصابيح (2 / 547):<br/>
""وخرج بها الأذان الذي يسن لغير الصلاة كالأذان في أذن المولود اليمنى، والإقامة في اليسرى، ويسن أيضًا عن الهم وسوء الخلق لخبر الديلمي، «عن علي: رآني النبي صلى الله عليه وسلم حزينًا فقال: (يا ابن أبي طالب إني أراك حزينًا فمر بعض أهلك يؤذن في أذنك، فإنه درأ الهم) قال: فجربته فوجدته كذلك». وقال: كل من رواته إلى علي أنه جربه، فوجده كذلك. وروى الديلمي عنه قال: قال رسول الله صلى الله عليه وسلم: ( «من ساء خلقه من إنسان أو دابة فأذنوا في أذنه» )"".</span></p><p style=""text-align:justify;""><span class=""ar_writing"">الدر المختار وحاشية ابن عابدين (رد المحتار) (1 / 385):<br/>
""(قوله: لايسن لغيرها) أي من الصلوات وإلا فيندب للمولود. وفي حاشية البحر الرملي: رأيت في كتب الشافعية أنه قد يسن الأذان لغير الصلاة، كما في أذان المولود، والمهموم، والمصروع، والغضبان، ومن ساء خلقه من إنسان أو بهيمة، وعند مزدحم الجيش، وعند الحريق، قيل: وعند إنزال الميت القبر؛ قياسًا على أول خروجه للدنيا، لكن رده ابن حجر في شرح العباب، وعند تغول الغيلان: أي عند تمرد الجن لخبر صحيح فيه. أقول: ولا بعد فيه عندنا. اهـ. أي لأن ما صح فيه الخبر بلا معارض فهو مذهب للمجتهد وإن لم ينص عليه، لما قدمناه في الخطبة عن الحافظ ابن عبد البر والعارف الشعراني عن كل من الأئمة الأربعة أنه قال: إذا صح الحديث فهو مذهبي، على أنه في فضائل الأعمال يجوز العمل بالحديث الضعيف كما مر أول كتاب الطهارة، هذا، وزاد ابن حجر في التحفة الأذان والإقامة خلف المسافر. قال المدني: أقول وزاد في شرعة الإسلام لمن ضل الطريق في أرض قفر: أي خالية من الناس. وقال المنلا علي في شرح المشكاة قالوا: يسن للمهموم أن يأمر غيره أن يؤذن في أذانه فإنه يزيل الهم، كذا عن علي - رضي الله عنه - ونقل الأحاديث الواردة في ذلك فراجعه. اهـ"". فقط و الله أعلم</span></p></p><hr class=""big-hr""/><div class=""col-sm-6 col-md-6""><p class=""question_heading"" style=""color:#73161f"">فتوی نمبر : <a id=""fatwa_number"">144107201209</a></p></div><div class=""col-sm-6 col-md-6""><p style=""color:#73161f"">دارالافتاء :
                                جامعہ علوم اسلامیہ علامہ محمد یوسف بنوری ٹاؤن</p></div><hr class=""big-hr""/><div class=""col-sm-4 col-md-4""><div class=""tag""><a href=""https://www.banuri.edu.pk/questions/kitab/salat""><i class=""icon-docs-bold""></i> نماز</a></div></div><div class=""col-sm-4 col-md-4""><div class=""tag""><a href=""https://www.banuri.edu.pk/questions/bab/azan""><i class=""icon-docs-bold""></i> اذان</a></div></div><div class=""col-sm-4 col-md-4""><div class=""tag""><a href=""https://www.banuri.edu.pk/questions/fasal/azan-o-iqamat""><i class=""icon-docs-bold""></i> اذان و اقامت</a></div></div></div>"
https://www.banuri.edu.pk/readquestion/khof-ya-wabayi-amraz-kay-liyay-chat-par-azan-144107201180/24-03-2020,خوف یا وبائی امراض کے لیے چھت پر اذان,"<p><p style=""text-align:justify;"">خوف یا ڈر اور وبائی امراض کے وقت گھر کی چھت پر اذان دینا کیسا ہے؟</p></p>","<hr class=""big-hr""/>",24-03-2020,144107201180,banuri.edu.pk,نماز,اذان,اذان و اقامت,"<div class=""col-md-12 sawal-jawab""><h3 class=""question_heading"">سوال</h3><p><p style=""text-align:justify;"">خوف یا ڈر اور وبائی امراض کے وقت گھر کی چھت پر اذان دینا کیسا ہے؟</p></p><h4 class=""question_heading"">جواب</h4><p><p style=""text-align:justify;"">وبا کے خاتمے کے لیے اذان دینے کے بارے میں فقہائے احناف سے کوئی روایت منقول نہیں ہے، البتہ شوافع کے ہاں  مصائب، شدائد اور عمومی پریشانیوں کے بعض مواقع پر اذان دینے کی اجازت منقول ہے؛ اس لیے وبا کے خاتمے کے لیے اذان دینے کی گنجائش ہے، تاہم یہ اذان مساجد میں نہ دی جائے، نیز نماز کے لیے اذان ہونے کا اشتباہ بھی نہ ہو۔</p><p style=""text-align:justify;"">کفایت المفتی میں ہے :</p><p style=""text-align:justify;"">’’سوال : دفع وباء کے لیے اذان دینا جائز ہے یا نہیں؟ تنہا یا گروہ کے ساتھ مسجد میں یا گھر میں؟</p><p style=""text-align:justify;"">جواب : دفع وباء کے لیے اذانیں دینا تنہا یا جمع ہوکر بطور علاج اور عمل کے مباح ہے، سنت یا مستحب نہیں‘‘۔  (۳ / ۵۲، دار الاشاعت)</p><p style=""text-align:justify;""><span class=""ar_writing"">مرقاة المفاتيح شرح مشكاة المصابيح (2 / 547):<br/>
""وخرج بها الأذان الذي يسن لغير الصلاة كالأذان في أذن المولود اليمنى، والإقامة في اليسرى، ويسن أيضًا عن الهم وسوء الخلق لخبر الديلمي، «عن علي: رآني النبي صلى الله عليه وسلم حزينًا فقال: (يا ابن أبي طالب إني أراك حزينًا فمر بعض أهلك يؤذن في أذنك، فإنه درأ الهم) قال: فجربته فوجدته كذلك». وقال: كل من رواته إلى علي أنه جربه، فوجده كذلك. وروى الديلمي عنه قال: قال رسول الله صلى الله عليه وسلم: ( «من ساء خلقه من إنسان أو دابة فأذنوا في أذنه» )"".</span></p><p style=""text-align:justify;""><span class=""ar_writing"">الدر المختار وحاشية ابن عابدين (رد المحتار) (1 / 385):<br/>
""(قوله: لايسن لغيرها) أي من الصلوات وإلا فيندب للمولود. وفي حاشية البحر الرملي: رأيت في كتب الشافعية أنه قد يسن الأذان لغير الصلاة، كما في أذان المولود، والمهموم، والمصروع، والغضبان، ومن ساء خلقه من إنسان أو بهيمة، وعند مزدحم الجيش، وعند الحريق، قيل: وعند إنزال الميت القبر؛ قياسًا على أول خروجه للدنيا، لكن رده ابن حجر في شرح العباب، وعند تغول الغيلان: أي عند تمرد الجن لخبر صحيح فيه. أقول: ولا بعد فيه عندنا. اهـ. أي لأن ما صح فيه الخبر بلا معارض فهو مذهب للمجتهد وإن لم ينص عليه، لما قدمناه في الخطبة عن الحافظ ابن عبد البر والعارف الشعراني عن كل من الأئمة الأربعة أنه قال: إذا صح الحديث فهو مذهبي، على أنه في فضائل الأعمال يجوز العمل بالحديث الضعيف كما مر أول كتاب الطهارة، هذا، وزاد ابن حجر في التحفة الأذان والإقامة خلف المسافر. قال المدني: أقول وزاد في شرعة الإسلام لمن ضل الطريق في أرض قفر: أي خالية من الناس. وقال المنلا علي في شرح المشكاة قالوا: يسن للمهموم أن يأمر غيره أن يؤذن في أذانه فإنه يزيل الهم، كذا عن علي - رضي الله عنه - ونقل الأحاديث الواردة في ذلك فراجعه. اهـ"". فقط و الله أعلم</span></p></p><hr class=""big-hr""/><div class=""col-sm-6 col-md-6""><p class=""question_heading"" style=""color:#73161f"">فتوی نمبر : <a id=""fatwa_number"">144107201180</a></p></div><div class=""col-sm-6 col-md-6""><p style=""color:#73161f"">دارالافتاء :
                                جامعہ علوم اسلامیہ علامہ محمد یوسف بنوری ٹاؤن</p></div><hr class=""big-hr""/><div class=""col-sm-4 col-md-4""><div class=""tag""><a href=""https://www.banuri.edu.pk/questions/kitab/salat""><i class=""icon-docs-bold""></i> نماز</a></div></div><div class=""col-sm-4 col-md-4""><div class=""tag""><a href=""https://www.banuri.edu.pk/questions/bab/azan""><i class=""icon-docs-bold""></i> اذان</a></div></div><div class=""col-sm-4 col-md-4""><div class=""tag""><a href=""https://www.banuri.edu.pk/questions/fasal/azan-o-iqamat""><i class=""icon-docs-bold""></i> اذان و اقامت</a></div></div></div>"
https://www.banuri.edu.pk/readquestion/مسجد-میں-دائیں-طرف-اذان-دی-جائے-یا-بائیں-طرف-144105200235/04-01-2020,مسجد میں دائیں طرف اذان دی جائے یا بائیں طرف؟,"<p><p style=""text-align:justify;"">اذان بائیں طرف یا داہنی طرف کہنا اولٰی ہے؟  اکثر لوگ بائیں طرف کہتے ہیں، اور حضرت تھانویؒ  نے ’’اغلاط العوام‘‘ میں صفحہ نمبر ۵۲ پر لکھا ہے کہ اس کی کوئی اصل شریعت میں نہیں ہے، ایک عالم بائیں طرف کو ترجیح دیتے ہیں!</p></p>","<p><p style=""text-align:justify;"">واضح رہے کہ پنج وقتہ  نمازوں  کی اذان کے لیے مسجد کے اندر یا مسجد سے باہر  دائیں یا بائیں جانب کی کوئی تخصیص شریعت میں نہیں ہے، اگر کوئی عالم بائیں طرف کو ترجیح دیتے ہیں تو اس کی وجہ ان ہی سے معلوم کر لی جائے۔</p><p style=""text-align:justify;"">البتہ جمعے کی اذانِ ثانی منبر (خطیب) کے سامنے کہنا سنت ہے۔ فقط واللہ اعلم</p></p><hr class=""big-hr""/>",04-01-2020,144105200235,banuri.edu.pk,نماز,اذان,اذان و اقامت,"<div class=""col-md-12 sawal-jawab""><h3 class=""question_heading"">سوال</h3><p><p style=""text-align:justify;"">اذان بائیں طرف یا داہنی طرف کہنا اولٰی ہے؟  اکثر لوگ بائیں طرف کہتے ہیں، اور حضرت تھانویؒ  نے ’’اغلاط العوام‘‘ میں صفحہ نمبر ۵۲ پر لکھا ہے کہ اس کی کوئی اصل شریعت میں نہیں ہے، ایک عالم بائیں طرف کو ترجیح دیتے ہیں!</p></p><h4 class=""question_heading"">جواب</h4><p><p style=""text-align:justify;"">واضح رہے کہ پنج وقتہ  نمازوں  کی اذان کے لیے مسجد کے اندر یا مسجد سے باہر  دائیں یا بائیں جانب کی کوئی تخصیص شریعت میں نہیں ہے، اگر کوئی عالم بائیں طرف کو ترجیح دیتے ہیں تو اس کی وجہ ان ہی سے معلوم کر لی جائے۔</p><p style=""text-align:justify;"">البتہ جمعے کی اذانِ ثانی منبر (خطیب) کے سامنے کہنا سنت ہے۔ فقط واللہ اعلم</p></p><hr class=""big-hr""/><div class=""col-sm-6 col-md-6""><p class=""question_heading"" style=""color:#73161f"">فتوی نمبر : <a id=""fatwa_number"">144105200235</a></p></div><div class=""col-sm-6 col-md-6""><p style=""color:#73161f"">دارالافتاء :
                                جامعہ علوم اسلامیہ علامہ محمد یوسف بنوری ٹاؤن</p></div><hr class=""big-hr""/><div class=""col-sm-4 col-md-4""><div class=""tag""><a href=""https://www.banuri.edu.pk/questions/kitab/salat""><i class=""icon-docs-bold""></i> نماز</a></div></div><div class=""col-sm-4 col-md-4""><div class=""tag""><a href=""https://www.banuri.edu.pk/questions/bab/azan""><i class=""icon-docs-bold""></i> اذان</a></div></div><div class=""col-sm-4 col-md-4""><div class=""tag""><a href=""https://www.banuri.edu.pk/questions/fasal/azan-o-iqamat""><i class=""icon-docs-bold""></i> اذان و اقامت</a></div></div></div>"
